PE UV       SUBTECH     SPECTRUM    ASCII       PEDS        4.00        
   -1
CICIMAUCR0141-3.Sample.ASC
24/04/04
11:43:11.00
24/04/04
11:43:11.00
Vinicio Soto Monge
C. kalinini
250,000000
1
Lambda 1050
1050L1511233
PerkinElmer UV WinLab 6.3.2.0749 / 2.02.05 Lambda 900 UV/VIS/NIR, Aug  7 2015 09:38:08

0
0
3350/servo 860,8/2
0
0
UV/VIS
1
1
1
DoubleDePol,CommonBeamDepol,RBeamAtt,SBeamAtt,60mm sphere, WB InGaAs Detector
0
0
0
0
Program
Program
3350/servo 860,8/2
3350/0,2 860,8/0,2
3350/0,2 860,8/0,2
0
15.00
 
 
 
0
 
860,8
319,2
860,8
Front
100
on
S:100 R:100
0
0
0
0
 
0
 
 
 
0
 
 
0
0
0
0
0
 
 
 
 
0
0


0
0
#HDR
-1
-1
#GR
nm
%R
1.0
0.0
2500,000000
-1,000000
2251
8
77,545500
5,529700
#DATA
250.000000	2250.000000	6.267400
251.000000	2249.000000	6.233000
252.000000	2248.000000	6.253700
253.000000	2247.000000	6.211833
254.000000	2246.000000	6.176833
255.000000	2245.000000	6.180200
256.000000	2244.000000	6.188533
257.000000	2243.000000	6.160600
258.000000	2242.000000	6.154300
259.000000	2241.000000	6.133600
260.000000	2240.000000	6.113733
261.000000	2239.000000	6.102100
262.000000	2238.000000	6.048933
263.000000	2237.000000	6.036767
264.000000	2236.000000	6.039200
265.000000	2235.000000	6.027067
266.000000	2234.000000	6.003467
267.000000	2233.000000	5.983900
268.000000	2232.000000	5.965167
269.000000	2231.000000	5.914567
270.000000	2230.000000	5.901833
271.000000	2229.000000	5.899900
272.000000	2228.000000	5.879867
273.000000	2227.000000	5.915867
274.000000	2226.000000	5.894800
275.000000	2225.000000	5.856367
276.000000	2224.000000	5.867333
277.000000	2223.000000	5.876333
278.000000	2222.000000	5.839333
279.000000	2221.000000	5.857100
280.000000	2220.000000	5.838767
281.000000	2219.000000	5.823733
282.000000	2218.000000	5.797033
283.000000	2217.000000	5.829800
284.000000	2216.000000	5.815133
285.000000	2215.000000	5.789933
286.000000	2214.000000	5.809333
287.000000	2213.000000	5.805233
288.000000	2212.000000	5.813167
289.000000	2211.000000	5.757733
290.000000	2210.000000	5.769467
291.000000	2209.000000	5.789067
292.000000	2208.000000	5.772800
293.000000	2207.000000	5.780300
294.000000	2206.000000	5.787267
295.000000	2205.000000	5.777700
296.000000	2204.000000	5.746333
297.000000	2203.000000	5.728300
298.000000	2202.000000	5.748900
299.000000	2201.000000	5.716133
300.000000	2200.000000	5.745600
301.000000	2199.000000	5.695600
302.000000	2198.000000	5.716900
303.000000	2197.000000	5.730833
304.000000	2196.000000	5.727900
305.000000	2195.000000	5.685833
306.000000	2194.000000	5.728033
307.000000	2193.000000	5.668533
308.000000	2192.000000	5.671233
309.000000	2191.000000	5.701467
310.000000	2190.000000	5.666733
311.000000	2189.000000	5.668367
312.000000	2188.000000	5.630600
313.000000	2187.000000	5.647033
314.000000	2186.000000	5.673200
315.000000	2185.000000	5.641267
316.000000	2184.000000	5.679333
317.000000	2183.000000	5.940933
318.000000	2182.000000	6.002400
319.000000	2181.000000	5.925100
320.000000	2180.000000	5.911133
321.000000	2179.000000	6.027700
322.000000	2178.000000	5.956167
323.000000	2177.000000	5.810433
324.000000	2176.000000	5.931000
325.000000	2175.000000	5.961767
326.000000	2174.000000	5.839233
327.000000	2173.000000	5.811900
328.000000	2172.000000	5.666233
329.000000	2171.000000	5.804400
330.000000	2170.000000	5.674133
331.000000	2169.000000	5.710867
332.000000	2168.000000	5.654267
333.000000	2167.000000	5.669267
334.000000	2166.000000	5.668067
335.000000	2165.000000	5.727367
336.000000	2164.000000	5.704033
337.000000	2163.000000	5.751500
338.000000	2162.000000	5.672100
339.000000	2161.000000	5.685733
340.000000	2160.000000	5.725700
341.000000	2159.000000	5.678833
342.000000	2158.000000	5.741200
343.000000	2157.000000	5.699833
344.000000	2156.000000	5.666367
345.000000	2155.000000	5.697500
346.000000	2154.000000	5.694567
347.000000	2153.000000	5.729933
348.000000	2152.000000	5.725500
349.000000	2151.000000	5.653400
350.000000	2150.000000	5.684267
351.000000	2149.000000	5.664200
352.000000	2148.000000	5.750533
353.000000	2147.000000	5.806367
354.000000	2146.000000	5.735567
355.000000	2145.000000	5.712400
356.000000	2144.000000	5.736800
357.000000	2143.000000	5.711033
358.000000	2142.000000	5.737300
359.000000	2141.000000	5.723633
360.000000	2140.000000	5.739733
361.000000	2139.000000	5.737833
362.000000	2138.000000	5.714167
363.000000	2137.000000	5.773567
364.000000	2136.000000	5.789600
365.000000	2135.000000	5.780200
366.000000	2134.000000	5.757000
367.000000	2133.000000	5.735600
368.000000	2132.000000	5.794100
369.000000	2131.000000	5.755533
370.000000	2130.000000	5.717033
371.000000	2129.000000	5.775900
372.000000	2128.000000	5.763667
373.000000	2127.000000	5.727767
374.000000	2126.000000	5.691367
375.000000	2125.000000	5.785467
376.000000	2124.000000	5.929300
377.000000	2123.000000	5.830667
378.000000	2122.000000	5.844933
379.000000	2121.000000	5.861633
380.000000	2120.000000	5.877000
381.000000	2119.000000	5.909000
382.000000	2118.000000	5.928767
383.000000	2117.000000	5.947967
384.000000	2116.000000	5.970133
385.000000	2115.000000	5.990067
386.000000	2114.000000	6.017567
387.000000	2113.000000	6.043900
388.000000	2112.000000	6.071100
389.000000	2111.000000	6.098333
390.000000	2110.000000	6.127200
391.000000	2109.000000	6.161267
392.000000	2108.000000	6.193767
393.000000	2107.000000	6.233200
394.000000	2106.000000	6.280300
395.000000	2105.000000	6.325733
396.000000	2104.000000	6.369033
397.000000	2103.000000	6.419367
398.000000	2102.000000	6.480000
399.000000	2101.000000	6.539800
400.000000	2100.000000	6.602433
401.000000	2099.000000	6.680600
402.000000	2098.000000	6.755867
403.000000	2097.000000	6.840967
404.000000	2096.000000	6.938900
405.000000	2095.000000	7.038200
406.000000	2094.000000	7.154600
407.000000	2093.000000	7.283467
408.000000	2092.000000	7.415833
409.000000	2091.000000	7.552167
410.000000	2090.000000	7.695267
411.000000	2089.000000	7.859733
412.000000	2088.000000	8.043300
413.000000	2087.000000	8.242567
414.000000	2086.000000	8.457733
415.000000	2085.000000	8.683233
416.000000	2084.000000	8.918133
417.000000	2083.000000	9.173833
418.000000	2082.000000	9.452067
419.000000	2081.000000	9.740167
420.000000	2080.000000	10.041100
421.000000	2079.000000	10.358400
422.000000	2078.000000	10.703567
423.000000	2077.000000	11.063200
424.000000	2076.000000	11.430367
425.000000	2075.000000	11.808467
426.000000	2074.000000	12.203567
427.000000	2073.000000	12.602500
428.000000	2072.000000	13.002500
429.000000	2071.000000	13.420900
430.000000	2070.000000	13.846900
431.000000	2069.000000	14.271767
432.000000	2068.000000	14.703667
433.000000	2067.000000	15.136467
434.000000	2066.000000	15.565667
435.000000	2065.000000	15.990333
436.000000	2064.000000	16.413467
437.000000	2063.000000	16.822867
438.000000	2062.000000	17.216900
439.000000	2061.000000	17.612067
440.000000	2060.000000	17.995267
441.000000	2059.000000	18.367233
442.000000	2058.000000	18.740800
443.000000	2057.000000	19.103700
444.000000	2056.000000	19.455467
445.000000	2055.000000	19.789467
446.000000	2054.000000	20.100200
447.000000	2053.000000	20.403500
448.000000	2052.000000	20.688300
449.000000	2051.000000	20.969367
450.000000	2050.000000	21.238267
451.000000	2049.000000	21.501100
452.000000	2048.000000	21.755567
453.000000	2047.000000	22.001067
454.000000	2046.000000	22.238200
455.000000	2045.000000	22.454467
456.000000	2044.000000	22.653633
457.000000	2043.000000	22.848833
458.000000	2042.000000	23.032367
459.000000	2041.000000	23.198033
460.000000	2040.000000	23.355167
461.000000	2039.000000	23.499700
462.000000	2038.000000	23.638067
463.000000	2037.000000	23.770100
464.000000	2036.000000	23.885000
465.000000	2035.000000	23.987567
466.000000	2034.000000	24.075600
467.000000	2033.000000	24.152167
468.000000	2032.000000	24.222433
469.000000	2031.000000	24.271733
470.000000	2030.000000	24.295367
471.000000	2029.000000	24.312700
472.000000	2028.000000	24.328500
473.000000	2027.000000	24.318233
474.000000	2026.000000	24.292833
475.000000	2025.000000	24.250233
476.000000	2024.000000	24.186933
477.000000	2023.000000	24.117400
478.000000	2022.000000	24.018533
479.000000	2021.000000	23.912900
480.000000	2020.000000	23.796433
481.000000	2019.000000	23.668300
482.000000	2018.000000	23.529367
483.000000	2017.000000	23.373867
484.000000	2016.000000	23.190700
485.000000	2015.000000	22.999767
486.000000	2014.000000	22.808167
487.000000	2013.000000	22.606100
488.000000	2012.000000	22.413900
489.000000	2011.000000	22.228133
490.000000	2010.000000	22.064033
491.000000	2009.000000	21.909567
492.000000	2008.000000	21.773700
493.000000	2007.000000	21.676967
494.000000	2006.000000	21.614433
495.000000	2005.000000	21.575700
496.000000	2004.000000	21.579567
497.000000	2003.000000	21.626967
498.000000	2002.000000	21.708900
499.000000	2001.000000	21.836567
500.000000	2000.000000	22.001500
501.000000	1999.000000	22.207133
502.000000	1998.000000	22.474133
503.000000	1997.000000	22.760033
504.000000	1996.000000	23.090700
505.000000	1995.000000	23.453367
506.000000	1994.000000	23.850300
507.000000	1993.000000	24.271533
508.000000	1992.000000	24.703533
509.000000	1991.000000	25.165233
510.000000	1990.000000	25.656500
511.000000	1989.000000	26.125367
512.000000	1988.000000	26.592200
513.000000	1987.000000	27.066300
514.000000	1986.000000	27.547833
515.000000	1985.000000	28.024033
516.000000	1984.000000	28.499267
517.000000	1983.000000	28.982700
518.000000	1982.000000	29.457967
519.000000	1981.000000	29.933333
520.000000	1980.000000	30.430167
521.000000	1979.000000	30.927900
522.000000	1978.000000	31.456767
523.000000	1977.000000	31.983433
524.000000	1976.000000	32.530967
525.000000	1975.000000	33.095467
526.000000	1974.000000	33.671100
527.000000	1973.000000	34.266900
528.000000	1972.000000	34.871333
529.000000	1971.000000	35.507700
530.000000	1970.000000	36.168933
531.000000	1969.000000	36.855233
532.000000	1968.000000	37.569600
533.000000	1967.000000	38.315633
534.000000	1966.000000	39.072200
535.000000	1965.000000	39.852833
536.000000	1964.000000	40.625700
537.000000	1963.000000	41.404367
538.000000	1962.000000	42.184000
539.000000	1961.000000	42.978800
540.000000	1960.000000	43.778467
541.000000	1959.000000	44.585933
542.000000	1958.000000	45.360667
543.000000	1957.000000	46.162367
544.000000	1956.000000	46.926700
545.000000	1955.000000	47.715000
546.000000	1954.000000	48.455633
547.000000	1953.000000	49.205133
548.000000	1952.000000	49.929767
549.000000	1951.000000	50.644667
550.000000	1950.000000	51.369800
551.000000	1949.000000	52.075833
552.000000	1948.000000	52.768767
553.000000	1947.000000	53.429267
554.000000	1946.000000	54.099000
555.000000	1945.000000	54.727600
556.000000	1944.000000	55.336633
557.000000	1943.000000	55.942633
558.000000	1942.000000	56.474033
559.000000	1941.000000	56.987600
560.000000	1940.000000	57.496267
561.000000	1939.000000	57.982167
562.000000	1938.000000	58.414433
563.000000	1937.000000	58.854867
564.000000	1936.000000	59.250667
565.000000	1935.000000	59.640367
566.000000	1934.000000	60.009433
567.000000	1933.000000	60.341433
568.000000	1932.000000	60.614900
569.000000	1931.000000	60.857000
570.000000	1930.000000	61.070900
571.000000	1929.000000	61.314200
572.000000	1928.000000	61.520067
573.000000	1927.000000	61.715700
574.000000	1926.000000	61.943633
575.000000	1925.000000	62.146433
576.000000	1924.000000	62.328367
577.000000	1923.000000	62.507933
578.000000	1922.000000	62.678733
579.000000	1921.000000	62.800300
580.000000	1920.000000	62.903467
581.000000	1919.000000	63.001867
582.000000	1918.000000	63.116167
583.000000	1917.000000	63.191067
584.000000	1916.000000	63.276900
585.000000	1915.000000	63.394367
586.000000	1914.000000	63.459100
587.000000	1913.000000	63.516933
588.000000	1912.000000	63.533300
589.000000	1911.000000	63.504133
590.000000	1910.000000	63.451067
591.000000	1909.000000	63.354133
592.000000	1908.000000	63.214767
593.000000	1907.000000	63.069400
594.000000	1906.000000	62.897967
595.000000	1905.000000	62.697933
596.000000	1904.000000	62.507100
597.000000	1903.000000	62.339967
598.000000	1902.000000	62.133467
599.000000	1901.000000	61.897900
600.000000	1900.000000	61.629367
601.000000	1899.000000	61.363767
602.000000	1898.000000	61.053767
603.000000	1897.000000	60.696133
604.000000	1896.000000	60.291967
605.000000	1895.000000	59.921367
606.000000	1894.000000	59.523700
607.000000	1893.000000	59.132933
608.000000	1892.000000	58.762200
609.000000	1891.000000	58.377900
610.000000	1890.000000	57.969833
611.000000	1889.000000	57.555333
612.000000	1888.000000	57.202367
613.000000	1887.000000	56.767533
614.000000	1886.000000	56.335033
615.000000	1885.000000	55.860267
616.000000	1884.000000	55.401267
617.000000	1883.000000	54.916933
618.000000	1882.000000	54.399133
619.000000	1881.000000	53.880900
620.000000	1880.000000	53.339533
621.000000	1879.000000	52.799200
622.000000	1878.000000	52.251200
623.000000	1877.000000	51.723167
624.000000	1876.000000	51.214500
625.000000	1875.000000	50.706033
626.000000	1874.000000	50.240000
627.000000	1873.000000	49.756533
628.000000	1872.000000	49.332900
629.000000	1871.000000	48.928567
630.000000	1870.000000	48.557267
631.000000	1869.000000	48.207333
632.000000	1868.000000	47.943533
633.000000	1867.000000	47.677900
634.000000	1866.000000	47.459167
635.000000	1865.000000	47.278267
636.000000	1864.000000	47.119633
637.000000	1863.000000	46.940767
638.000000	1862.000000	46.814833
639.000000	1861.000000	46.716500
640.000000	1860.000000	46.631467
641.000000	1859.000000	46.553033
642.000000	1858.000000	46.497900
643.000000	1857.000000	46.439033
644.000000	1856.000000	46.408833
645.000000	1855.000000	46.418500
646.000000	1854.000000	46.453500
647.000000	1853.000000	46.541633
648.000000	1852.000000	46.651933
649.000000	1851.000000	46.789967
650.000000	1850.000000	46.979467
651.000000	1849.000000	47.217033
652.000000	1848.000000	47.503200
653.000000	1847.000000	47.769133
654.000000	1846.000000	48.030500
655.000000	1845.000000	48.292600
656.000000	1844.000000	48.534867
657.000000	1843.000000	48.761233
658.000000	1842.000000	48.930567
659.000000	1841.000000	49.059267
660.000000	1840.000000	49.151900
661.000000	1839.000000	49.172033
662.000000	1838.000000	49.179100
663.000000	1837.000000	49.153433
664.000000	1836.000000	49.094500
665.000000	1835.000000	49.039600
666.000000	1834.000000	48.956867
667.000000	1833.000000	48.907400
668.000000	1832.000000	48.870767
669.000000	1831.000000	48.853833
670.000000	1830.000000	48.853033
671.000000	1829.000000	48.897867
672.000000	1828.000000	48.974467
673.000000	1827.000000	49.069000
674.000000	1826.000000	49.218033
675.000000	1825.000000	49.351467
676.000000	1824.000000	49.541700
677.000000	1823.000000	49.745233
678.000000	1822.000000	49.958033
679.000000	1821.000000	50.199133
680.000000	1820.000000	50.456367
681.000000	1819.000000	50.756033
682.000000	1818.000000	51.031533
683.000000	1817.000000	51.304800
684.000000	1816.000000	51.594567
685.000000	1815.000000	51.925767
686.000000	1814.000000	52.259267
687.000000	1813.000000	52.610900
688.000000	1812.000000	52.997267
689.000000	1811.000000	53.380567
690.000000	1810.000000	53.795200
691.000000	1809.000000	54.244000
692.000000	1808.000000	54.714967
693.000000	1807.000000	55.149033
694.000000	1806.000000	55.612100
695.000000	1805.000000	56.101767
696.000000	1804.000000	56.546067
697.000000	1803.000000	57.000300
698.000000	1802.000000	57.456000
699.000000	1801.000000	57.882267
700.000000	1800.000000	58.305100
701.000000	1799.000000	58.705400
702.000000	1798.000000	59.077100
703.000000	1797.000000	59.424767
704.000000	1796.000000	59.732533
705.000000	1795.000000	60.024433
706.000000	1794.000000	60.276600
707.000000	1793.000000	60.478700
708.000000	1792.000000	60.711867
709.000000	1791.000000	60.933767
710.000000	1790.000000	61.146933
711.000000	1789.000000	61.347133
712.000000	1788.000000	61.517067
713.000000	1787.000000	61.694267
714.000000	1786.000000	61.870200
715.000000	1785.000000	62.029500
716.000000	1784.000000	62.193467
717.000000	1783.000000	62.379700
718.000000	1782.000000	62.548300
719.000000	1781.000000	62.722667
720.000000	1780.000000	62.892633
721.000000	1779.000000	63.119233
722.000000	1778.000000	63.341567
723.000000	1777.000000	63.525833
724.000000	1776.000000	63.750467
725.000000	1775.000000	63.984800
726.000000	1774.000000	64.272867
727.000000	1773.000000	64.564367
728.000000	1772.000000	64.847200
729.000000	1771.000000	65.151433
730.000000	1770.000000	65.447100
731.000000	1769.000000	65.777600
732.000000	1768.000000	66.164600
733.000000	1767.000000	66.563967
734.000000	1766.000000	66.909200
735.000000	1765.000000	67.258133
736.000000	1764.000000	67.661533
737.000000	1763.000000	68.040667
738.000000	1762.000000	68.433633
739.000000	1761.000000	68.873133
740.000000	1760.000000	69.274567
741.000000	1759.000000	69.633267
742.000000	1758.000000	70.020467
743.000000	1757.000000	70.393000
744.000000	1756.000000	70.805767
745.000000	1755.000000	71.197533
746.000000	1754.000000	71.522967
747.000000	1753.000000	71.836967
748.000000	1752.000000	72.132733
749.000000	1751.000000	72.449100
750.000000	1750.000000	72.740000
751.000000	1749.000000	73.004600
752.000000	1748.000000	73.297100
753.000000	1747.000000	73.600367
754.000000	1746.000000	73.884733
755.000000	1745.000000	74.108533
756.000000	1744.000000	74.341400
757.000000	1743.000000	74.566700
758.000000	1742.000000	74.817700
759.000000	1741.000000	75.092833
760.000000	1740.000000	75.319267
761.000000	1739.000000	75.546067
762.000000	1738.000000	75.756667
763.000000	1737.000000	75.985433
764.000000	1736.000000	76.229567
765.000000	1735.000000	76.395600
766.000000	1734.000000	76.541367
767.000000	1733.000000	76.688900
768.000000	1732.000000	76.793433
769.000000	1731.000000	76.918467
770.000000	1730.000000	77.032100
771.000000	1729.000000	77.147667
772.000000	1728.000000	77.221467
773.000000	1727.000000	77.231533
774.000000	1726.000000	77.223967
775.000000	1725.000000	77.312200
776.000000	1724.000000	77.410067
777.000000	1723.000000	77.437000
778.000000	1722.000000	77.452067
779.000000	1721.000000	77.467667
780.000000	1720.000000	77.534167
781.000000	1719.000000	77.534233
782.000000	1718.000000	77.502133
783.000000	1717.000000	77.402800
784.000000	1716.000000	77.415567
785.000000	1715.000000	77.416567
786.000000	1714.000000	77.293800
787.000000	1713.000000	77.235767
788.000000	1712.000000	77.190000
789.000000	1711.000000	77.158967
790.000000	1710.000000	77.044533
791.000000	1709.000000	76.880600
792.000000	1708.000000	76.849500
793.000000	1707.000000	76.775167
794.000000	1706.000000	76.667167
795.000000	1705.000000	76.601700
796.000000	1704.000000	76.530600
797.000000	1703.000000	76.450700
798.000000	1702.000000	76.356033
799.000000	1701.000000	76.287633
800.000000	1700.000000	76.274867
801.000000	1699.000000	76.241000
802.000000	1698.000000	76.219533
803.000000	1697.000000	76.142600
804.000000	1696.000000	76.092600
805.000000	1695.000000	76.014533
806.000000	1694.000000	76.030533
807.000000	1693.000000	75.976500
808.000000	1692.000000	75.839600
809.000000	1691.000000	75.737867
810.000000	1690.000000	75.724767
811.000000	1689.000000	75.787667
812.000000	1688.000000	75.732000
813.000000	1687.000000	75.694600
814.000000	1686.000000	75.617367
815.000000	1685.000000	75.564467
816.000000	1684.000000	75.484200
817.000000	1683.000000	75.396633
818.000000	1682.000000	75.403467
819.000000	1681.000000	75.454133
820.000000	1680.000000	75.300300
821.000000	1679.000000	75.295667
822.000000	1678.000000	75.232333
823.000000	1677.000000	75.065900
824.000000	1676.000000	75.034967
825.000000	1675.000000	74.865767
826.000000	1674.000000	74.765167
827.000000	1673.000000	74.555033
828.000000	1672.000000	74.494800
829.000000	1671.000000	74.239900
830.000000	1670.000000	73.889367
831.000000	1669.000000	73.837367
832.000000	1668.000000	73.558833
833.000000	1667.000000	73.323600
834.000000	1666.000000	73.086067
835.000000	1665.000000	72.827367
836.000000	1664.000000	72.494800
837.000000	1663.000000	72.217667
838.000000	1662.000000	71.849733
839.000000	1661.000000	71.736967
840.000000	1660.000000	71.248633
841.000000	1659.000000	71.099433
842.000000	1658.000000	70.758867
843.000000	1657.000000	70.436667
844.000000	1656.000000	70.245167
845.000000	1655.000000	69.708300
846.000000	1654.000000	69.387333
847.000000	1653.000000	69.020833
848.000000	1652.000000	68.829700
849.000000	1651.000000	68.375633
850.000000	1650.000000	67.983667
851.000000	1649.000000	67.612633
852.000000	1648.000000	67.125233
853.000000	1647.000000	67.126400
854.000000	1646.000000	66.680733
855.000000	1645.000000	66.335133
856.000000	1644.000000	65.917367
857.000000	1643.000000	65.792133
858.000000	1642.000000	66.014878
859.000000	1641.000000	65.693718
860.000000	1640.000000	65.480290
861.000000	1639.000000	65.299057
862.000000	1638.000000	65.109674
863.000000	1637.000000	64.914308
864.000000	1636.000000	64.702697
865.000000	1635.000000	64.505852
866.000000	1634.000000	64.292292
867.000000	1633.000000	64.086746
868.000000	1632.000000	63.879845
869.000000	1631.000000	63.665485
870.000000	1630.000000	63.463164
871.000000	1629.000000	63.275610
872.000000	1628.000000	63.081395
873.000000	1627.000000	62.906808
874.000000	1626.000000	62.720518
875.000000	1625.000000	62.558417
876.000000	1624.000000	62.390594
877.000000	1623.000000	62.225927
878.000000	1622.000000	62.076985
879.000000	1621.000000	61.924756
880.000000	1620.000000	61.791202
881.000000	1619.000000	61.645809
882.000000	1618.000000	61.499027
883.000000	1617.000000	61.366004
884.000000	1616.000000	61.230720
885.000000	1615.000000	61.113460
886.000000	1614.000000	60.992421
887.000000	1613.000000	60.865808
888.000000	1612.000000	60.743731
889.000000	1611.000000	60.614599
890.000000	1610.000000	60.492589
891.000000	1609.000000	60.380351
892.000000	1608.000000	60.268955
893.000000	1607.000000	60.165844
894.000000	1606.000000	60.066796
895.000000	1605.000000	59.962154
896.000000	1604.000000	59.860410
897.000000	1603.000000	59.767319
898.000000	1602.000000	59.671253
899.000000	1601.000000	59.567689
900.000000	1600.000000	59.488047
901.000000	1599.000000	59.389585
902.000000	1598.000000	59.297789
903.000000	1597.000000	59.194254
904.000000	1596.000000	59.101055
905.000000	1595.000000	58.993519
906.000000	1594.000000	58.894413
907.000000	1593.000000	58.801636
908.000000	1592.000000	58.691489
909.000000	1591.000000	58.586362
910.000000	1590.000000	58.455522
911.000000	1589.000000	58.368081
912.000000	1588.000000	58.249639
913.000000	1587.000000	58.148309
914.000000	1586.000000	58.041856
915.000000	1585.000000	57.928150
916.000000	1584.000000	57.826143
917.000000	1583.000000	57.691036
918.000000	1582.000000	57.603479
919.000000	1581.000000	57.483180
920.000000	1580.000000	57.373359
921.000000	1579.000000	57.244114
922.000000	1578.000000	57.124647
923.000000	1577.000000	56.992127
924.000000	1576.000000	56.870110
925.000000	1575.000000	56.762968
926.000000	1574.000000	56.619796
927.000000	1573.000000	56.487625
928.000000	1572.000000	56.373471
929.000000	1571.000000	56.240654
930.000000	1570.000000	56.110346
931.000000	1569.000000	55.988713
932.000000	1568.000000	55.874072
933.000000	1567.000000	55.745197
934.000000	1566.000000	55.622612
935.000000	1565.000000	55.498608
936.000000	1564.000000	55.377353
937.000000	1563.000000	55.241887
938.000000	1562.000000	55.124697
939.000000	1561.000000	54.997524
940.000000	1560.000000	54.871256
941.000000	1559.000000	54.763224
942.000000	1558.000000	54.660783
943.000000	1557.000000	54.542278
944.000000	1556.000000	54.418568
945.000000	1555.000000	54.316113
946.000000	1554.000000	54.204840
947.000000	1553.000000	54.103671
948.000000	1552.000000	54.002559
949.000000	1551.000000	53.906398
950.000000	1550.000000	53.812887
951.000000	1549.000000	53.699265
952.000000	1548.000000	53.601002
953.000000	1547.000000	53.513703
954.000000	1546.000000	53.425979
955.000000	1545.000000	53.328820
956.000000	1544.000000	53.224901
957.000000	1543.000000	53.135226
958.000000	1542.000000	53.053422
959.000000	1541.000000	52.954060
960.000000	1540.000000	52.858682
961.000000	1539.000000	52.762561
962.000000	1538.000000	52.664316
963.000000	1537.000000	52.566809
964.000000	1536.000000	52.462908
965.000000	1535.000000	52.361984
966.000000	1534.000000	52.268834
967.000000	1533.000000	52.160688
968.000000	1532.000000	52.068641
969.000000	1531.000000	51.966181
970.000000	1530.000000	51.870149
971.000000	1529.000000	51.776726
972.000000	1528.000000	51.684106
973.000000	1527.000000	51.593905
974.000000	1526.000000	51.511786
975.000000	1525.000000	51.425533
976.000000	1524.000000	51.334202
977.000000	1523.000000	51.256302
978.000000	1522.000000	51.172606
979.000000	1521.000000	51.096665
980.000000	1520.000000	51.012582
981.000000	1519.000000	50.937877
982.000000	1518.000000	50.869396
983.000000	1517.000000	50.800092
984.000000	1516.000000	50.732788
985.000000	1515.000000	50.669914
986.000000	1514.000000	50.608210
987.000000	1513.000000	50.557490
988.000000	1512.000000	50.506724
989.000000	1511.000000	50.459029
990.000000	1510.000000	50.419818
991.000000	1509.000000	50.378381
992.000000	1508.000000	50.332313
993.000000	1507.000000	50.297709
994.000000	1506.000000	50.263357
995.000000	1505.000000	50.230243
996.000000	1504.000000	50.201605
997.000000	1503.000000	50.170292
998.000000	1502.000000	50.141647
999.000000	1501.000000	50.118926
1000.000000	1500.000000	50.100248
1001.000000	1499.000000	50.078066
1002.000000	1498.000000	50.052180
1003.000000	1497.000000	50.030399
1004.000000	1496.000000	50.013022
1005.000000	1495.000000	50.003463
1006.000000	1494.000000	50.000403
1007.000000	1493.000000	49.987045
1008.000000	1492.000000	49.973112
1009.000000	1491.000000	49.971180
1010.000000	1490.000000	49.966605
1011.000000	1489.000000	49.960402
1012.000000	1488.000000	49.968076
1013.000000	1487.000000	49.977779
1014.000000	1486.000000	49.979756
1015.000000	1485.000000	49.981047
1016.000000	1484.000000	49.977087
1017.000000	1483.000000	49.978131
1018.000000	1482.000000	49.990624
1019.000000	1481.000000	50.005155
1020.000000	1480.000000	50.011901
1021.000000	1479.000000	50.016528
1022.000000	1478.000000	50.037640
1023.000000	1477.000000	50.062281
1024.000000	1476.000000	50.088336
1025.000000	1475.000000	50.116089
1026.000000	1474.000000	50.137552
1027.000000	1473.000000	50.170309
1028.000000	1472.000000	50.204264
1029.000000	1471.000000	50.229090
1030.000000	1470.000000	50.262361
1031.000000	1469.000000	50.305023
1032.000000	1468.000000	50.341353
1033.000000	1467.000000	50.369859
1034.000000	1466.000000	50.403122
1035.000000	1465.000000	50.442217
1036.000000	1464.000000	50.483099
1037.000000	1463.000000	50.520105
1038.000000	1462.000000	50.555540
1039.000000	1461.000000	50.590906
1040.000000	1460.000000	50.630162
1041.000000	1459.000000	50.674442
1042.000000	1458.000000	50.718876
1043.000000	1457.000000	50.763141
1044.000000	1456.000000	50.804518
1045.000000	1455.000000	50.853983
1046.000000	1454.000000	50.906661
1047.000000	1453.000000	50.950412
1048.000000	1452.000000	50.991411
1049.000000	1451.000000	51.043672
1050.000000	1450.000000	51.097273
1051.000000	1449.000000	51.149428
1052.000000	1448.000000	51.205704
1053.000000	1447.000000	51.259157
1054.000000	1446.000000	51.312039
1055.000000	1445.000000	51.372743
1056.000000	1444.000000	51.432356
1057.000000	1443.000000	51.489421
1058.000000	1442.000000	51.551049
1059.000000	1441.000000	51.610541
1060.000000	1440.000000	51.661868
1061.000000	1439.000000	51.715669
1062.000000	1438.000000	51.779046
1063.000000	1437.000000	51.847239
1064.000000	1436.000000	51.914905
1065.000000	1435.000000	51.979485
1066.000000	1434.000000	52.042406
1067.000000	1433.000000	52.105435
1068.000000	1432.000000	52.167113
1069.000000	1431.000000	52.235590
1070.000000	1430.000000	52.304450
1071.000000	1429.000000	52.371887
1072.000000	1428.000000	52.429934
1073.000000	1427.000000	52.494329
1074.000000	1426.000000	52.566716
1075.000000	1425.000000	52.626577
1076.000000	1424.000000	52.685863
1077.000000	1423.000000	52.748592
1078.000000	1422.000000	52.815764
1079.000000	1421.000000	52.871806
1080.000000	1420.000000	52.937868
1081.000000	1419.000000	53.002859
1082.000000	1418.000000	53.048301
1083.000000	1417.000000	53.110196
1084.000000	1416.000000	53.169772
1085.000000	1415.000000	53.226039
1086.000000	1414.000000	53.285487
1087.000000	1413.000000	53.334516
1088.000000	1412.000000	53.394198
1089.000000	1411.000000	53.445342
1090.000000	1410.000000	53.498668
1091.000000	1409.000000	53.555242
1092.000000	1408.000000	53.602439
1093.000000	1407.000000	53.648921
1094.000000	1406.000000	53.703295
1095.000000	1405.000000	53.761492
1096.000000	1404.000000	53.804800
1097.000000	1403.000000	53.856542
1098.000000	1402.000000	53.916673
1099.000000	1401.000000	53.969466
1100.000000	1400.000000	54.013786
1101.000000	1399.000000	54.071560
1102.000000	1398.000000	54.124187
1103.000000	1397.000000	54.170264
1104.000000	1396.000000	54.215898
1105.000000	1395.000000	54.266238
1106.000000	1394.000000	54.318227
1107.000000	1393.000000	54.362060
1108.000000	1392.000000	54.411423
1109.000000	1391.000000	54.454641
1110.000000	1390.000000	54.507114
1111.000000	1389.000000	54.558085
1112.000000	1388.000000	54.604989
1113.000000	1387.000000	54.660838
1114.000000	1386.000000	54.713479
1115.000000	1385.000000	54.760310
1116.000000	1384.000000	54.810819
1117.000000	1383.000000	54.850530
1118.000000	1382.000000	54.893379
1119.000000	1381.000000	54.934699
1120.000000	1380.000000	54.972135
1121.000000	1379.000000	55.013353
1122.000000	1378.000000	55.040625
1123.000000	1377.000000	55.069862
1124.000000	1376.000000	55.082420
1125.000000	1375.000000	55.072801
1126.000000	1374.000000	55.076482
1127.000000	1373.000000	55.064837
1128.000000	1372.000000	55.043817
1129.000000	1371.000000	55.027261
1130.000000	1370.000000	54.980210
1131.000000	1369.000000	54.929719
1132.000000	1368.000000	54.874948
1133.000000	1367.000000	54.829497
1134.000000	1366.000000	54.810507
1135.000000	1365.000000	54.750625
1136.000000	1364.000000	54.659278
1137.000000	1363.000000	54.563101
1138.000000	1362.000000	54.472986
1139.000000	1361.000000	54.392034
1140.000000	1360.000000	54.321052
1141.000000	1359.000000	54.267417
1142.000000	1358.000000	54.207009
1143.000000	1357.000000	54.153751
1144.000000	1356.000000	54.119119
1145.000000	1355.000000	54.083415
1146.000000	1354.000000	54.040022
1147.000000	1353.000000	54.009808
1148.000000	1352.000000	53.953605
1149.000000	1351.000000	53.916612
1150.000000	1350.000000	53.875240
1151.000000	1349.000000	53.836966
1152.000000	1348.000000	53.802496
1153.000000	1347.000000	53.744046
1154.000000	1346.000000	53.691101
1155.000000	1345.000000	53.624478
1156.000000	1344.000000	53.542506
1157.000000	1343.000000	53.450111
1158.000000	1342.000000	53.357709
1159.000000	1341.000000	53.265192
1160.000000	1340.000000	53.146593
1161.000000	1339.000000	53.035789
1162.000000	1338.000000	52.917987
1163.000000	1337.000000	52.798441
1164.000000	1336.000000	52.685392
1165.000000	1335.000000	52.571709
1166.000000	1334.000000	52.457935
1167.000000	1333.000000	52.342125
1168.000000	1332.000000	52.241208
1169.000000	1331.000000	52.140083
1170.000000	1330.000000	52.064051
1171.000000	1329.000000	51.979699
1172.000000	1328.000000	51.912376
1173.000000	1327.000000	51.852415
1174.000000	1326.000000	51.801168
1175.000000	1325.000000	51.750624
1176.000000	1324.000000	51.704513
1177.000000	1323.000000	51.660639
1178.000000	1322.000000	51.606960
1179.000000	1321.000000	51.549034
1180.000000	1320.000000	51.495506
1181.000000	1319.000000	51.452486
1182.000000	1318.000000	51.400952
1183.000000	1317.000000	51.364578
1184.000000	1316.000000	51.333787
1185.000000	1315.000000	51.314507
1186.000000	1314.000000	51.326486
1187.000000	1313.000000	51.323333
1188.000000	1312.000000	51.342173
1189.000000	1311.000000	51.386500
1190.000000	1310.000000	51.447799
1191.000000	1309.000000	51.506011
1192.000000	1308.000000	51.586444
1193.000000	1307.000000	51.662891
1194.000000	1306.000000	51.753923
1195.000000	1305.000000	51.843966
1196.000000	1304.000000	51.914598
1197.000000	1303.000000	51.987940
1198.000000	1302.000000	52.069822
1199.000000	1301.000000	52.145025
1200.000000	1300.000000	52.216321
1201.000000	1299.000000	52.278759
1202.000000	1298.000000	52.336909
1203.000000	1297.000000	52.415271
1204.000000	1296.000000	52.469992
1205.000000	1295.000000	52.532588
1206.000000	1294.000000	52.604577
1207.000000	1293.000000	52.658316
1208.000000	1292.000000	52.723947
1209.000000	1291.000000	52.785753
1210.000000	1290.000000	52.840058
1211.000000	1289.000000	52.897164
1212.000000	1288.000000	52.960116
1213.000000	1287.000000	53.025080
1214.000000	1286.000000	53.080967
1215.000000	1285.000000	53.133711
1216.000000	1284.000000	53.192998
1217.000000	1283.000000	53.238256
1218.000000	1282.000000	53.288549
1219.000000	1281.000000	53.349551
1220.000000	1280.000000	53.400465
1221.000000	1279.000000	53.454457
1222.000000	1278.000000	53.514319
1223.000000	1277.000000	53.570372
1224.000000	1276.000000	53.626881
1225.000000	1275.000000	53.662823
1226.000000	1274.000000	53.721236
1227.000000	1273.000000	53.769939
1228.000000	1272.000000	53.825323
1229.000000	1271.000000	53.879357
1230.000000	1270.000000	53.928215
1231.000000	1269.000000	53.967919
1232.000000	1268.000000	54.013500
1233.000000	1267.000000	54.053503
1234.000000	1266.000000	54.089425
1235.000000	1265.000000	54.125162
1236.000000	1264.000000	54.162392
1237.000000	1263.000000	54.189991
1238.000000	1262.000000	54.221740
1239.000000	1261.000000	54.259023
1240.000000	1260.000000	54.296844
1241.000000	1259.000000	54.342312
1242.000000	1258.000000	54.388725
1243.000000	1257.000000	54.440214
1244.000000	1256.000000	54.489801
1245.000000	1255.000000	54.541867
1246.000000	1254.000000	54.588407
1247.000000	1253.000000	54.640873
1248.000000	1252.000000	54.699429
1249.000000	1251.000000	54.753084
1250.000000	1250.000000	54.798858
1251.000000	1249.000000	54.834611
1252.000000	1248.000000	54.877937
1253.000000	1247.000000	54.919732
1254.000000	1246.000000	54.935726
1255.000000	1245.000000	54.947523
1256.000000	1244.000000	54.971760
1257.000000	1243.000000	54.991977
1258.000000	1242.000000	55.004084
1259.000000	1241.000000	55.008239
1260.000000	1240.000000	55.014286
1261.000000	1239.000000	55.031165
1262.000000	1238.000000	55.039688
1263.000000	1237.000000	55.037330
1264.000000	1236.000000	55.048476
1265.000000	1235.000000	55.055585
1266.000000	1234.000000	55.058093
1267.000000	1233.000000	55.062642
1268.000000	1232.000000	55.056102
1269.000000	1231.000000	55.055455
1270.000000	1230.000000	55.057299
1271.000000	1229.000000	55.056723
1272.000000	1228.000000	55.056485
1273.000000	1227.000000	55.058943
1274.000000	1226.000000	55.057614
1275.000000	1225.000000	55.065333
1276.000000	1224.000000	55.076532
1277.000000	1223.000000	55.094291
1278.000000	1222.000000	55.119814
1279.000000	1221.000000	55.141491
1280.000000	1220.000000	55.170597
1281.000000	1219.000000	55.207900
1282.000000	1218.000000	55.242978
1283.000000	1217.000000	55.280320
1284.000000	1216.000000	55.315420
1285.000000	1215.000000	55.346684
1286.000000	1214.000000	55.388044
1287.000000	1213.000000	55.432610
1288.000000	1212.000000	55.470007
1289.000000	1211.000000	55.508302
1290.000000	1210.000000	55.547205
1291.000000	1209.000000	55.580222
1292.000000	1208.000000	55.602192
1293.000000	1207.000000	55.625205
1294.000000	1206.000000	55.655852
1295.000000	1205.000000	55.679989
1296.000000	1204.000000	55.700033
1297.000000	1203.000000	55.713095
1298.000000	1202.000000	55.719380
1299.000000	1201.000000	55.730279
1300.000000	1200.000000	55.735912
1301.000000	1199.000000	55.741959
1302.000000	1198.000000	55.750035
1303.000000	1197.000000	55.745450
1304.000000	1196.000000	55.739976
1305.000000	1195.000000	55.729578
1306.000000	1194.000000	55.715809
1307.000000	1193.000000	55.697248
1308.000000	1192.000000	55.674752
1309.000000	1191.000000	55.656152
1310.000000	1190.000000	55.623079
1311.000000	1189.000000	55.581504
1312.000000	1188.000000	55.551054
1313.000000	1187.000000	55.519613
1314.000000	1186.000000	55.480835
1315.000000	1185.000000	55.441015
1316.000000	1184.000000	55.395810
1317.000000	1183.000000	55.341496
1318.000000	1182.000000	55.288799
1319.000000	1181.000000	55.234432
1320.000000	1180.000000	55.184079
1321.000000	1179.000000	55.135386
1322.000000	1178.000000	55.076016
1323.000000	1177.000000	55.011155
1324.000000	1176.000000	54.943756
1325.000000	1175.000000	54.872330
1326.000000	1174.000000	54.797846
1327.000000	1173.000000	54.716651
1328.000000	1172.000000	54.635745
1329.000000	1171.000000	54.543593
1330.000000	1170.000000	54.440967
1331.000000	1169.000000	54.346512
1332.000000	1168.000000	54.235593
1333.000000	1167.000000	54.112109
1334.000000	1166.000000	53.997091
1335.000000	1165.000000	53.870805
1336.000000	1164.000000	53.731681
1337.000000	1163.000000	53.586830
1338.000000	1162.000000	53.439686
1339.000000	1161.000000	53.287523
1340.000000	1160.000000	53.128731
1341.000000	1159.000000	52.970516
1342.000000	1158.000000	52.791081
1343.000000	1157.000000	52.613901
1344.000000	1156.000000	52.440617
1345.000000	1155.000000	52.233414
1346.000000	1154.000000	52.015361
1347.000000	1153.000000	51.837382
1348.000000	1152.000000	51.637384
1349.000000	1151.000000	51.407028
1350.000000	1150.000000	51.186931
1351.000000	1149.000000	50.975810
1352.000000	1148.000000	50.775575
1353.000000	1147.000000	50.586601
1354.000000	1146.000000	50.467236
1355.000000	1145.000000	50.331306
1356.000000	1144.000000	50.188986
1357.000000	1143.000000	50.070430
1358.000000	1142.000000	49.975094
1359.000000	1141.000000	49.895034
1360.000000	1140.000000	49.841410
1361.000000	1139.000000	49.812400
1362.000000	1138.000000	49.725059
1363.000000	1137.000000	49.593324
1364.000000	1136.000000	49.473600
1365.000000	1135.000000	49.340431
1366.000000	1134.000000	49.166654
1367.000000	1133.000000	49.009366
1368.000000	1132.000000	48.847168
1369.000000	1131.000000	48.608084
1370.000000	1130.000000	48.346457
1371.000000	1129.000000	48.048917
1372.000000	1128.000000	47.663498
1373.000000	1127.000000	47.206313
1374.000000	1126.000000	46.700349
1375.000000	1125.000000	46.201393
1376.000000	1124.000000	45.687011
1377.000000	1123.000000	45.173805
1378.000000	1122.000000	44.661848
1379.000000	1121.000000	44.239038
1380.000000	1120.000000	43.821467
1381.000000	1119.000000	43.535551
1382.000000	1118.000000	43.237074
1383.000000	1117.000000	42.956359
1384.000000	1116.000000	42.712646
1385.000000	1115.000000	42.489839
1386.000000	1114.000000	42.287817
1387.000000	1113.000000	42.123634
1388.000000	1112.000000	42.036807
1389.000000	1111.000000	41.844213
1390.000000	1110.000000	41.691149
1391.000000	1109.000000	41.586086
1392.000000	1108.000000	41.484538
1393.000000	1107.000000	41.338230
1394.000000	1106.000000	41.229300
1395.000000	1105.000000	41.155282
1396.000000	1104.000000	40.991694
1397.000000	1103.000000	40.722485
1398.000000	1102.000000	40.494359
1399.000000	1101.000000	40.360495
1400.000000	1100.000000	40.206258
1401.000000	1099.000000	39.990084
1402.000000	1098.000000	39.587877
1403.000000	1097.000000	39.280996
1404.000000	1096.000000	38.985977
1405.000000	1095.000000	38.718350
1406.000000	1094.000000	38.388757
1407.000000	1093.000000	38.080319
1408.000000	1092.000000	37.766521
1409.000000	1091.000000	37.440400
1410.000000	1090.000000	37.075094
1411.000000	1089.000000	36.719040
1412.000000	1088.000000	36.388616
1413.000000	1087.000000	36.137718
1414.000000	1086.000000	35.874738
1415.000000	1085.000000	35.564476
1416.000000	1084.000000	35.246313
1417.000000	1083.000000	34.968861
1418.000000	1082.000000	34.769907
1419.000000	1081.000000	34.541495
1420.000000	1080.000000	34.291420
1421.000000	1079.000000	34.017895
1422.000000	1078.000000	33.796049
1423.000000	1077.000000	33.604540
1424.000000	1076.000000	33.422329
1425.000000	1075.000000	33.210342
1426.000000	1074.000000	33.019511
1427.000000	1073.000000	32.841744
1428.000000	1072.000000	32.682946
1429.000000	1071.000000	32.522483
1430.000000	1070.000000	32.373565
1431.000000	1069.000000	32.245565
1432.000000	1068.000000	32.123493
1433.000000	1067.000000	32.000276
1434.000000	1066.000000	31.873377
1435.000000	1065.000000	31.743604
1436.000000	1064.000000	31.640613
1437.000000	1063.000000	31.545559
1438.000000	1062.000000	31.457306
1439.000000	1061.000000	31.357928
1440.000000	1060.000000	31.264923
1441.000000	1059.000000	31.175971
1442.000000	1058.000000	31.088791
1443.000000	1057.000000	30.999327
1444.000000	1056.000000	30.928159
1445.000000	1055.000000	30.876701
1446.000000	1054.000000	30.816029
1447.000000	1053.000000	30.713232
1448.000000	1052.000000	30.621675
1449.000000	1051.000000	30.551745
1450.000000	1050.000000	30.508985
1451.000000	1049.000000	30.447981
1452.000000	1048.000000	30.370895
1453.000000	1047.000000	30.274147
1454.000000	1046.000000	30.197623
1455.000000	1045.000000	30.141300
1456.000000	1044.000000	30.052063
1457.000000	1043.000000	29.970210
1458.000000	1042.000000	29.898323
1459.000000	1041.000000	29.827656
1460.000000	1040.000000	29.750639
1461.000000	1039.000000	29.677945
1462.000000	1038.000000	29.599840
1463.000000	1037.000000	29.527492
1464.000000	1036.000000	29.463512
1465.000000	1035.000000	29.390175
1466.000000	1034.000000	29.321410
1467.000000	1033.000000	29.251202
1468.000000	1032.000000	29.188314
1469.000000	1031.000000	29.115103
1470.000000	1030.000000	29.066507
1471.000000	1029.000000	29.016952
1472.000000	1028.000000	28.960672
1473.000000	1027.000000	28.889495
1474.000000	1026.000000	28.825917
1475.000000	1025.000000	28.752008
1476.000000	1024.000000	28.705346
1477.000000	1023.000000	28.672517
1478.000000	1022.000000	28.633246
1479.000000	1021.000000	28.589794
1480.000000	1020.000000	28.560137
1481.000000	1019.000000	28.519722
1482.000000	1018.000000	28.476836
1483.000000	1017.000000	28.456024
1484.000000	1016.000000	28.421508
1485.000000	1015.000000	28.388430
1486.000000	1014.000000	28.354652
1487.000000	1013.000000	28.319789
1488.000000	1012.000000	28.281525
1489.000000	1011.000000	28.245286
1490.000000	1010.000000	28.209263
1491.000000	1009.000000	28.187109
1492.000000	1008.000000	28.161191
1493.000000	1007.000000	28.135288
1494.000000	1006.000000	28.112136
1495.000000	1005.000000	28.102484
1496.000000	1004.000000	28.100837
1497.000000	1003.000000	28.097411
1498.000000	1002.000000	28.098962
1499.000000	1001.000000	28.104440
1500.000000	1000.000000	28.115644
1501.000000	999.000000	28.141131
1502.000000	998.000000	28.168006
1503.000000	997.000000	28.197570
1504.000000	996.000000	28.241121
1505.000000	995.000000	28.277641
1506.000000	994.000000	28.326806
1507.000000	993.000000	28.369088
1508.000000	992.000000	28.412070
1509.000000	991.000000	28.460276
1510.000000	990.000000	28.512003
1511.000000	989.000000	28.564736
1512.000000	988.000000	28.625752
1513.000000	987.000000	28.679182
1514.000000	986.000000	28.729831
1515.000000	985.000000	28.781314
1516.000000	984.000000	28.838388
1517.000000	983.000000	28.894409
1518.000000	982.000000	28.954269
1519.000000	981.000000	29.008683
1520.000000	980.000000	29.058090
1521.000000	979.000000	29.116488
1522.000000	978.000000	29.177791
1523.000000	977.000000	29.235652
1524.000000	976.000000	29.294933
1525.000000	975.000000	29.348416
1526.000000	974.000000	29.398643
1527.000000	973.000000	29.458286
1528.000000	972.000000	29.514720
1529.000000	971.000000	29.572284
1530.000000	970.000000	29.637515
1531.000000	969.000000	29.695009
1532.000000	968.000000	29.753085
1533.000000	967.000000	29.810251
1534.000000	966.000000	29.868564
1535.000000	965.000000	29.923703
1536.000000	964.000000	29.979991
1537.000000	963.000000	30.023284
1538.000000	962.000000	30.061703
1539.000000	961.000000	30.105798
1540.000000	960.000000	30.154016
1541.000000	959.000000	30.199852
1542.000000	958.000000	30.252425
1543.000000	957.000000	30.312355
1544.000000	956.000000	30.372811
1545.000000	955.000000	30.428497
1546.000000	954.000000	30.500016
1547.000000	953.000000	30.582057
1548.000000	952.000000	30.661850
1549.000000	951.000000	30.751672
1550.000000	950.000000	30.832739
1551.000000	949.000000	30.919526
1552.000000	948.000000	31.001528
1553.000000	947.000000	31.068986
1554.000000	946.000000	31.126894
1555.000000	945.000000	31.191503
1556.000000	944.000000	31.251481
1557.000000	943.000000	31.293372
1558.000000	942.000000	31.333023
1559.000000	941.000000	31.366195
1560.000000	940.000000	31.394949
1561.000000	939.000000	31.417130
1562.000000	938.000000	31.428805
1563.000000	937.000000	31.428020
1564.000000	936.000000	31.421009
1565.000000	935.000000	31.415297
1566.000000	934.000000	31.405735
1567.000000	933.000000	31.387799
1568.000000	932.000000	31.378505
1569.000000	931.000000	31.362670
1570.000000	930.000000	31.342829
1571.000000	929.000000	31.333189
1572.000000	928.000000	31.337095
1573.000000	927.000000	31.339178
1574.000000	926.000000	31.332195
1575.000000	925.000000	31.332283
1576.000000	924.000000	31.342530
1577.000000	923.000000	31.357426
1578.000000	922.000000	31.368280
1579.000000	921.000000	31.383390
1580.000000	920.000000	31.401927
1581.000000	919.000000	31.428066
1582.000000	918.000000	31.458819
1583.000000	917.000000	31.488865
1584.000000	916.000000	31.517495
1585.000000	915.000000	31.551110
1586.000000	914.000000	31.580997
1587.000000	913.000000	31.617597
1588.000000	912.000000	31.658002
1589.000000	911.000000	31.695576
1590.000000	910.000000	31.724724
1591.000000	909.000000	31.754848
1592.000000	908.000000	31.797539
1593.000000	907.000000	31.836316
1594.000000	906.000000	31.879200
1595.000000	905.000000	31.928459
1596.000000	904.000000	31.969158
1597.000000	903.000000	32.015897
1598.000000	902.000000	32.059801
1599.000000	901.000000	32.115940
1600.000000	900.000000	32.168989
1601.000000	899.000000	32.227969
1602.000000	898.000000	32.282914
1603.000000	897.000000	32.334496
1604.000000	896.000000	32.392406
1605.000000	895.000000	32.456885
1606.000000	894.000000	32.516044
1607.000000	893.000000	32.573371
1608.000000	892.000000	32.622037
1609.000000	891.000000	32.672872
1610.000000	890.000000	32.712265
1611.000000	889.000000	32.757541
1612.000000	888.000000	32.797532
1613.000000	887.000000	32.830787
1614.000000	886.000000	32.864304
1615.000000	885.000000	32.891327
1616.000000	884.000000	32.921516
1617.000000	883.000000	32.942151
1618.000000	882.000000	32.968874
1619.000000	881.000000	33.002452
1620.000000	880.000000	33.020764
1621.000000	879.000000	33.051832
1622.000000	878.000000	33.071962
1623.000000	877.000000	33.102585
1624.000000	876.000000	33.129119
1625.000000	875.000000	33.160335
1626.000000	874.000000	33.205658
1627.000000	873.000000	33.243704
1628.000000	872.000000	33.286591
1629.000000	871.000000	33.315666
1630.000000	870.000000	33.348845
1631.000000	869.000000	33.388568
1632.000000	868.000000	33.419860
1633.000000	867.000000	33.454772
1634.000000	866.000000	33.490744
1635.000000	865.000000	33.527123
1636.000000	864.000000	33.541173
1637.000000	863.000000	33.570036
1638.000000	862.000000	33.594630
1639.000000	861.000000	33.614924
1640.000000	860.000000	33.641519
1641.000000	859.000000	33.648688
1642.000000	858.000000	33.654478
1643.000000	857.000000	33.672535
1644.000000	856.000000	33.685555
1645.000000	855.000000	33.703605
1646.000000	854.000000	33.722396
1647.000000	853.000000	33.741155
1648.000000	852.000000	33.752757
1649.000000	851.000000	33.755195
1650.000000	850.000000	33.758788
1651.000000	849.000000	33.756700
1652.000000	848.000000	33.754419
1653.000000	847.000000	33.733208
1654.000000	846.000000	33.717619
1655.000000	845.000000	33.687417
1656.000000	844.000000	33.639330
1657.000000	843.000000	33.586072
1658.000000	842.000000	33.521371
1659.000000	841.000000	33.445488
1660.000000	840.000000	33.365900
1661.000000	839.000000	33.273828
1662.000000	838.000000	33.158942
1663.000000	837.000000	33.050954
1664.000000	836.000000	32.917798
1665.000000	835.000000	32.794766
1666.000000	834.000000	32.657699
1667.000000	833.000000	32.525746
1668.000000	832.000000	32.388051
1669.000000	831.000000	32.237536
1670.000000	830.000000	32.073193
1671.000000	829.000000	31.917610
1672.000000	828.000000	31.771687
1673.000000	827.000000	31.610244
1674.000000	826.000000	31.455694
1675.000000	825.000000	31.307838
1676.000000	824.000000	31.170806
1677.000000	823.000000	31.003597
1678.000000	822.000000	30.831287
1679.000000	821.000000	30.660611
1680.000000	820.000000	30.464882
1681.000000	819.000000	30.255874
1682.000000	818.000000	30.057136
1683.000000	817.000000	29.838242
1684.000000	816.000000	29.644703
1685.000000	815.000000	29.463663
1686.000000	814.000000	29.309602
1687.000000	813.000000	29.207426
1688.000000	812.000000	29.140885
1689.000000	811.000000	29.121604
1690.000000	810.000000	29.149169
1691.000000	809.000000	29.185859
1692.000000	808.000000	29.257187
1693.000000	807.000000	29.313864
1694.000000	806.000000	29.388858
1695.000000	805.000000	29.423824
1696.000000	804.000000	29.458436
1697.000000	803.000000	29.476158
1698.000000	802.000000	29.470836
1699.000000	801.000000	29.463224
1700.000000	800.000000	29.452686
1701.000000	799.000000	29.426388
1702.000000	798.000000	29.391686
1703.000000	797.000000	29.373798
1704.000000	796.000000	29.322803
1705.000000	795.000000	29.275884
1706.000000	794.000000	29.213055
1707.000000	793.000000	29.141751
1708.000000	792.000000	29.045313
1709.000000	791.000000	28.945782
1710.000000	790.000000	28.815542
1711.000000	789.000000	28.702654
1712.000000	788.000000	28.543356
1713.000000	787.000000	28.377003
1714.000000	786.000000	28.204035
1715.000000	785.000000	28.005450
1716.000000	784.000000	27.803318
1717.000000	783.000000	27.596148
1718.000000	782.000000	27.374312
1719.000000	781.000000	27.176045
1720.000000	780.000000	26.979516
1721.000000	779.000000	26.824186
1722.000000	778.000000	26.711852
1723.000000	777.000000	26.625334
1724.000000	776.000000	26.580303
1725.000000	775.000000	26.563615
1726.000000	774.000000	26.579789
1727.000000	773.000000	26.599870
1728.000000	772.000000	26.633214
1729.000000	771.000000	26.667318
1730.000000	770.000000	26.709103
1731.000000	769.000000	26.749966
1732.000000	768.000000	26.799995
1733.000000	767.000000	26.840437
1734.000000	766.000000	26.884078
1735.000000	765.000000	26.936913
1736.000000	764.000000	26.982661
1737.000000	763.000000	27.032090
1738.000000	762.000000	27.088474
1739.000000	761.000000	27.152779
1740.000000	760.000000	27.231771
1741.000000	759.000000	27.308394
1742.000000	758.000000	27.381622
1743.000000	757.000000	27.459839
1744.000000	756.000000	27.523941
1745.000000	755.000000	27.589750
1746.000000	754.000000	27.666493
1747.000000	753.000000	27.724483
1748.000000	752.000000	27.778753
1749.000000	751.000000	27.807905
1750.000000	750.000000	27.850539
1751.000000	749.000000	27.881524
1752.000000	748.000000	27.905392
1753.000000	747.000000	27.925817
1754.000000	746.000000	27.944380
1755.000000	745.000000	27.954545
1756.000000	744.000000	27.958366
1757.000000	743.000000	27.970723
1758.000000	742.000000	27.993592
1759.000000	741.000000	28.009786
1760.000000	740.000000	28.023709
1761.000000	739.000000	28.033165
1762.000000	738.000000	28.051686
1763.000000	737.000000	28.082232
1764.000000	736.000000	28.108205
1765.000000	735.000000	28.138209
1766.000000	734.000000	28.196476
1767.000000	733.000000	28.240573
1768.000000	732.000000	28.287855
1769.000000	731.000000	28.349086
1770.000000	730.000000	28.405427
1771.000000	729.000000	28.457985
1772.000000	728.000000	28.516221
1773.000000	727.000000	28.574453
1774.000000	726.000000	28.620848
1775.000000	725.000000	28.674056
1776.000000	724.000000	28.731884
1777.000000	723.000000	28.777853
1778.000000	722.000000	28.816464
1779.000000	721.000000	28.865783
1780.000000	720.000000	28.900776
1781.000000	719.000000	28.928118
1782.000000	718.000000	28.949850
1783.000000	717.000000	28.974749
1784.000000	716.000000	28.999038
1785.000000	715.000000	29.014676
1786.000000	714.000000	29.022557
1787.000000	713.000000	29.028664
1788.000000	712.000000	29.030010
1789.000000	711.000000	29.032049
1790.000000	710.000000	29.042726
1791.000000	709.000000	29.064212
1792.000000	708.000000	29.081888
1793.000000	707.000000	29.105975
1794.000000	706.000000	29.132358
1795.000000	705.000000	29.154159
1796.000000	704.000000	29.184954
1797.000000	703.000000	29.209385
1798.000000	702.000000	29.231133
1799.000000	701.000000	29.256436
1800.000000	700.000000	29.285076
1801.000000	699.000000	29.325526
1802.000000	698.000000	29.345345
1803.000000	697.000000	29.352779
1804.000000	696.000000	29.366280
1805.000000	695.000000	29.385463
1806.000000	694.000000	29.423834
1807.000000	693.000000	29.447761
1808.000000	692.000000	29.460122
1809.000000	691.000000	29.473878
1810.000000	690.000000	29.499862
1811.000000	689.000000	29.544553
1812.000000	688.000000	29.574543
1813.000000	687.000000	29.576517
1814.000000	686.000000	29.582196
1815.000000	685.000000	29.603540
1816.000000	684.000000	29.612106
1817.000000	683.000000	29.607099
1818.000000	682.000000	29.613841
1819.000000	681.000000	29.634852
1820.000000	680.000000	29.665051
1821.000000	679.000000	29.667107
1822.000000	678.000000	29.633822
1823.000000	677.000000	29.584018
1824.000000	676.000000	29.569495
1825.000000	675.000000	29.583096
1826.000000	674.000000	29.602340
1827.000000	673.000000	29.608777
1828.000000	672.000000	29.634701
1829.000000	671.000000	29.673255
1830.000000	670.000000	29.690531
1831.000000	669.000000	29.700840
1832.000000	668.000000	29.708039
1833.000000	667.000000	29.732469
1834.000000	666.000000	29.771698
1835.000000	665.000000	29.821071
1836.000000	664.000000	29.867005
1837.000000	663.000000	29.908165
1838.000000	662.000000	29.929911
1839.000000	661.000000	29.945313
1840.000000	660.000000	29.977978
1841.000000	659.000000	29.995335
1842.000000	658.000000	29.984772
1843.000000	657.000000	29.957305
1844.000000	656.000000	29.944031
1845.000000	655.000000	29.968120
1846.000000	654.000000	30.001010
1847.000000	653.000000	30.026104
1848.000000	652.000000	30.029061
1849.000000	651.000000	30.005013
1850.000000	650.000000	29.945475
1851.000000	649.000000	29.897229
1852.000000	648.000000	29.858309
1853.000000	647.000000	29.838194
1854.000000	646.000000	29.824529
1855.000000	645.000000	29.784272
1856.000000	644.000000	29.733683
1857.000000	643.000000	29.680259
1858.000000	642.000000	29.628336
1859.000000	641.000000	29.553725
1860.000000	640.000000	29.472041
1861.000000	639.000000	29.365968
1862.000000	638.000000	29.252554
1863.000000	637.000000	29.148184
1864.000000	636.000000	29.058145
1865.000000	635.000000	28.973859
1866.000000	634.000000	28.893895
1867.000000	633.000000	28.817021
1868.000000	632.000000	28.724481
1869.000000	631.000000	28.592487
1870.000000	630.000000	28.424808
1871.000000	629.000000	28.252890
1872.000000	628.000000	28.059343
1873.000000	627.000000	27.828765
1874.000000	626.000000	27.585633
1875.000000	625.000000	27.333272
1876.000000	624.000000	27.055214
1877.000000	623.000000	26.782213
1878.000000	622.000000	26.494530
1879.000000	621.000000	26.186358
1880.000000	620.000000	25.885408
1881.000000	619.000000	25.588561
1882.000000	618.000000	25.243187
1883.000000	617.000000	24.887199
1884.000000	616.000000	24.503805
1885.000000	615.000000	24.074458
1886.000000	614.000000	23.648209
1887.000000	613.000000	23.232441
1888.000000	612.000000	22.816488
1889.000000	611.000000	22.363706
1890.000000	610.000000	21.922615
1891.000000	609.000000	21.443392
1892.000000	608.000000	20.926264
1893.000000	607.000000	20.411630
1894.000000	606.000000	19.943694
1895.000000	605.000000	19.500050
1896.000000	604.000000	19.109164
1897.000000	603.000000	18.729846
1898.000000	602.000000	18.282401
1899.000000	601.000000	17.838679
1900.000000	600.000000	17.385892
1901.000000	599.000000	16.968593
1902.000000	598.000000	16.595000
1903.000000	597.000000	16.238808
1904.000000	596.000000	15.922655
1905.000000	595.000000	15.572556
1906.000000	594.000000	15.207630
1907.000000	593.000000	14.885190
1908.000000	592.000000	14.594959
1909.000000	591.000000	14.358856
1910.000000	590.000000	14.170852
1911.000000	589.000000	13.959700
1912.000000	588.000000	13.761805
1913.000000	587.000000	13.552573
1914.000000	586.000000	13.327178
1915.000000	585.000000	13.142405
1916.000000	584.000000	12.985870
1917.000000	583.000000	12.856159
1918.000000	582.000000	12.733712
1919.000000	581.000000	12.613946
1920.000000	580.000000	12.507542
1921.000000	579.000000	12.389996
1922.000000	578.000000	12.262888
1923.000000	577.000000	12.167129
1924.000000	576.000000	12.085362
1925.000000	575.000000	12.016836
1926.000000	574.000000	11.954105
1927.000000	573.000000	11.884704
1928.000000	572.000000	11.838090
1929.000000	571.000000	11.790396
1930.000000	570.000000	11.752432
1931.000000	569.000000	11.715078
1932.000000	568.000000	11.688780
1933.000000	567.000000	11.668179
1934.000000	566.000000	11.651151
1935.000000	565.000000	11.654019
1936.000000	564.000000	11.653149
1937.000000	563.000000	11.663067
1938.000000	562.000000	11.686735
1939.000000	561.000000	11.696780
1940.000000	560.000000	11.708653
1941.000000	559.000000	11.731355
1942.000000	558.000000	11.761422
1943.000000	557.000000	11.785518
1944.000000	556.000000	11.818882
1945.000000	555.000000	11.860706
1946.000000	554.000000	11.904367
1947.000000	553.000000	11.951930
1948.000000	552.000000	12.005513
1949.000000	551.000000	12.048297
1950.000000	550.000000	12.101378
1951.000000	549.000000	12.149353
1952.000000	548.000000	12.212024
1953.000000	547.000000	12.278100
1954.000000	546.000000	12.326705
1955.000000	545.000000	12.391384
1956.000000	544.000000	12.452981
1957.000000	543.000000	12.509993
1958.000000	542.000000	12.559297
1959.000000	541.000000	12.632265
1960.000000	540.000000	12.685970
1961.000000	539.000000	12.747840
1962.000000	538.000000	12.810513
1963.000000	537.000000	12.873887
1964.000000	536.000000	12.929710
1965.000000	535.000000	12.985903
1966.000000	534.000000	13.035996
1967.000000	533.000000	13.092399
1968.000000	532.000000	13.151694
1969.000000	531.000000	13.203642
1970.000000	530.000000	13.259250
1971.000000	529.000000	13.319695
1972.000000	528.000000	13.372917
1973.000000	527.000000	13.431109
1974.000000	526.000000	13.472743
1975.000000	525.000000	13.546147
1976.000000	524.000000	13.589334
1977.000000	523.000000	13.646355
1978.000000	522.000000	13.716829
1979.000000	521.000000	13.765620
1980.000000	520.000000	13.832124
1981.000000	519.000000	13.895064
1982.000000	518.000000	13.951490
1983.000000	517.000000	14.010455
1984.000000	516.000000	14.070292
1985.000000	515.000000	14.126598
1986.000000	514.000000	14.187923
1987.000000	513.000000	14.245686
1988.000000	512.000000	14.304134
1989.000000	511.000000	14.350260
1990.000000	510.000000	14.408488
1991.000000	509.000000	14.458015
1992.000000	508.000000	14.508228
1993.000000	507.000000	14.555415
1994.000000	506.000000	14.601732
1995.000000	505.000000	14.636305
1996.000000	504.000000	14.691611
1997.000000	503.000000	14.715722
1998.000000	502.000000	14.763844
1999.000000	501.000000	14.804712
