PE UV       SUBTECH     SPECTRUM    ASCII       PEDS        4.00        
   -1
CICIMAUCR0242-1.Sample.ASC
24/06/20
16:22:23.00
24/06/20
16:22:23.00
Vinicio Soto Monge
C. cupreomarginata. Sex M
250,000000
1
Lambda 1050
1050L1511233
PerkinElmer UV WinLab 6.3.2.0749 / 2.02.05 Lambda 900 UV/VIS/NIR, Aug  7 2015 09:38:08

0
0
3350/servo 860,8/2
0
0
UV/VIS
1
1
1
DoubleDePol,CommonBeamDepol,RBeamAtt,SBeamAtt,60mm sphere, WB InGaAs Detector
0
0
0
0
Program
Program
3350/servo 860,8/2
3350/0,2 860,8/0,2
3350/0,2 860,8/0,2
0
15.00
 
 
 
0
 
860,8
319,2
860,8
Front
100
on
S:100 R:100
0
0
0
0
 
0
 
 
 
0
 
 
0
0
0
0
0
 
 
 
 
0
0


0
0
#HDR
-1
-1
#GR
nm
%R
1.0
0.0
2500,000000
-1,000000
2251
8
67,775100
5,469600
#DATA
2500.000000	10.788348
2499.000000	10.643285
2498.000000	10.681976
2497.000000	10.803890
2496.000000	10.760460
2495.000000	10.651221
2494.000000	10.567446
2493.000000	10.582989
2492.000000	10.525779
2491.000000	10.536913
2490.000000	10.549369
2489.000000	10.562817
2488.000000	10.513544
2487.000000	10.541652
2486.000000	10.538456
2485.000000	10.489844
2484.000000	10.533275
2483.000000	10.550802
2482.000000	10.498442
2481.000000	10.490175
2480.000000	10.545400
2479.000000	10.528976
2478.000000	10.514205
2477.000000	10.538456
2476.000000	10.478160
2475.000000	10.502521
2474.000000	10.507481
2473.000000	10.531511
2472.000000	10.437264
2471.000000	10.519606
2470.000000	10.533936
2469.000000	10.521260
2468.000000	10.543637
2467.000000	10.520158
2466.000000	10.532503
2465.000000	10.542865
2464.000000	10.641962
2463.000000	10.651883
2462.000000	10.629837
2461.000000	10.679881
2460.000000	10.715706
2459.000000	10.801796
2458.000000	10.808851
2457.000000	10.832219
2456.000000	10.934513
2455.000000	10.997675
2454.000000	11.026115
2453.000000	11.088725
2452.000000	11.178012
2451.000000	11.234450
2450.000000	11.338838
2449.000000	11.426802
2448.000000	11.470784
2447.000000	11.572195
2446.000000	11.661372
2445.000000	11.721668
2444.000000	11.789569
2443.000000	11.856920
2442.000000	11.939372
2441.000000	12.012014
2440.000000	12.109458
2439.000000	12.178021
2438.000000	12.221893
2437.000000	12.286929
2436.000000	12.347665
2435.000000	12.425819
2434.000000	12.509704
2433.000000	12.572425
2432.000000	12.628422
2431.000000	12.681553
2430.000000	12.731708
2429.000000	12.777343
2428.000000	12.825073
2427.000000	12.890880
2426.000000	12.928579
2425.000000	12.963632
2424.000000	13.025582
2423.000000	13.050163
2422.000000	13.088082
2421.000000	13.147827
2420.000000	13.158409
2419.000000	13.203273
2418.000000	13.247365
2417.000000	13.272938
2416.000000	13.306779
2415.000000	13.342714
2414.000000	13.361233
2413.000000	13.396837
2412.000000	13.429796
2411.000000	13.484250
2410.000000	13.508060
2409.000000	13.550388
2408.000000	13.577835
2407.000000	13.591945
2406.000000	13.606054
2405.000000	13.649154
2404.000000	13.667893
2403.000000	13.694900
2402.000000	13.715403
2401.000000	13.733701
2400.000000	13.757070
2399.000000	13.779887
2398.000000	13.830263
2397.000000	13.877331
2396.000000	13.932446
2395.000000	13.992852
2394.000000	14.041243
2393.000000	14.076186
2392.000000	14.095367
2391.000000	14.111570
2390.000000	14.135270
2389.000000	14.164922
2388.000000	14.185204
2387.000000	14.200416
2386.000000	14.222572
2385.000000	14.243296
2384.000000	14.261263
2383.000000	14.260381
2382.000000	14.266664
2381.000000	14.273388
2380.000000	14.266885
2379.000000	14.270743
2378.000000	14.272176
2377.000000	14.256192
2376.000000	14.252775
2375.000000	14.260051
2374.000000	14.250350
2373.000000	14.220037
2372.000000	14.210557
2371.000000	14.204935
2370.000000	14.188621
2369.000000	14.167457
2368.000000	14.149600
2367.000000	14.113003
2366.000000	14.060644
2365.000000	14.017434
2364.000000	13.988774
2363.000000	13.943028
2362.000000	13.904668
2361.000000	13.861568
2360.000000	13.812185
2359.000000	13.782533
2358.000000	13.737669
2357.000000	13.694569
2356.000000	13.669657
2355.000000	13.633722
2354.000000	13.602527
2353.000000	13.590843
2352.000000	13.595693
2351.000000	13.598338
2350.000000	13.603299
2349.000000	13.602637
2348.000000	13.619943
2347.000000	13.650477
2346.000000	13.692144
2345.000000	13.747700
2344.000000	13.793887
2343.000000	13.818799
2342.000000	13.849884
2341.000000	13.893645
2340.000000	13.941375
2339.000000	13.969924
2338.000000	13.985136
2337.000000	14.003986
2336.000000	14.010269
2335.000000	14.000128
2334.000000	14.015560
2333.000000	14.021953
2332.000000	13.989545
2331.000000	13.960004
2330.000000	13.927927
2329.000000	13.908416
2328.000000	13.868402
2327.000000	13.809760
2326.000000	13.766880
2325.000000	13.714962
2324.000000	13.641989
2323.000000	13.566812
2322.000000	13.512579
2321.000000	13.417009
2320.000000	13.337864
2319.000000	13.244940
2318.000000	13.131844
2317.000000	13.038479
2316.000000	12.930122
2315.000000	12.827498
2314.000000	12.735015
2313.000000	12.616958
2312.000000	12.514775
2311.000000	12.432212
2310.000000	12.351303
2309.000000	12.284173
2308.000000	12.246364
2307.000000	12.190477
2306.000000	12.166116
2305.000000	12.157518
2304.000000	12.146054
2303.000000	12.160605
2302.000000	12.205138
2301.000000	12.258048
2300.000000	12.330139
2299.000000	12.391647
2298.000000	12.471123
2297.000000	12.562174
2296.000000	12.652342
2295.000000	12.734353
2294.000000	12.825624
2293.000000	12.902454
2292.000000	12.943350
2291.000000	13.019299
2290.000000	13.077280
2289.000000	13.116742
2288.000000	13.129639
2287.000000	13.155212
2286.000000	13.150803
2285.000000	13.138347
2284.000000	13.136473
2283.000000	13.098885
2282.000000	13.075185
2281.000000	13.051596
2280.000000	13.001221
2279.000000	12.951838
2278.000000	12.899919
2277.000000	12.838080
2276.000000	12.846017
2275.000000	12.776241
2274.000000	12.742290
2273.000000	12.713740
2272.000000	12.687175
2271.000000	12.696324
2270.000000	12.714402
2269.000000	12.722889
2268.000000	12.752762
2267.000000	12.810192
2266.000000	12.896722
2265.000000	12.998796
2264.000000	13.115530
2263.000000	13.269521
2262.000000	13.419655
2261.000000	13.588748
2260.000000	13.775809
2259.000000	14.012253
2258.000000	14.220478
2257.000000	14.455930
2256.000000	14.661840
2255.000000	14.913826
2254.000000	15.144097
2253.000000	15.392446
2252.000000	15.628008
2251.000000	15.857728
2250.000000	16.069481
2249.000000	16.255219
2248.000000	16.464436
2247.000000	16.642127
2246.000000	16.810779
2245.000000	16.970723
2244.000000	17.115897
2243.000000	17.264267
2242.000000	17.355317
2241.000000	17.482082
2240.000000	17.593635
2239.000000	17.692952
2238.000000	17.797120
2237.000000	17.860723
2236.000000	17.926199
2235.000000	17.990353
2234.000000	18.045248
2233.000000	18.100143
2232.000000	18.147211
2231.000000	18.183256
2230.000000	18.234073
2229.000000	18.252150
2228.000000	18.254906
2227.000000	18.269897
2226.000000	18.285219
2225.000000	18.262181
2224.000000	18.273315
2223.000000	18.231317
2222.000000	18.217648
2221.000000	18.210263
2220.000000	18.210924
2219.000000	18.147762
2218.000000	18.142471
2217.000000	18.102568
2216.000000	18.059468
2215.000000	18.044146
2214.000000	17.972937
2213.000000	17.954970
2212.000000	17.925428
2211.000000	17.889823
2210.000000	17.864471
2209.000000	17.812001
2208.000000	17.823575
2207.000000	17.778601
2206.000000	17.761075
2205.000000	17.733627
2204.000000	17.713786
2203.000000	17.683362
2202.000000	17.666828
2201.000000	17.670796
2200.000000	17.639711
2199.000000	17.637837
2198.000000	17.619759
2197.000000	17.601682
2196.000000	17.582612
2195.000000	17.563432
2194.000000	17.561668
2193.000000	17.572911
2192.000000	17.550424
2191.000000	17.533339
2190.000000	17.518899
2189.000000	17.515481
2188.000000	17.486270
2187.000000	17.483294
2186.000000	17.470507
2185.000000	17.445816
2184.000000	17.445595
2183.000000	17.440304
2182.000000	17.393787
2181.000000	17.404149
2180.000000	17.379898
2179.000000	17.384197
2178.000000	17.361159
2177.000000	17.373064
2176.000000	17.331838
2175.000000	17.339444
2174.000000	17.347711
2173.000000	17.331397
2172.000000	17.321366
2171.000000	17.325555
2170.000000	17.324563
2169.000000	17.324452
2168.000000	17.350246
2167.000000	17.353884
2166.000000	17.363364
2165.000000	17.372513
2164.000000	17.397755
2163.000000	17.409550
2162.000000	17.410101
2161.000000	17.454193
2160.000000	17.486160
2159.000000	17.510411
2158.000000	17.554282
2157.000000	17.595950
2156.000000	17.629019
2155.000000	17.666276
2154.000000	17.710699
2153.000000	17.760744
2152.000000	17.817733
2151.000000	17.867447
2150.000000	17.912972
2149.000000	17.952655
2148.000000	18.014053
2147.000000	18.065310
2146.000000	18.117449
2145.000000	18.157242
2144.000000	18.207066
2143.000000	18.248072
2142.000000	18.292495
2141.000000	18.326446
2140.000000	18.373845
2139.000000	18.415953
2138.000000	18.440754
2137.000000	18.460596
2136.000000	18.485287
2135.000000	18.536765
2134.000000	18.554292
2133.000000	18.587361
2132.000000	18.628918
2131.000000	18.646003
2130.000000	18.653058
2129.000000	18.671797
2128.000000	18.692300
2127.000000	18.717432
2126.000000	18.729337
2125.000000	18.728676
2124.000000	18.733416
2123.000000	18.734628
2122.000000	18.730329
2121.000000	18.737274
2120.000000	18.734849
2119.000000	18.729668
2118.000000	18.722723
2117.000000	18.693402
2116.000000	18.663309
2115.000000	18.655483
2114.000000	18.659782
2113.000000	18.644019
2112.000000	18.614257
2111.000000	18.597502
2110.000000	18.568511
2109.000000	18.555063
2108.000000	18.536985
2107.000000	18.524860
2106.000000	18.496531
2105.000000	18.468863
2104.000000	18.443510
2103.000000	18.415401
2102.000000	18.386521
2101.000000	18.360617
2100.000000	18.336366
2099.000000	18.300872
2098.000000	18.276181
2097.000000	18.271882
2096.000000	18.253694
2095.000000	18.215333
2094.000000	18.190862
2093.000000	18.180611
2092.000000	18.174438
2091.000000	18.171021
2090.000000	18.148313
2089.000000	18.131118
2088.000000	18.114803
2087.000000	18.097497
2086.000000	18.069830
2085.000000	18.055059
2084.000000	18.046350
2083.000000	18.008762
2082.000000	17.973929
2081.000000	17.947364
2080.000000	17.926310
2079.000000	17.897429
2078.000000	17.862707
2077.000000	17.825229
2076.000000	17.776727
2075.000000	17.745312
2074.000000	17.716762
2073.000000	17.653159
2072.000000	17.602674
2071.000000	17.559684
2070.000000	17.506883
2069.000000	17.455737
2068.000000	17.401724
2067.000000	17.350356
2066.000000	17.293367
2065.000000	17.244756
2064.000000	17.194050
2063.000000	17.153595
2062.000000	17.107409
2061.000000	17.063758
2060.000000	17.028374
2059.000000	16.994533
2058.000000	16.957826
2057.000000	16.930600
2056.000000	16.927293
2055.000000	16.924647
2054.000000	16.919577
2053.000000	16.940079
2052.000000	16.948457
2051.000000	16.974802
2050.000000	17.023083
2049.000000	17.076655
2048.000000	17.152714
2047.000000	17.223151
2046.000000	17.294139
2045.000000	17.372954
2044.000000	17.464335
2043.000000	17.559133
2042.000000	17.647537
2041.000000	17.729549
2040.000000	17.805608
2039.000000	17.904374
2038.000000	18.001928
2037.000000	18.085813
2036.000000	18.154266
2035.000000	18.210594
2034.000000	18.276952
2033.000000	18.338350
2032.000000	18.408788
2031.000000	18.457068
2030.000000	18.507113
2029.000000	18.550654
2028.000000	18.596289
2027.000000	18.628256
2026.000000	18.676537
2025.000000	18.705638
2024.000000	18.724708
2023.000000	18.766595
2022.000000	18.806278
2021.000000	18.824246
2020.000000	18.827222
2019.000000	18.865802
2018.000000	18.873629
2017.000000	18.883990
2016.000000	18.871975
2015.000000	18.877597
2014.000000	18.884211
2013.000000	18.866023
2012.000000	18.856653
2011.000000	18.853016
2010.000000	18.847945
2009.000000	18.815978
2008.000000	18.793822
2007.000000	18.788200
2006.000000	18.732865
2005.000000	18.717212
2004.000000	18.674443
2003.000000	18.630461
2002.000000	18.593644
2001.000000	18.534891
2000.000000	18.491791
1999.000000	18.427306
1998.000000	18.370758
1997.000000	18.317627
1996.000000	18.243001
1995.000000	18.179950
1994.000000	18.104221
1993.000000	18.045910
1992.000000	17.980212
1991.000000	17.912531
1990.000000	17.837574
1989.000000	17.756665
1988.000000	17.685677
1987.000000	17.585698
1986.000000	17.515592
1985.000000	17.423770
1984.000000	17.342640
1983.000000	17.260298
1982.000000	17.175752
1981.000000	17.096496
1980.000000	17.027051
1979.000000	16.938867
1978.000000	16.841644
1977.000000	16.764152
1976.000000	16.678944
1975.000000	16.576430
1974.000000	16.494859
1973.000000	16.426186
1972.000000	16.346489
1971.000000	16.287737
1970.000000	16.195694
1969.000000	16.113352
1968.000000	16.023625
1967.000000	15.951534
1966.000000	15.884955
1965.000000	15.809337
1964.000000	15.738018
1963.000000	15.665707
1962.000000	15.600120
1961.000000	15.533100
1960.000000	15.450097
1959.000000	15.352543
1958.000000	15.306577
1957.000000	15.213102
1956.000000	15.160301
1955.000000	15.101218
1954.000000	14.998153
1953.000000	14.967949
1952.000000	14.885166
1951.000000	14.826965
1950.000000	14.767441
1949.000000	14.718609
1948.000000	14.658753
1947.000000	14.613559
1946.000000	14.559987
1945.000000	14.517438
1944.000000	14.449977
1943.000000	14.418231
1942.000000	14.400925
1941.000000	14.381304
1940.000000	14.328063
1939.000000	14.330929
1938.000000	14.321228
1937.000000	14.315276
1936.000000	14.310095
1935.000000	14.311528
1934.000000	14.322882
1933.000000	14.341180
1932.000000	14.390343
1931.000000	14.424073
1930.000000	14.466512
1929.000000	14.535516
1928.000000	14.577404
1927.000000	14.671981
1926.000000	14.748150
1925.000000	14.822225
1924.000000	14.920550
1923.000000	15.007522
1922.000000	15.126020
1921.000000	15.236581
1920.000000	15.397848
1919.000000	15.529352
1918.000000	15.675848
1917.000000	15.799747
1916.000000	15.979643
1915.000000	16.131981
1914.000000	16.301956
1913.000000	16.503678
1912.000000	16.704848
1911.000000	16.933576
1910.000000	17.131219
1909.000000	17.351679
1908.000000	17.555054
1907.000000	17.745201
1906.000000	18.006006
1905.000000	18.309250
1904.000000	18.594856
1903.000000	18.848166
1902.000000	19.136418
1901.000000	19.420150
1900.000000	19.728685
1899.000000	20.041959
1898.000000	20.398224
1897.000000	20.738946
1896.000000	21.066550
1895.000000	21.379935
1894.000000	21.694422
1893.000000	21.998216
1892.000000	22.354701
1891.000000	22.780410
1890.000000	23.176247
1889.000000	23.602287
1888.000000	23.983133
1887.000000	24.403110
1886.000000	24.799057
1885.000000	25.226531
1884.000000	25.682443
1883.000000	26.176605
1882.000000	26.659083
1881.000000	27.139026
1880.000000	27.608056
1879.000000	28.051622
1878.000000	28.470057
1877.000000	28.905025
1876.000000	29.323129
1875.000000	29.717422
1874.000000	30.088017
1873.000000	30.462138
1872.000000	30.847393
1871.000000	31.180619
1870.000000	31.511641
1869.000000	31.807719
1868.000000	32.108979
1867.000000	32.313125
1866.000000	32.493682
1865.000000	32.617361
1864.000000	32.748314
1863.000000	32.854576
1862.000000	32.941879
1861.000000	33.062030
1860.000000	33.203345
1859.000000	33.326141
1858.000000	33.423475
1857.000000	33.526760
1856.000000	33.582317
1855.000000	33.622440
1854.000000	33.661021
1853.000000	33.710955
1852.000000	33.717900
1851.000000	33.711286
1850.000000	33.712498
1849.000000	33.698609
1848.000000	33.726167
1847.000000	33.768495
1846.000000	33.798478
1845.000000	33.777865
1844.000000	33.702357
1843.000000	33.613732
1842.000000	33.589812
1841.000000	33.619905
1840.000000	33.654738
1839.000000	33.640518
1838.000000	33.601938
1837.000000	33.579451
1836.000000	33.561373
1835.000000	33.538886
1834.000000	33.492699
1833.000000	33.424136
1832.000000	33.340802
1831.000000	33.270916
1830.000000	33.223958
1829.000000	33.200920
1828.000000	33.152859
1827.000000	33.091130
1826.000000	33.035905
1825.000000	32.999088
1824.000000	32.942209
1823.000000	32.878717
1822.000000	32.835286
1821.000000	32.818751
1820.000000	32.849285
1819.000000	32.870560
1818.000000	32.815665
1817.000000	32.752944
1816.000000	32.730016
1815.000000	32.714033
1814.000000	32.698270
1813.000000	32.675672
1812.000000	32.670822
1811.000000	32.650430
1810.000000	32.635879
1809.000000	32.599173
1808.000000	32.559820
1807.000000	32.523885
1806.000000	32.481447
1805.000000	32.453228
1804.000000	32.406931
1803.000000	32.372429
1802.000000	32.338588
1801.000000	32.300779
1800.000000	32.267490
1799.000000	32.215792
1798.000000	32.168282
1797.000000	32.134001
1796.000000	32.081421
1795.000000	32.032148
1794.000000	31.997315
1793.000000	31.961160
1792.000000	31.921477
1791.000000	31.883007
1790.000000	31.837040
1789.000000	31.788760
1788.000000	31.752163
1787.000000	31.706638
1786.000000	31.655491
1785.000000	31.614265
1784.000000	31.561134
1783.000000	31.506350
1782.000000	31.461155
1781.000000	31.403946
1780.000000	31.338800
1779.000000	31.290298
1778.000000	31.231656
1777.000000	31.168935
1776.000000	31.099600
1775.000000	31.021777
1774.000000	30.944726
1773.000000	30.871093
1772.000000	30.803742
1771.000000	30.712030
1770.000000	30.617673
1769.000000	30.529048
1768.000000	30.439541
1767.000000	30.361939
1766.000000	30.291171
1765.000000	30.222938
1764.000000	30.164406
1763.000000	30.134534
1762.000000	30.119873
1761.000000	30.129463
1760.000000	30.147541
1759.000000	30.190861
1758.000000	30.243331
1757.000000	30.283234
1756.000000	30.348601
1755.000000	30.406251
1754.000000	30.456737
1753.000000	30.493003
1752.000000	30.512954
1751.000000	30.509427
1750.000000	30.513175
1749.000000	30.497632
1748.000000	30.473602
1747.000000	30.443950
1746.000000	30.387843
1745.000000	30.313107
1744.000000	30.242670
1743.000000	30.144895
1742.000000	30.017579
1741.000000	29.885083
1740.000000	29.730540
1739.000000	29.558581
1738.000000	29.406242
1737.000000	29.228992
1736.000000	29.076654
1735.000000	28.964880
1734.000000	28.869531
1733.000000	28.802180
1732.000000	28.770214
1731.000000	28.777489
1730.000000	28.817613
1729.000000	28.872177
1728.000000	28.918363
1727.000000	29.008311
1726.000000	29.084590
1725.000000	29.148524
1724.000000	29.217749
1723.000000	29.260738
1722.000000	29.312326
1721.000000	29.370748
1720.000000	29.414069
1719.000000	29.474034
1718.000000	29.532456
1717.000000	29.603885
1716.000000	29.692731
1715.000000	29.764932
1714.000000	29.864580
1713.000000	29.941300
1712.000000	30.030476
1711.000000	30.095071
1710.000000	30.156029
1709.000000	30.194279
1708.000000	30.220844
1707.000000	30.251047
1706.000000	30.228560
1705.000000	30.208168
1704.000000	30.183256
1703.000000	30.163524
1702.000000	30.079639
1701.000000	30.011407
1700.000000	29.932923
1699.000000	29.790395
1698.000000	29.669362
1697.000000	29.562218
1696.000000	29.478553
1695.000000	29.387944
1694.000000	29.356198
1693.000000	29.381992
1692.000000	29.427296
1691.000000	29.503465
1690.000000	29.599586
1689.000000	29.710368
1688.000000	29.802630
1687.000000	29.880563
1686.000000	29.939096
1685.000000	29.997407
1684.000000	30.044696
1683.000000	30.148533
1682.000000	30.286211
1681.000000	30.538197
1680.000000	30.855109
1679.000000	31.239703
1678.000000	31.592550
1677.000000	32.011315
1676.000000	32.406821
1675.000000	32.746661
1674.000000	33.068533
1673.000000	33.365163
1672.000000	33.596206
1671.000000	33.820083
1670.000000	34.013758
1669.000000	34.220881
1668.000000	34.360322
1667.000000	34.479811
1666.000000	34.595112
1665.000000	34.712287
1664.000000	34.812597
1663.000000	34.902875
1662.000000	34.987973
1661.000000	35.051907
1660.000000	35.095558
1659.000000	35.174924
1658.000000	35.230921
1657.000000	35.264651
1656.000000	35.295295
1655.000000	35.316018
1654.000000	35.323955
1653.000000	35.333214
1652.000000	35.329026
1651.000000	35.316349
1650.000000	35.325608
1649.000000	35.299484
1648.000000	35.292760
1647.000000	35.245471
1646.000000	35.216150
1645.000000	35.167759
1644.000000	35.167759
1643.000000	35.107022
1642.000000	35.063701
1641.000000	35.024349
1640.000000	35.000760
1639.000000	34.937157
1638.000000	34.891191
1637.000000	34.817226
1636.000000	34.786582
1635.000000	34.738963
1634.000000	34.675580
1633.000000	34.612639
1632.000000	34.563917
1631.000000	34.506157
1630.000000	34.434948
1629.000000	34.389423
1628.000000	34.302782
1627.000000	34.242375
1626.000000	34.161466
1625.000000	34.106902
1624.000000	34.039772
1623.000000	33.964154
1622.000000	33.906945
1621.000000	33.852050
1620.000000	33.761551
1619.000000	33.683618
1618.000000	33.637211
1617.000000	33.573608
1616.000000	33.506809
1615.000000	33.449269
1614.000000	33.399444
1613.000000	33.339149
1612.000000	33.284915
1611.000000	33.223737
1610.000000	33.153521
1609.000000	33.085839
1608.000000	33.035795
1607.000000	32.973404
1606.000000	32.908369
1605.000000	32.847632
1604.000000	32.776313
1603.000000	32.715907
1602.000000	32.656823
1601.000000	32.603802
1600.000000	32.518043
1599.000000	32.454991
1598.000000	32.399656
1597.000000	32.337596
1596.000000	32.255695
1595.000000	32.210170
1594.000000	32.159574
1593.000000	32.083846
1592.000000	32.044273
1591.000000	32.008889
1590.000000	31.944405
1589.000000	31.905053
1588.000000	31.868566
1587.000000	31.806727
1586.000000	31.774209
1585.000000	31.727802
1584.000000	31.682828
1583.000000	31.620879
1582.000000	31.585054
1581.000000	31.558599
1580.000000	31.529278
1579.000000	31.487831
1578.000000	31.446164
1577.000000	31.431724
1576.000000	31.410339
1575.000000	31.400088
1574.000000	31.380356
1573.000000	31.356106
1572.000000	31.341004
1571.000000	31.344201
1570.000000	31.334721
1569.000000	31.343870
1568.000000	31.347949
1567.000000	31.366578
1566.000000	31.353019
1565.000000	31.337036
1564.000000	31.336044
1563.000000	31.344201
1562.000000	31.352909
1561.000000	31.356106
1560.000000	31.356877
1559.000000	31.343650
1558.000000	31.329981
1557.000000	31.308376
1556.000000	31.309037
1555.000000	31.305951
1554.000000	31.278945
1553.000000	31.254694
1552.000000	31.224050
1551.000000	31.188886
1550.000000	31.165187
1549.000000	31.134984
1548.000000	31.100261
1547.000000	31.073916
1546.000000	31.043713
1545.000000	31.016266
1544.000000	30.982205
1543.000000	30.943955
1542.000000	30.929404
1541.000000	30.921688
1540.000000	30.889611
1539.000000	30.862164
1538.000000	30.848495
1537.000000	30.819174
1536.000000	30.792939
1535.000000	30.789081
1534.000000	30.759539
1533.000000	30.729667
1532.000000	30.698692
1531.000000	30.663308
1530.000000	30.631452
1529.000000	30.600036
1528.000000	30.568400
1527.000000	30.541394
1526.000000	30.494325
1525.000000	30.449792
1524.000000	30.410881
1523.000000	30.360726
1522.000000	30.310792
1521.000000	30.267582
1520.000000	30.229222
1519.000000	30.185350
1518.000000	30.132439
1517.000000	30.070821
1516.000000	30.012288
1515.000000	29.954197
1514.000000	29.892689
1513.000000	29.846612
1512.000000	29.784663
1511.000000	29.724808
1510.000000	29.673330
1509.000000	29.605759
1508.000000	29.553400
1507.000000	29.500820
1506.000000	29.435453
1505.000000	29.370417
1504.000000	29.311334
1503.000000	29.246078
1502.000000	29.182806
1501.000000	29.121297
1500.000000	29.065190
1499.000000	29.008972
1498.000000	28.948236
1497.000000	28.904254
1496.000000	28.861374
1495.000000	28.805598
1494.000000	28.768781
1493.000000	28.731853
1492.000000	28.690738
1491.000000	28.660314
1490.000000	28.609388
1489.000000	28.573563
1488.000000	28.549092
1487.000000	28.529471
1486.000000	28.498165
1485.000000	28.461900
1484.000000	28.434562
1483.000000	28.416485
1482.000000	28.382975
1481.000000	28.351669
1480.000000	28.345166
1479.000000	28.321797
1478.000000	28.295672
1477.000000	28.278917
1476.000000	28.264146
1475.000000	28.257202
1474.000000	28.248383
1473.000000	28.257092
1472.000000	28.274618
1471.000000	28.276272
1470.000000	28.279248
1469.000000	28.293137
1468.000000	28.277374
1467.000000	28.274949
1466.000000	28.306254
1465.000000	28.320364
1464.000000	28.310884
1463.000000	28.345496
1462.000000	28.351890
1461.000000	28.385179
1460.000000	28.418359
1459.000000	28.456939
1458.000000	28.505992
1457.000000	28.535754
1456.000000	28.584255
1455.000000	28.643669
1454.000000	28.705949
1453.000000	28.746845
1452.000000	28.796889
1451.000000	28.885184
1450.000000	28.973919
1449.000000	29.039506
1448.000000	29.102448
1447.000000	29.162523
1446.000000	29.259085
1445.000000	29.355647
1444.000000	29.430493
1443.000000	29.511733
1442.000000	29.586359
1441.000000	29.675204
1440.000000	29.775073
1439.000000	29.880673
1438.000000	29.987487
1437.000000	30.084269
1436.000000	30.184689
1435.000000	30.280809
1434.000000	30.398094
1433.000000	30.529268
1432.000000	30.645341
1431.000000	30.776074
1430.000000	30.908902
1429.000000	31.024754
1428.000000	31.172572
1427.000000	31.336375
1426.000000	31.499185
1425.000000	31.667506
1424.000000	31.852032
1423.000000	32.056068
1422.000000	32.262860
1421.000000	32.437024
1420.000000	32.646572
1419.000000	32.899440
1418.000000	33.142498
1417.000000	33.370233
1416.000000	33.565341
1415.000000	33.786573
1414.000000	34.078683
1413.000000	34.392840
1412.000000	34.637000
1411.000000	34.836076
1410.000000	35.156295
1409.000000	35.486434
1408.000000	35.848100
1407.000000	36.212742
1406.000000	36.549275
1405.000000	36.882832
1404.000000	37.271614
1403.000000	37.619390
1402.000000	37.983481
1401.000000	38.319353
1400.000000	38.779674
1399.000000	39.162063
1398.000000	39.464535
1397.000000	39.693263
1396.000000	39.969059
1395.000000	40.366660
1394.000000	40.730750
1393.000000	40.969068
1392.000000	41.219401
1391.000000	41.509968
1390.000000	41.840659
1389.000000	42.116235
1388.000000	42.454642
1387.000000	42.874288
1386.000000	43.296470
1385.000000	43.676765
1384.000000	44.104458
1383.000000	44.537773
1382.000000	45.048360
1381.000000	45.509784
1380.000000	45.880268
1379.000000	46.149781
1378.000000	46.348857
1377.000000	46.489290
1376.000000	46.675028
1375.000000	46.833870
1374.000000	47.016742
1373.000000	47.230479
1372.000000	47.501756
1371.000000	47.771048
1370.000000	48.095346
1369.000000	48.353836
1368.000000	48.602405
1367.000000	48.845683
1366.000000	49.067577
1365.000000	49.250890
1364.000000	49.437069
1363.000000	49.583013
1362.000000	49.758941
1361.000000	49.905768
1360.000000	50.076845
1359.000000	50.113001
1358.000000	50.195563
1357.000000	50.270079
1356.000000	50.392434
1355.000000	50.565496
1354.000000	50.791909
1353.000000	51.139134
1352.000000	51.396302
1351.000000	51.781997
1350.000000	52.172102
1349.000000	52.552066
1348.000000	52.894882
1347.000000	53.202314
1346.000000	53.506440
1345.000000	53.775953
1344.000000	54.047119
1343.000000	54.361165
1342.000000	54.603893
1341.000000	54.865579
1340.000000	55.134982
1339.000000	55.374843
1338.000000	55.638293
1337.000000	55.870769
1336.000000	56.117905
1335.000000	56.355672
1334.000000	56.566763
1333.000000	56.800451
1332.000000	57.018818
1331.000000	57.222082
1330.000000	57.422040
1329.000000	57.619021
1328.000000	57.800571
1327.000000	58.010229
1326.000000	58.160252
1325.000000	58.341471
1324.000000	58.510784
1323.000000	58.660257
1322.000000	58.817886
1321.000000	58.951265
1320.000000	59.094233
1319.000000	59.229265
1318.000000	59.374328
1317.000000	59.473866
1316.000000	59.600852
1315.000000	59.721223
1314.000000	59.817454
1313.000000	59.926803
1312.000000	60.040560
1311.000000	60.145279
1310.000000	60.222881
1309.000000	60.321096
1308.000000	60.400793
1307.000000	60.475088
1306.000000	60.551588
1305.000000	60.615191
1304.000000	60.676258
1303.000000	60.736554
1302.000000	60.781418
1301.000000	60.824959
1300.000000	60.858138
1299.000000	60.891318
1298.000000	60.920088
1297.000000	60.949960
1296.000000	60.985454
1295.000000	60.997139
1294.000000	61.028664
1293.000000	61.048506
1292.000000	61.071103
1291.000000	61.073528
1290.000000	61.072205
1289.000000	61.070772
1288.000000	61.072426
1287.000000	61.056663
1286.000000	61.031530
1285.000000	61.018413
1284.000000	61.006398
1283.000000	60.973990
1282.000000	60.936843
1281.000000	60.925158
1280.000000	60.883822
1279.000000	60.843698
1278.000000	60.819778
1277.000000	60.801370
1276.000000	60.766868
1275.000000	60.733137
1274.000000	60.707233
1273.000000	60.699186
1272.000000	60.678683
1271.000000	60.672841
1270.000000	60.647819
1269.000000	60.632607
1268.000000	60.615742
1267.000000	60.603947
1266.000000	60.597774
1265.000000	60.573303
1264.000000	60.533069
1263.000000	60.519070
1262.000000	60.509590
1261.000000	60.476962
1260.000000	60.445105
1259.000000	60.430114
1258.000000	60.401895
1257.000000	60.376211
1256.000000	60.352291
1255.000000	60.328371
1254.000000	60.301806
1253.000000	60.253194
1252.000000	60.207118
1251.000000	60.170301
1250.000000	60.121800
1249.000000	60.058638
1248.000000	59.998562
1247.000000	59.931542
1246.000000	59.860775
1245.000000	59.778322
1244.000000	59.697413
1243.000000	59.624000
1242.000000	59.544414
1241.000000	59.432861
1240.000000	59.325827
1239.000000	59.219896
1238.000000	59.109225
1237.000000	59.005608
1236.000000	58.899236
1235.000000	58.794076
1234.000000	58.669736
1233.000000	58.535366
1232.000000	58.408160
1231.000000	58.281064
1230.000000	58.155512
1229.000000	58.017724
1228.000000	57.859323
1227.000000	57.711505
1226.000000	57.580661
1225.000000	57.424465
1224.000000	57.275875
1223.000000	57.134118
1222.000000	56.988063
1221.000000	56.838481
1220.000000	56.688788
1219.000000	56.552874
1218.000000	56.419826
1217.000000	56.288652
1216.000000	56.152408
1215.000000	56.019249
1214.000000	55.906263
1213.000000	55.783797
1212.000000	55.656481
1211.000000	55.549558
1210.000000	55.424888
1209.000000	55.323145
1208.000000	55.224820
1207.000000	55.123959
1206.000000	55.050766
1205.000000	54.978124
1204.000000	54.909230
1203.000000	54.855548
1202.000000	54.813330
1201.000000	54.766041
1200.000000	54.712800
1199.000000	54.676865
1198.000000	54.618002
1197.000000	54.533566
1196.000000	54.431713
1195.000000	54.302082
1194.000000	54.119430
1193.000000	53.887726
1192.000000	53.639929
1191.000000	53.343189
1190.000000	53.011726
1189.000000	52.685665
1188.000000	52.386831
1187.000000	52.142230
1186.000000	51.991655
1185.000000	51.913833
1184.000000	51.927060
1183.000000	52.053605
1182.000000	52.275057
1181.000000	52.587340
1180.000000	52.943053
1179.000000	53.347488
1178.000000	53.742443
1177.000000	54.109399
1176.000000	54.447806
1175.000000	54.746420
1174.000000	55.006674
1173.000000	55.273872
1172.000000	55.532913
1171.000000	55.792836
1170.000000	56.072380
1169.000000	56.357215
1168.000000	56.649105
1167.000000	56.956537
1166.000000	57.249529
1165.000000	57.563686
1164.000000	57.882913
1163.000000	58.189904
1162.000000	58.533822
1161.000000	58.861978
1160.000000	59.185835
1159.000000	59.508809
1158.000000	59.826273
1157.000000	60.134366
1156.000000	60.425815
1155.000000	60.700729
1154.000000	60.952385
1153.000000	61.141540
1152.000000	61.314381
1151.000000	61.459444
1150.000000	61.552809
1149.000000	61.646395
1148.000000	61.725210
1147.000000	61.834889
1146.000000	61.952394
1145.000000	62.090623
1144.000000	62.292124
1143.000000	62.539040
1142.000000	62.802931
1141.000000	63.112017
1140.000000	63.420882
1139.000000	63.767556
1138.000000	64.113238
1137.000000	64.479203
1136.000000	64.849026
1135.000000	65.248831
1134.000000	65.659549
1133.000000	66.079526
1132.000000	66.402832
1131.000000	66.707177
1130.000000	66.999177
1129.000000	67.279162
1128.000000	67.533243
1127.000000	67.765829
1126.000000	67.911994
1125.000000	68.046475
1124.000000	68.145021
1123.000000	68.270243
1122.000000	68.354569
1121.000000	68.419054
1120.000000	68.471413
1119.000000	68.531268
1118.000000	68.559267
1117.000000	68.589800
1116.000000	68.618681
1115.000000	68.636758
1114.000000	68.638853
1113.000000	68.622649
1112.000000	68.619893
1111.000000	68.618791
1110.000000	68.637530
1109.000000	68.626287
1108.000000	68.614271
1107.000000	68.611185
1106.000000	68.619232
1105.000000	68.582525
1104.000000	68.600493
1103.000000	68.608429
1102.000000	68.584620
1101.000000	68.585722
1100.000000	68.571171
1099.000000	68.545488
1098.000000	68.532260
1097.000000	68.536669
1096.000000	68.518481
1095.000000	68.507679
1094.000000	68.473838
1093.000000	68.479460
1092.000000	68.452784
1091.000000	68.406157
1090.000000	68.411448
1089.000000	68.367356
1088.000000	68.358317
1087.000000	68.315988
1086.000000	68.310367
1085.000000	68.261204
1084.000000	68.236512
1083.000000	68.213364
1082.000000	68.180074
1081.000000	68.151415
1080.000000	68.095418
1079.000000	68.069734
1078.000000	68.025201
1077.000000	68.003706
1076.000000	67.960606
1075.000000	67.960385
1074.000000	67.917947
1073.000000	67.897775
1072.000000	67.856769
1071.000000	67.805291
1070.000000	67.771120
1069.000000	67.748413
1068.000000	67.726367
1067.000000	67.680731
1066.000000	67.650418
1065.000000	67.609302
1064.000000	67.585713
1063.000000	67.562564
1062.000000	67.513622
1061.000000	67.453547
1060.000000	67.430398
1059.000000	67.390715
1058.000000	67.340450
1057.000000	67.317633
1056.000000	67.272328
1055.000000	67.229889
1054.000000	67.166617
1053.000000	67.143359
1052.000000	67.106872
1051.000000	67.055174
1050.000000	67.009208
1049.000000	66.967872
1048.000000	66.930394
1047.000000	66.899088
1046.000000	66.842871
1045.000000	66.826777
1044.000000	66.773316
1043.000000	66.749506
1042.000000	66.701886
1041.000000	66.656912
1040.000000	66.621859
1039.000000	66.576334
1038.000000	66.520558
1037.000000	66.490244
1036.000000	66.418925
1035.000000	66.365464
1034.000000	66.315419
1033.000000	66.269012
1032.000000	66.199457
1031.000000	66.128909
1030.000000	66.071149
1029.000000	66.006113
1028.000000	65.937770
1027.000000	65.853113
1026.000000	65.791715
1025.000000	65.696145
1024.000000	65.616008
1023.000000	65.545020
1022.000000	65.457166
1021.000000	65.365565
1020.000000	65.280026
1019.000000	65.203416
1018.000000	65.123389
1017.000000	65.042590
1016.000000	64.974468
1015.000000	64.900834
1014.000000	64.845498
1013.000000	64.777045
1012.000000	64.735929
1011.000000	64.680483
1010.000000	64.657886
1009.000000	64.635509
1008.000000	64.583150
1007.000000	64.574552
1006.000000	64.553388
1005.000000	64.529027
1004.000000	64.519327
1003.000000	64.513264
1002.000000	64.516130
1001.000000	64.503123
1000.000000	64.503013
999.000000	64.493202
998.000000	64.475455
997.000000	64.491990
996.000000	64.493533
995.000000	64.502131
994.000000	64.522413
993.000000	64.533987
992.000000	64.546774
991.000000	64.574552
990.000000	64.605196
989.000000	64.617321
988.000000	64.628785
987.000000	64.666705
986.000000	64.713222
985.000000	64.752023
984.000000	64.790603
983.000000	64.829184
982.000000	64.877355
981.000000	64.921557
980.000000	64.968956
979.000000	65.018119
978.000000	65.049865
977.000000	65.094178
976.000000	65.140144
975.000000	65.177842
974.000000	65.214990
973.000000	65.250043
972.000000	65.292813
971.000000	65.333929
970.000000	65.358730
969.000000	65.399295
968.000000	65.435671
967.000000	65.445151
966.000000	65.478110
965.000000	65.524737
964.000000	65.546783
963.000000	65.567947
962.000000	65.590104
961.000000	65.625047
960.000000	65.665391
959.000000	65.684020
958.000000	65.694712
957.000000	65.712018
956.000000	65.746190
955.000000	65.766141
954.000000	65.776172
953.000000	65.798439
952.000000	65.800313
951.000000	65.804832
950.000000	65.808801
949.000000	65.807368
948.000000	65.824343
947.000000	65.844185
946.000000	65.860829
945.000000	65.855208
944.000000	65.857522
943.000000	65.878907
942.000000	65.895221
941.000000	65.919141
940.000000	65.942841
939.000000	65.949565
938.000000	65.961029
937.000000	65.996853
936.000000	66.043371
935.000000	66.088565
934.000000	66.122406
933.000000	66.158892
932.000000	66.205960
931.000000	66.250383
930.000000	66.313545
929.000000	66.347276
928.000000	66.381006
927.000000	66.418705
926.000000	66.467647
925.000000	66.523093
924.000000	66.561343
923.000000	66.601356
922.000000	66.642252
921.000000	66.706185
920.000000	66.745317
919.000000	66.761962
918.000000	66.795472
917.000000	66.824132
916.000000	66.874617
915.000000	66.896553
914.000000	66.901072
913.000000	66.904820
912.000000	66.906474
911.000000	66.921906
910.000000	66.919812
909.000000	66.927528
908.000000	66.946708
907.000000	66.943621
906.000000	66.936787
905.000000	66.955747
904.000000	66.975368
903.000000	66.975147
902.000000	66.995540
901.000000	67.016373
900.000000	67.059253
899.000000	67.089787
898.000000	67.092873
897.000000	67.106321
896.000000	67.095298
895.000000	67.069615
894.000000	67.074906
893.000000	67.051867
892.000000	66.988926
891.000000	66.949684
890.000000	66.934142
889.000000	66.868444
888.000000	66.780701
887.000000	66.707949
886.000000	66.611057
885.000000	66.509755
884.000000	66.385746
883.000000	66.298333
882.000000	66.209157
881.000000	66.094407
880.000000	65.952541
879.000000	65.783668
878.000000	65.602780
877.000000	65.343188
876.000000	65.071801
875.000000	64.749157
874.000000	64.448008
873.000000	64.196352
872.000000	63.824656
871.000000	63.458581
870.000000	63.319691
869.000000	63.354523
868.000000	63.449983
867.000000	63.522625
866.000000	63.589755
865.000000	63.619186
864.000000	63.669892
863.000000	63.704064
862.000000	63.749589
861.000000	63.767666
860.000000	63.795775
859.000000	63.829836
858.000000	63.885833
857.000000	62.838800
856.000000	64.359700
855.000000	64.459000
854.000000	64.489600
853.000000	64.374200
852.000000	64.526600
851.000000	64.367800
850.000000	64.317800
849.000000	64.318500
848.000000	64.378400
847.000000	64.260100
846.000000	64.483600
845.000000	64.320400
844.000000	64.232400
843.000000	64.118600
842.000000	64.194800
841.000000	64.047000
840.000000	64.285800
839.000000	64.365600
838.000000	64.615100
837.000000	64.154200
836.000000	64.209100
835.000000	64.254900
834.000000	64.189000
833.000000	64.277500
832.000000	64.157400
831.000000	64.191400
830.000000	64.099600
829.000000	64.281800
828.000000	64.302600
827.000000	64.212300
826.000000	64.034300
825.000000	64.261300
824.000000	64.184500
823.000000	64.171000
822.000000	64.024700
821.000000	64.310200
820.000000	64.185000
819.000000	64.120100
818.000000	64.122400
817.000000	64.138500
816.000000	64.251500
815.000000	64.185900
814.000000	64.125000
813.000000	64.147000
812.000000	63.999500
811.000000	63.942500
810.000000	63.830800
809.000000	63.931000
808.000000	63.904700
807.000000	63.723500
806.000000	63.849800
805.000000	63.588600
804.000000	63.816000
803.000000	63.465300
802.000000	63.427500
801.000000	63.440000
800.000000	63.672700
799.000000	63.377000
798.000000	63.331700
797.000000	63.228300
796.000000	63.137200
795.000000	63.078900
794.000000	63.080900
793.000000	62.900300
792.000000	62.853200
791.000000	62.808000
790.000000	62.756000
789.000000	62.553500
788.000000	62.629900
787.000000	62.489600
786.000000	62.308600
785.000000	62.400300
784.000000	62.242400
783.000000	62.078900
782.000000	62.071300
781.000000	61.958300
780.000000	61.816200
779.000000	61.786100
778.000000	61.761800
777.000000	61.522600
776.000000	61.570800
775.000000	61.504500
774.000000	61.303800
773.000000	61.366200
772.000000	61.420300
771.000000	61.294900
770.000000	61.150300
769.000000	61.050000
768.000000	61.025700
767.000000	60.919200
766.000000	60.885500
765.000000	60.746300
764.000000	60.705100
763.000000	60.736500
762.000000	60.518300
761.000000	60.437600
760.000000	60.387800
759.000000	60.322200
758.000000	60.209700
757.000000	60.117600
756.000000	60.009300
755.000000	60.077800
754.000000	59.864500
753.000000	59.806700
752.000000	59.767800
751.000000	59.684300
750.000000	59.632400
749.000000	59.552200
748.000000	59.484500
747.000000	59.284400
746.000000	59.284700
745.000000	59.254900
744.000000	59.176700
743.000000	59.050800
742.000000	58.933600
741.000000	58.887600
740.000000	58.771800
739.000000	58.722400
738.000000	58.597700
737.000000	58.469000
736.000000	58.435000
735.000000	58.311100
734.000000	58.262500
733.000000	58.129100
732.000000	57.944800
731.000000	57.864700
730.000000	57.807600
729.000000	57.739900
728.000000	57.556300
727.000000	57.441100
726.000000	57.409100
725.000000	57.277000
724.000000	57.235900
723.000000	57.049100
722.000000	56.987500
721.000000	56.845000
720.000000	56.727300
719.000000	56.628700
718.000000	56.485600
717.000000	56.387900
716.000000	56.325200
715.000000	56.174700
714.000000	56.026100
713.000000	55.965100
712.000000	55.845400
711.000000	55.803100
710.000000	55.782100
709.000000	55.666000
708.000000	55.548000
707.000000	55.454600
706.000000	55.384000
705.000000	55.317600
704.000000	55.269100
703.000000	55.140000
702.000000	55.037300
701.000000	54.929800
700.000000	54.852900
699.000000	54.772900
698.000000	54.710400
697.000000	54.630900
696.000000	54.585400
695.000000	54.541700
694.000000	54.462100
693.000000	54.419000
692.000000	54.389100
691.000000	54.319800
690.000000	54.210900
689.000000	54.139400
688.000000	53.991400
687.000000	53.951900
686.000000	53.857100
685.000000	53.745800
684.000000	53.693600
683.000000	53.612400
682.000000	53.481900
681.000000	53.388200
680.000000	53.339500
679.000000	53.281200
678.000000	53.184300
677.000000	53.078500
676.000000	52.985600
675.000000	52.912600
674.000000	52.810700
673.000000	52.711900
672.000000	52.615800
671.000000	52.546900
670.000000	52.459200
669.000000	52.379400
668.000000	52.302300
667.000000	52.205700
666.000000	52.103100
665.000000	52.013200
664.000000	51.863700
663.000000	51.731000
662.000000	51.614100
661.000000	51.477400
660.000000	51.299900
659.000000	51.121100
658.000000	50.953100
657.000000	50.821600
656.000000	50.693100
655.000000	50.508600
654.000000	50.360900
653.000000	50.195800
652.000000	50.092600
651.000000	50.033300
650.000000	49.884600
649.000000	49.746800
648.000000	49.665000
647.000000	49.585900
646.000000	49.507700
645.000000	49.442600
644.000000	49.416900
643.000000	49.381100
642.000000	49.352900
641.000000	49.344800
640.000000	49.361300
639.000000	49.407300
638.000000	49.486000
637.000000	49.598900
636.000000	49.701500
635.000000	49.837300
634.000000	50.030800
633.000000	50.223400
632.000000	50.441800
631.000000	50.699300
630.000000	50.974700
629.000000	51.259800
628.000000	51.517300
627.000000	51.774100
626.000000	52.068200
625.000000	52.323700
624.000000	52.581300
623.000000	52.846100
622.000000	53.094100
621.000000	53.317500
620.000000	53.548200
619.000000	53.806800
618.000000	54.054500
617.000000	54.304200
616.000000	54.571100
615.000000	54.789000
614.000000	55.024600
613.000000	55.289900
612.000000	55.511900
611.000000	55.769300
610.000000	56.070300
609.000000	56.362700
608.000000	56.642100
607.000000	56.940900
606.000000	57.259300
605.000000	57.578600
604.000000	57.927700
603.000000	58.263100
602.000000	58.615600
601.000000	58.983600
600.000000	59.320000
599.000000	59.687300
598.000000	60.094700
597.000000	60.469800
596.000000	60.878700
595.000000	61.281700
594.000000	61.671900
593.000000	62.056300
592.000000	62.456000
591.000000	62.844800
590.000000	63.171300
589.000000	63.511700
588.000000	63.836100
587.000000	64.165100
586.000000	64.459100
585.000000	64.757600
584.000000	65.040500
583.000000	65.312200
582.000000	65.576100
581.000000	65.818300
580.000000	66.044400
579.000000	66.264600
578.000000	66.440300
577.000000	66.675800
576.000000	66.837600
575.000000	67.009800
574.000000	67.154600
573.000000	67.274200
572.000000	67.433000
571.000000	67.550900
570.000000	67.634300
569.000000	67.715900
568.000000	67.736400
567.000000	67.775100
566.000000	67.757200
565.000000	67.724300
564.000000	67.626100
563.000000	67.558500
562.000000	67.397100
561.000000	67.261800
560.000000	67.100800
559.000000	66.923300
558.000000	66.771600
557.000000	66.531000
556.000000	66.269100
555.000000	66.010700
554.000000	65.721900
553.000000	65.413500
552.000000	65.029500
551.000000	64.632800
550.000000	64.197900
549.000000	63.686200
548.000000	63.193400
547.000000	62.649900
546.000000	62.057400
545.000000	61.446700
544.000000	60.774400
543.000000	60.104400
542.000000	59.381400
541.000000	58.632900
540.000000	57.850700
539.000000	57.066700
538.000000	56.248000
537.000000	55.400600
536.000000	54.589700
535.000000	53.734100
534.000000	52.899800
533.000000	52.029900
532.000000	51.154300
531.000000	50.306100
530.000000	49.483300
529.000000	48.641200
528.000000	47.825400
527.000000	47.040500
526.000000	46.257500
525.000000	45.505100
524.000000	44.760300
523.000000	44.013400
522.000000	43.310100
521.000000	42.568400
520.000000	41.854000
519.000000	41.190700
518.000000	40.523900
517.000000	39.856800
516.000000	39.232500
515.000000	38.616200
514.000000	37.979100
513.000000	37.329800
512.000000	36.727800
511.000000	36.118600
510.000000	35.503200
509.000000	34.906400
508.000000	34.309100
507.000000	33.746300
506.000000	33.138800
505.000000	32.538100
504.000000	31.934900
503.000000	31.336800
502.000000	30.737800
501.000000	30.127900
500.000000	29.534800
499.000000	28.993700
498.000000	28.428500
497.000000	27.866400
496.000000	27.342800
495.000000	26.789200
494.000000	26.282200
493.000000	25.826000
492.000000	25.341600
491.000000	24.901200
490.000000	24.487500
489.000000	24.070700
488.000000	23.657100
487.000000	23.305500
486.000000	22.971600
485.000000	22.607000
484.000000	22.318200
483.000000	21.998300
482.000000	21.703300
481.000000	21.447900
480.000000	21.174300
479.000000	20.933100
478.000000	20.701800
477.000000	20.455400
476.000000	20.262500
475.000000	20.047500
474.000000	19.886400
473.000000	19.732300
472.000000	19.587700
471.000000	19.414200
470.000000	19.271400
469.000000	19.147300
468.000000	19.071100
467.000000	18.913500
466.000000	18.832700
465.000000	18.744600
464.000000	18.622600
463.000000	18.532200
462.000000	18.432100
461.000000	18.287800
460.000000	18.181200
459.000000	18.067100
458.000000	17.947500
457.000000	17.793000
456.000000	17.684600
455.000000	17.555700
454.000000	17.414300
453.000000	17.252600
452.000000	17.149000
451.000000	17.009300
450.000000	16.843300
449.000000	16.730700
448.000000	16.611200
447.000000	16.478700
446.000000	16.342400
445.000000	16.175100
444.000000	16.060900
443.000000	15.948700
442.000000	15.764300
441.000000	15.604900
440.000000	15.465400
439.000000	15.295600
438.000000	15.126900
437.000000	14.988400
436.000000	14.816500
435.000000	14.675600
434.000000	14.508500
433.000000	14.333100
432.000000	14.193700
431.000000	14.013100
430.000000	13.809600
429.000000	13.685200
428.000000	13.518000
427.000000	13.322300
426.000000	13.137900
425.000000	12.995300
424.000000	12.799000
423.000000	12.626400
422.000000	12.446000
421.000000	12.263000
420.000000	12.070200
419.000000	11.884200
418.000000	11.691700
417.000000	11.510100
416.000000	11.331500
415.000000	11.179100
414.000000	10.986800
413.000000	10.801800
412.000000	10.624800
411.000000	10.469400
410.000000	10.273200
409.000000	10.113600
408.000000	9.953600
407.000000	9.810400
406.000000	9.636600
405.000000	9.476500
404.000000	9.314200
403.000000	9.168200
402.000000	9.030300
401.000000	8.881700
400.000000	8.725100
399.000000	8.605600
398.000000	8.487800
397.000000	8.338000
396.000000	8.226000
395.000000	8.091000
394.000000	7.980300
393.000000	7.860500
392.000000	7.728200
391.000000	7.609900
390.000000	7.490200
389.000000	7.403700
388.000000	7.299200
387.000000	7.189400
386.000000	7.080500
385.000000	6.998700
384.000000	6.889100
383.000000	6.789900
382.000000	6.728000
381.000000	6.666900
380.000000	6.562600
379.000000	6.469300
378.000000	6.422900
377.000000	6.370500
376.000000	6.271300
375.000000	6.147900
374.000000	6.162200
373.000000	6.156600
372.000000	6.116900
371.000000	6.091600
370.000000	6.048300
369.000000	6.001500
368.000000	5.944200
367.000000	5.873400
366.000000	5.883200
365.000000	5.807700
364.000000	5.734900
363.000000	5.806900
362.000000	5.822900
361.000000	5.834900
360.000000	5.784100
359.000000	5.750900
358.000000	5.730100
357.000000	5.713700
356.000000	5.745400
355.000000	5.722900
354.000000	5.702600
353.000000	5.698300
352.000000	5.661400
351.000000	5.684100
350.000000	5.688100
349.000000	5.680200
348.000000	5.684900
347.000000	5.641800
346.000000	5.638800
345.000000	5.639700
344.000000	5.557600
343.000000	5.576500
342.000000	5.639000
341.000000	5.628800
340.000000	5.611400
339.000000	5.604900
338.000000	5.646800
337.000000	5.685700
336.000000	5.616100
335.000000	5.565700
334.000000	5.579900
333.000000	5.516100
332.000000	5.546500
331.000000	5.641700
330.000000	5.657000
329.000000	5.601400
328.000000	5.494900
327.000000	5.589800
326.000000	5.648000
325.000000	5.563200
324.000000	5.574700
323.000000	5.658500
322.000000	5.625900
321.000000	5.720300
320.000000	5.660900
319.000000	5.469600
318.000000	5.598800
317.000000	5.592900
316.000000	5.561200
315.000000	5.635900
314.000000	5.631200
313.000000	5.597600
312.000000	5.611000
311.000000	5.635300
310.000000	5.618800
309.000000	5.596200
308.000000	5.621200
307.000000	5.650200
306.000000	5.655100
305.000000	5.651800
304.000000	5.669600
303.000000	5.652100
302.000000	5.646500
301.000000	5.639900
300.000000	5.645200
299.000000	5.641100
298.000000	5.664100
297.000000	5.681400
296.000000	5.673800
295.000000	5.656800
294.000000	5.654400
293.000000	5.690200
292.000000	5.694600
291.000000	5.699200
290.000000	5.708100
289.000000	5.704200
288.000000	5.696400
287.000000	5.674600
286.000000	5.691000
285.000000	5.722700
284.000000	5.757000
283.000000	5.736100
282.000000	5.723800
281.000000	5.732000
280.000000	5.742600
279.000000	5.764100
278.000000	5.761200
277.000000	5.758800
276.000000	5.792400
275.000000	5.809500
274.000000	5.797300
273.000000	5.797600
272.000000	5.836500
271.000000	5.863000
270.000000	5.877800
269.000000	5.903400
268.000000	5.923700
267.000000	5.929600
266.000000	5.942300
265.000000	5.963100
264.000000	5.975300
263.000000	6.028700
262.000000	6.024400
261.000000	6.055500
260.000000	6.072900
259.000000	6.120200
258.000000	6.168000
257.000000	6.164700
256.000000	6.154200
255.000000	6.164400
254.000000	6.164300
253.000000	6.211500
252.000000	6.216100
251.000000	6.255400
250.000000	6.296200
