PE UV       SUBTECH     SPECTRUM    ASCII       PEDS        4.00        
   -1
INBUCR0331-4.Sample.ASC
24/02/09
10:33:33.00
24/02/09
10:33:33.00
Vinicio Soto Monge
COSTA RICA.  Prov Puntarenas. Finca La Neblina de Willian Gamboa Elizondo. 1960 m. 10 ABR 1998. B. Gamboa. L_S_318500_600200 #50708. INBIOCRI002417996
250,000000
1
Lambda 1050
1050L1511233
PerkinElmer UV WinLab 6.3.2.0749 / 2.02.05 Lambda 900 UV/VIS/NIR, Aug  7 2015 09:38:08

0
0
3350/servo 860,8/2
0
0
UV/VIS
1
1
1
DoubleDePol,CommonBeamDepol,RBeamAtt,SBeamAtt,60mm sphere, WB InGaAs Detector
0
0
0
0
Program
Program
3350/servo 860,8/2
3350/0,2 860,8/0,2
3350/0,2 860,8/0,2
0
15.00
 
 
 
0
 
860,8
319,2
860,8
Front
100
on
S:100 R:100
0
0
0
0
 
0
 
 
 
0
 
 
0
0
0
0
0
 
 
 
 
0
0


0
0
#HDR
-1
-1
#GR
nm
%R
1.0
0.0
2500,000000
-1,000000
2251
8
15,580700
1,701900
#DATA

250.000000	nan
251.000000	nan
252.000000	nan
253.000000	nan
254.000000	nan
255.000000	nan
256.000000	nan
257.000000	nan
258.000000	nan
259.000000	6.342701
260.000000	6.339449
261.000000	6.336102
262.000000	6.334228
263.000000	6.289540
264.000000	6.244474
265.000000	6.198240
266.000000	6.150375
267.000000	6.102922
268.000000	6.057601
269.000000	6.010708
270.000000	5.963861
271.000000	5.916486
272.000000	5.869019
273.000000	5.865260
274.000000	5.859994
275.000000	5.855888
276.000000	5.852042
277.000000	5.848613
278.000000	5.845782
279.000000	5.842653
280.000000	5.841132
281.000000	5.840010
282.000000	5.838075
283.000000	5.835093
284.000000	5.835027
285.000000	5.833471
286.000000	5.832472
287.000000	5.832372
288.000000	5.831049
289.000000	5.831916
290.000000	5.832328
291.000000	5.830680
292.000000	5.831740
293.000000	5.833357
294.000000	5.836529
295.000000	5.838261
296.000000	5.839493
297.000000	5.837393
298.000000	5.839379
299.000000	5.840400
300.000000	5.840322
301.000000	5.840919
302.000000	5.840349
303.000000	5.840897
304.000000	5.839765
305.000000	5.839499
306.000000	5.839203
307.000000	5.842712
308.000000	5.882288
309.000000	5.922794
310.000000	5.962779
311.000000	6.004900
312.000000	6.045292
313.000000	6.084663
314.000000	6.123920
315.000000	6.163887
316.000000	6.205251
317.000000	6.301468
318.000000	6.363620
319.000000	6.425268
320.000000	6.485223
321.000000	6.539871
322.000000	6.598939
323.000000	6.657073
324.000000	6.720156
325.000000	6.769974
326.000000	6.815231
327.000000	6.807557
328.000000	6.789697
329.000000	6.772395
330.000000	6.764079
331.000000	6.753153
332.000000	6.740007
333.000000	6.725595
334.000000	6.708347
335.000000	6.708795
336.000000	6.704545
337.000000	6.695615
338.000000	6.691058
339.000000	6.688546
340.000000	6.677781
341.000000	6.676123
342.000000	6.673928
343.000000	6.710471
344.000000	6.703871
345.000000	6.694319
346.000000	6.697294
347.000000	6.699685
348.000000	6.699130
349.000000	6.697240
350.000000	6.697057
351.000000	6.695551
352.000000	6.693928
353.000000	6.655233
354.000000	6.651453
355.000000	6.692629
356.000000	6.728566
357.000000	6.766350
358.000000	6.804284
359.000000	6.841159
360.000000	6.877292
361.000000	6.913327
362.000000	6.947132
363.000000	6.982063
364.000000	7.022445
365.000000	6.974814
366.000000	6.928962
367.000000	6.920893
368.000000	6.915226
369.000000	6.907069
370.000000	6.900979
371.000000	6.892423
372.000000	6.886952
373.000000	6.880563
374.000000	6.875647
375.000000	6.912035
376.000000	6.949398
377.000000	6.901001
378.000000	6.893421
379.000000	6.888370
380.000000	6.881849
381.000000	6.876639
382.000000	6.871281
383.000000	6.866326
384.000000	6.860064
385.000000	6.854295
386.000000	6.847732
387.000000	6.888450
388.000000	6.888610
389.000000	6.888728
390.000000	6.889495
391.000000	6.890248
392.000000	6.890960
393.000000	6.891998
394.000000	6.893114
395.000000	6.894368
396.000000	6.895332
397.000000	6.896505
398.000000	6.898117
399.000000	6.899845
400.000000	6.901493
401.000000	6.903339
402.000000	6.904746
403.000000	6.905752
404.000000	6.906900
405.000000	6.908203
406.000000	6.909131
407.000000	6.910398
408.000000	6.911371
409.000000	6.912087
410.000000	6.912531
411.000000	6.913101
412.000000	6.913676
413.000000	6.914314
414.000000	6.915003
415.000000	6.915696
416.000000	6.916388
417.000000	6.916666
418.000000	6.917015
419.000000	6.917076
420.000000	6.917672
421.000000	6.918482
422.000000	6.918994
423.000000	6.919452
424.000000	6.919929
425.000000	6.920019
426.000000	6.919898
427.000000	6.920156
428.000000	6.920522
429.000000	6.921157
430.000000	6.921656
431.000000	6.921908
432.000000	6.922340
433.000000	6.922832
434.000000	6.923157
435.000000	6.923877
436.000000	6.924791
437.000000	6.925321
438.000000	6.925666
439.000000	6.926020
440.000000	6.926063
441.000000	6.926167
442.000000	6.926411
443.000000	6.926729
444.000000	6.927110
445.000000	6.927113
446.000000	6.926947
447.000000	6.927117
448.000000	6.927603
449.000000	6.928105
450.000000	6.928600
451.000000	6.929322
452.000000	6.929994
453.000000	6.930260
454.000000	6.930538
455.000000	6.931281
456.000000	6.932203
457.000000	6.932985
458.000000	6.933728
459.000000	6.934529
460.000000	6.935266
461.000000	6.935807
462.000000	6.936386
463.000000	6.937259
464.000000	6.938447
465.000000	6.939550
466.000000	6.940387
467.000000	6.941280
468.000000	6.942149
469.000000	6.942995
470.000000	6.943758
471.000000	6.944403
472.000000	6.944969
473.000000	6.945495
474.000000	6.945805
475.000000	6.946013
476.000000	6.945995
477.000000	6.945908
478.000000	6.945777
479.000000	6.945529
480.000000	6.945259
481.000000	6.944640
482.000000	6.943938
483.000000	6.943197
484.000000	6.942601
485.000000	6.942142
486.000000	6.942560
487.000000	6.943393
488.000000	6.944251
489.000000	6.985825
490.000000	7.028230
491.000000	7.071319
492.000000	7.114614
493.000000	7.158406
494.000000	7.202317
495.000000	7.246532
496.000000	7.290503
497.000000	7.334505
498.000000	7.378739
499.000000	7.382669
500.000000	7.386341
501.000000	7.390148
502.000000	7.394298
503.000000	7.398510
504.000000	7.402705
505.000000	7.406648
506.000000	7.410879
507.000000	7.415015
508.000000	7.419021
509.000000	7.423177
510.000000	7.427267
511.000000	7.431417
512.000000	7.435362
513.000000	7.439186
514.000000	7.443077
515.000000	7.446958
516.000000	7.450830
517.000000	7.454763
518.000000	7.458882
519.000000	7.463067
520.000000	7.467408
521.000000	7.471731
522.000000	7.476349
523.000000	7.481336
524.000000	7.486851
525.000000	7.493309
526.000000	7.500341
527.000000	7.508280
528.000000	7.517255
529.000000	7.527423
530.000000	7.579607
531.000000	7.633329
532.000000	7.688753
533.000000	7.746186
534.000000	7.805628
535.000000	7.866935
536.000000	7.930599
537.000000	7.997112
538.000000	8.066341
539.000000	8.178836
540.000000	8.254024
541.000000	8.332843
542.000000	8.415382
543.000000	8.501673
544.000000	8.591977
545.000000	8.686528
546.000000	8.826166
547.000000	8.969744
548.000000	9.117983
549.000000	9.231039
550.000000	9.349486
551.000000	9.473576
552.000000	9.603482
553.000000	9.739994
554.000000	9.924134
555.000000	10.115495
556.000000	10.274506
557.000000	10.442064
558.000000	10.618125
559.000000	10.802889
560.000000	10.992192
561.000000	11.188427
562.000000	11.391777
563.000000	11.600239
564.000000	11.771417
565.000000	11.944376
566.000000	12.115318
567.000000	12.282478
568.000000	12.442640
569.000000	12.552307
570.000000	12.652428
571.000000	12.737250
572.000000	12.804107
573.000000	12.850099
574.000000	12.874420
575.000000	12.876098
576.000000	12.855322
577.000000	12.811186
578.000000	12.744995
579.000000	12.698123
580.000000	12.591134
581.000000	12.466125
582.000000	12.324958
583.000000	12.170868
584.000000	12.006374
585.000000	11.833868
586.000000	11.654960
587.000000	11.473159
588.000000	11.290449
589.000000	11.108361
590.000000	10.969532
591.000000	10.835426
592.000000	10.706405
593.000000	10.543206
594.000000	10.385805
595.000000	10.234474
596.000000	10.089650
597.000000	9.950149
598.000000	9.815464
599.000000	9.684654
600.000000	9.557364
601.000000	9.432192
602.000000	9.309790
603.000000	9.229731
604.000000	9.151647
605.000000	9.074778
606.000000	8.999979
607.000000	8.927725
608.000000	8.858346
609.000000	8.792215
610.000000	8.729897
611.000000	8.672010
612.000000	8.618052
613.000000	8.569141
614.000000	8.525047
615.000000	8.485882
616.000000	8.450862
617.000000	8.420017
618.000000	8.392496
619.000000	8.368589
620.000000	8.347099
621.000000	8.328067
622.000000	8.310974
623.000000	8.294955
624.000000	8.279886
625.000000	8.265844
626.000000	8.252527
627.000000	8.239298
628.000000	8.226885
629.000000	8.215068
630.000000	8.203973
631.000000	8.193404
632.000000	8.184076
633.000000	8.175365
634.000000	8.167695
635.000000	8.160707
636.000000	8.154598
637.000000	8.149441
638.000000	8.144584
639.000000	8.140111
640.000000	8.136245
641.000000	8.133091
642.000000	8.129703
643.000000	8.126882
644.000000	8.123897
645.000000	8.120621
646.000000	8.117603
647.000000	8.114890
648.000000	8.113050
649.000000	8.111124
650.000000	8.108644
651.000000	8.106330
652.000000	8.104868
653.000000	8.103247
654.000000	8.101843
655.000000	8.101045
656.000000	8.100239
657.000000	8.099588
658.000000	8.098927
659.000000	8.099213
660.000000	8.099947
661.000000	8.100717
662.000000	8.101048
663.000000	8.101749
664.000000	8.103054
665.000000	8.104775
666.000000	8.106947
667.000000	8.109423
668.000000	8.111402
669.000000	8.113120
670.000000	8.115557
671.000000	8.117675
672.000000	8.119715
673.000000	8.122053
674.000000	8.124696
675.000000	8.127791
676.000000	8.130330
677.000000	8.132902
678.000000	8.136142
679.000000	8.139725
680.000000	8.142882
681.000000	8.146626
682.000000	8.150800
683.000000	8.154908
684.000000	8.158899
685.000000	8.163057
686.000000	8.167404
687.000000	8.171578
688.000000	8.175474
689.000000	8.179545
690.000000	8.183776
691.000000	8.188213
692.000000	8.192938
693.000000	8.198511
694.000000	8.203687
695.000000	8.207781
696.000000	8.213320
697.000000	8.219420
698.000000	8.225683
699.000000	8.231890
700.000000	8.238541
701.000000	8.245255
702.000000	8.251838
703.000000	8.258399
704.000000	8.265433
705.000000	8.273180
706.000000	8.280061
707.000000	8.286476
708.000000	8.293490
709.000000	8.300697
710.000000	8.307982
711.000000	8.315607
712.000000	8.323743
713.000000	8.331693
714.000000	8.339448
715.000000	8.347085
716.000000	8.355519
717.000000	8.364462
718.000000	8.373177
719.000000	8.382043
720.000000	8.391078
721.000000	8.399537
722.000000	8.408012
723.000000	8.416611
724.000000	8.425093
725.000000	8.434173
726.000000	8.443356
727.000000	8.453010
728.000000	8.462866
729.000000	8.472311
730.000000	8.481856
731.000000	8.492053
732.000000	8.502528
733.000000	8.513067
734.000000	8.524243
735.000000	8.535519
736.000000	8.546618
737.000000	8.557930
738.000000	8.568792
739.000000	8.579839
740.000000	8.591407
741.000000	8.603046
742.000000	8.614339
743.000000	8.625459
744.000000	8.637238
745.000000	8.649684
746.000000	8.661650
747.000000	8.672853
748.000000	8.685215
749.000000	8.698018
750.000000	8.710875
751.000000	8.724109
752.000000	8.737351
753.000000	8.750155
754.000000	8.762741
755.000000	8.775596
756.000000	8.788990
757.000000	8.802686
758.000000	8.816276
759.000000	8.830677
760.000000	8.844729
761.000000	8.858359
762.000000	8.873283
763.000000	8.889129
764.000000	8.904375
765.000000	8.919522
766.000000	8.935196
767.000000	8.951282
768.000000	8.967053
769.000000	8.981943
770.000000	8.996965
771.000000	9.012564
772.000000	9.027743
773.000000	9.043322
774.000000	9.100182
775.000000	9.156988
776.000000	9.213139
777.000000	9.269548
778.000000	9.326386
779.000000	9.383431
780.000000	9.441191
781.000000	9.499082
782.000000	9.556185
783.000000	9.613298
784.000000	9.630371
785.000000	9.646984
786.000000	9.664802
787.000000	9.683492
788.000000	9.702570
789.000000	9.722031
790.000000	9.740542
791.000000	9.758992
792.000000	9.778277
793.000000	9.797647
794.000000	9.816485
795.000000	9.836149
796.000000	9.855484
797.000000	9.874099
798.000000	9.893461
799.000000	9.912120
800.000000	9.932031
801.000000	9.952373
802.000000	9.972550
803.000000	9.992561
804.000000	10.013402
805.000000	10.034700
806.000000	10.055264
807.000000	10.076040
808.000000	10.096266
809.000000	10.117540
810.000000	10.138775
811.000000	10.160296
812.000000	10.180773
813.000000	10.202760
814.000000	10.224576
815.000000	10.245770
816.000000	10.267842
817.000000	10.289087
818.000000	10.310944
819.000000	10.332869
820.000000	10.355054
821.000000	10.378189
822.000000	10.401925
823.000000	10.423171
824.000000	10.444017
825.000000	10.466810
826.000000	10.488083
827.000000	10.509772
828.000000	10.571482
829.000000	10.591632
830.000000	10.612956
831.000000	10.634019
832.000000	10.695851
833.000000	10.759694
834.000000	10.782023
835.000000	10.844097
836.000000	10.906163
837.000000	10.967281
838.000000	10.987105
839.000000	11.048815
840.000000	11.109671
841.000000	11.167999
842.000000	11.186153
843.000000	11.207518
844.000000	11.267023
845.000000	11.281185
846.000000	11.296482
847.000000	11.313581
848.000000	11.333810
849.000000	11.353426
850.000000	11.369997
851.000000	11.387437
852.000000	11.411698
853.000000	11.385459
854.000000	11.394193
855.000000	11.374218
856.000000	11.390382
857.000000	11.422841
858.000000	11.804788
859.000000	11.842489
860.000000	11.907815
861.000000	11.975542
862.000000	12.012669
863.000000	12.122505
864.000000	12.178952
865.000000	12.268222
866.000000	12.298389
867.000000	12.288786
868.000000	11.954010
869.000000	11.939705
870.000000	11.901470
871.000000	11.887878
872.000000	11.874930
873.000000	11.837060
874.000000	11.821307
875.000000	11.806540
876.000000	11.816725
877.000000	11.826450
878.000000	11.810768
879.000000	11.820510
880.000000	11.830165
881.000000	11.788335
882.000000	11.772493
883.000000	11.755190
884.000000	11.764345
885.000000	11.749007
886.000000	11.733745
887.000000	11.742065
888.000000	11.749705
889.000000	11.731750
890.000000	11.714010
891.000000	11.747645
892.000000	11.753622
893.000000	11.761532
894.000000	11.744373
895.000000	11.750917
896.000000	11.756467
897.000000	11.762820
898.000000	11.770455
899.000000	11.802597
900.000000	11.808753
901.000000	11.789630
902.000000	11.822423
903.000000	11.829635
904.000000	11.835435
905.000000	11.842950
906.000000	11.849732
907.000000	11.857147
908.000000	11.863598
909.000000	11.869930
910.000000	11.902240
911.000000	11.933753
912.000000	11.940825
913.000000	11.971967
914.000000	12.004098
915.000000	12.035495
916.000000	12.067650
917.000000	12.098508
918.000000	12.129157
919.000000	12.135750
920.000000	12.167033
921.000000	12.198767
922.000000	12.204860
923.000000	12.212153
924.000000	12.219372
925.000000	12.224810
926.000000	12.255992
927.000000	12.287347
928.000000	12.294030
929.000000	12.325110
930.000000	12.331440
931.000000	12.337800
932.000000	12.368750
933.000000	12.399852
934.000000	12.430230
935.000000	12.462757
936.000000	12.470060
937.000000	12.477203
938.000000	12.534785
939.000000	12.566965
940.000000	12.598747
941.000000	12.630858
942.000000	12.662482
943.000000	12.693950
944.000000	12.726610
945.000000	12.757293
946.000000	12.788605
947.000000	12.820250
948.000000	12.827460
949.000000	12.859447
950.000000	12.892030
951.000000	12.949812
952.000000	13.007695
953.000000	13.065240
954.000000	13.096880
955.000000	13.155548
956.000000	13.213542
957.000000	13.271970
958.000000	13.329855
959.000000	13.387742
960.000000	13.446142
961.000000	13.455045
962.000000	13.488322
963.000000	13.521353
964.000000	13.580815
965.000000	13.614195
966.000000	13.646812
967.000000	13.679915
968.000000	13.712393
969.000000	13.746408
970.000000	13.779610
971.000000	13.837340
972.000000	13.870833
973.000000	13.904125
974.000000	13.937483
975.000000	13.970765
976.000000	14.005170
977.000000	14.038815
978.000000	14.072685
979.000000	14.107233
980.000000	14.141580
981.000000	14.175425
982.000000	14.209715
983.000000	14.244442
984.000000	14.277917
985.000000	14.311782
986.000000	14.344985
987.000000	14.378733
988.000000	14.413017
989.000000	14.446418
990.000000	14.479820
991.000000	14.513628
992.000000	14.547615
993.000000	14.581103
994.000000	14.614513
995.000000	14.648633
996.000000	14.683507
997.000000	14.718217
998.000000	14.751535
999.000000	14.809960
1000.000000	14.868955
1001.000000	14.928330
1002.000000	14.987595
1003.000000	15.046770
1004.000000	15.105873
1005.000000	15.164530
1006.000000	15.223285
1007.000000	15.282380
1008.000000	15.341865
1009.000000	15.376165
1010.000000	15.409930
1011.000000	15.443518
1012.000000	15.476463
1013.000000	15.510313
1014.000000	15.545022
1015.000000	15.579675
1016.000000	15.614067
1017.000000	15.648017
1018.000000	15.682760
1019.000000	15.718850
1020.000000	15.755073
1021.000000	15.790580
1022.000000	15.826487
1023.000000	15.862357
1024.000000	15.898365
1025.000000	15.934157
1026.000000	15.969970
1027.000000	16.006282
1028.000000	16.042162
1029.000000	16.076443
1030.000000	16.136553
1031.000000	16.197402
1032.000000	16.257915
1033.000000	16.318550
1034.000000	16.378902
1035.000000	16.439500
1036.000000	16.499945
1037.000000	16.559870
1038.000000	16.620143
1039.000000	16.681165
1040.000000	16.716645
1041.000000	16.752132
1042.000000	16.787343
1043.000000	16.822083
1044.000000	16.857290
1045.000000	16.892572
1046.000000	16.928175
1047.000000	16.964215
1048.000000	17.000280
1049.000000	17.036593
1050.000000	17.072212
1051.000000	17.107745
1052.000000	17.143973
1053.000000	17.180923
1054.000000	17.217688
1055.000000	17.253818
1056.000000	17.289650
1057.000000	17.350838
1058.000000	17.411153
1059.000000	17.470670
1060.000000	17.531185
1061.000000	17.592160
1062.000000	17.653745
1063.000000	17.715132
1064.000000	17.776412
1065.000000	17.838013
1066.000000	17.899313
1067.000000	17.934940
1068.000000	17.971377
1069.000000	18.008620
1070.000000	18.045908
1071.000000	18.083350
1072.000000	18.120200
1073.000000	18.157140
1074.000000	18.194202
1075.000000	18.231113
1076.000000	18.268142
1077.000000	18.305682
1078.000000	18.343208
1079.000000	18.380180
1080.000000	18.415822
1081.000000	18.476705
1082.000000	18.537845
1083.000000	18.598558
1084.000000	18.658958
1085.000000	18.719707
1086.000000	18.780863
1087.000000	18.842217
1088.000000	18.902893
1089.000000	18.963280
1090.000000	19.024875
1091.000000	19.060325
1092.000000	19.095978
1093.000000	19.130907
1094.000000	19.166303
1095.000000	19.202345
1096.000000	19.237430
1097.000000	19.271577
1098.000000	19.305953
1099.000000	19.340825
1100.000000	19.374828
1101.000000	19.409883
1102.000000	19.444585
1103.000000	19.480228
1104.000000	19.515252
1105.000000	19.548955
1106.000000	19.583225
1107.000000	19.643487
1108.000000	19.703533
1109.000000	19.762847
1110.000000	19.822385
1111.000000	19.880350
1112.000000	19.938220
1113.000000	19.995400
1114.000000	20.052830
1115.000000	20.111545
1116.000000	20.169847
1117.000000	20.201925
1118.000000	20.233862
1119.000000	20.267160
1120.000000	20.299900
1121.000000	20.333247
1122.000000	20.366000
1123.000000	20.398985
1124.000000	20.430310
1125.000000	20.461040
1126.000000	20.491608
1127.000000	20.521390
1128.000000	20.551782
1129.000000	20.580275
1130.000000	20.607940
1131.000000	20.632960
1132.000000	20.655842
1133.000000	20.678953
1134.000000	20.703903
1135.000000	20.753577
1136.000000	20.801965
1137.000000	20.848772
1138.000000	20.893347
1139.000000	20.937510
1140.000000	20.981820
1141.000000	21.027572
1142.000000	21.074955
1143.000000	21.120135
1144.000000	21.165183
1145.000000	21.184133
1146.000000	21.204078
1147.000000	21.225618
1148.000000	21.248992
1149.000000	21.271058
1150.000000	21.293003
1151.000000	21.315182
1152.000000	21.336805
1153.000000	21.359742
1154.000000	21.380540
1155.000000	21.400345
1156.000000	21.417320
1157.000000	21.433995
1158.000000	21.448568
1159.000000	21.463793
1160.000000	21.477020
1161.000000	21.488495
1162.000000	21.498535
1163.000000	21.506450
1164.000000	21.513578
1165.000000	21.519862
1166.000000	21.526340
1167.000000	21.531615
1168.000000	21.535915
1169.000000	21.540495
1170.000000	21.546408
1171.000000	21.552777
1172.000000	21.560815
1173.000000	21.570580
1174.000000	21.581178
1175.000000	21.591192
1176.000000	21.602972
1177.000000	21.615325
1178.000000	21.629055
1179.000000	21.643480
1180.000000	21.657518
1181.000000	21.671848
1182.000000	21.710892
1183.000000	21.749877
1184.000000	21.789150
1185.000000	21.831390
1186.000000	21.874482
1187.000000	21.919148
1188.000000	21.965112
1189.000000	22.011798
1190.000000	22.061105
1191.000000	22.112402
1192.000000	22.140953
1193.000000	22.170633
1194.000000	22.202355
1195.000000	22.235310
1196.000000	22.269313
1197.000000	22.302695
1198.000000	22.337802
1199.000000	22.372050
1200.000000	22.405575
1201.000000	22.439325
1202.000000	22.472642
1203.000000	22.506643
1204.000000	22.541065
1205.000000	22.573923
1206.000000	22.631745
1207.000000	22.690425
1208.000000	22.748355
1209.000000	22.808060
1210.000000	22.867335
1211.000000	22.926633
1212.000000	22.985455
1213.000000	23.044360
1214.000000	23.102005
1215.000000	23.159903
1216.000000	23.192690
1217.000000	23.225925
1218.000000	23.258333
1219.000000	23.289783
1220.000000	23.322233
1221.000000	23.354212
1222.000000	23.385960
1223.000000	23.416773
1224.000000	23.447325
1225.000000	23.478130
1226.000000	23.508765
1227.000000	23.538238
1228.000000	23.592330
1229.000000	23.647120
1230.000000	23.701280
1231.000000	23.754600
1232.000000	23.807112
1233.000000	23.858855
1234.000000	23.910477
1235.000000	23.961500
1236.000000	24.012330
1237.000000	24.063920
1238.000000	24.090315
1239.000000	24.115070
1240.000000	24.139410
1241.000000	24.164728
1242.000000	24.191102
1243.000000	24.218863
1244.000000	24.246545
1245.000000	24.275535
1246.000000	24.305582
1247.000000	24.335700
1248.000000	24.366630
1249.000000	24.398708
1250.000000	24.431265
1251.000000	24.464145
1252.000000	24.496577
1253.000000	24.529010
1254.000000	24.560820
1255.000000	24.592260
1256.000000	24.622297
1257.000000	24.676588
1258.000000	24.730740
1259.000000	24.785373
1260.000000	24.839527
1261.000000	24.892510
1262.000000	24.944833
1263.000000	24.996335
1264.000000	25.048300
1265.000000	25.099295
1266.000000	25.149520
1267.000000	25.174547
1268.000000	25.199078
1269.000000	25.221395
1270.000000	25.243158
1271.000000	25.264537
1272.000000	25.285990
1273.000000	25.306540
1274.000000	25.326777
1275.000000	25.347305
1276.000000	25.368340
1277.000000	25.390160
1278.000000	25.412087
1279.000000	25.434518
1280.000000	25.457383
1281.000000	25.480548
1282.000000	25.504008
1283.000000	25.528410
1284.000000	25.553025
1285.000000	25.578020
1286.000000	25.603680
1287.000000	25.628750
1288.000000	25.678980
1289.000000	25.730065
1290.000000	25.781165
1291.000000	25.832250
1292.000000	25.883030
1293.000000	25.933515
1294.000000	25.984120
1295.000000	26.034270
1296.000000	26.083740
1297.000000	26.133038
1298.000000	26.156622
1299.000000	26.178710
1300.000000	26.200460
1301.000000	26.221645
1302.000000	26.242465
1303.000000	26.262765
1304.000000	26.282345
1305.000000	26.301072
1306.000000	26.318475
1307.000000	26.334933
1308.000000	26.350378
1309.000000	26.365595
1310.000000	26.380275
1311.000000	26.393642
1312.000000	26.405835
1313.000000	26.417310
1314.000000	26.427450
1315.000000	26.436397
1316.000000	26.444800
1317.000000	26.452873
1318.000000	26.461005
1319.000000	26.467950
1320.000000	26.474018
1321.000000	26.479895
1322.000000	26.484765
1323.000000	26.488532
1324.000000	26.492005
1325.000000	26.494500
1326.000000	26.496537
1327.000000	26.497450
1328.000000	26.496150
1329.000000	26.493650
1330.000000	26.490278
1331.000000	26.486532
1332.000000	26.482035
1333.000000	26.475338
1334.000000	26.467410
1335.000000	26.458795
1336.000000	26.448453
1337.000000	26.436370
1338.000000	26.422918
1339.000000	26.408683
1340.000000	26.392193
1341.000000	26.372735
1342.000000	26.351685
1343.000000	26.329838
1344.000000	26.305118
1345.000000	26.277217
1346.000000	26.247420
1347.000000	26.216873
1348.000000	26.184210
1349.000000	26.148423
1350.000000	26.109810
1351.000000	26.070608
1352.000000	26.030012
1353.000000	25.989603
1354.000000	25.952408
1355.000000	25.918805
1356.000000	25.885935
1357.000000	25.852285
1358.000000	25.820643
1359.000000	25.767198
1360.000000	25.719592
1361.000000	25.679868
1362.000000	25.642305
1363.000000	25.603340
1364.000000	25.562685
1365.000000	25.518610
1366.000000	25.470683
1367.000000	25.422470
1368.000000	25.370947
1369.000000	25.338125
1370.000000	25.271313
1371.000000	25.191570
1372.000000	25.099695
1373.000000	24.994920
1374.000000	24.875000
1375.000000	24.741775
1376.000000	24.597903
1377.000000	24.415875
1378.000000	24.221190
1379.000000	24.018450
1380.000000	23.841783
1381.000000	23.670215
1382.000000	23.508315
1383.000000	23.360290
1384.000000	23.222817
1385.000000	23.072698
1386.000000	22.937527
1387.000000	22.845873
1388.000000	22.772053
1389.000000	22.711420
1390.000000	22.654663
1391.000000	22.602970
1392.000000	22.555365
1393.000000	22.510240
1394.000000	22.472290
1395.000000	22.469472
1396.000000	22.466573
1397.000000	22.455517
1398.000000	22.440295
1399.000000	22.428493
1400.000000	22.424282
1401.000000	22.410108
1402.000000	22.385838
1403.000000	22.354167
1404.000000	22.318283
1405.000000	22.270158
1406.000000	22.217872
1407.000000	22.164850
1408.000000	22.109610
1409.000000	22.046902
1410.000000	21.969750
1411.000000	21.865910
1412.000000	21.765640
1413.000000	21.667995
1414.000000	21.568687
1415.000000	21.468107
1416.000000	21.363315
1417.000000	21.261913
1418.000000	21.164065
1419.000000	21.068293
1420.000000	20.974890
1421.000000	20.909675
1422.000000	20.845942
1423.000000	20.784043
1424.000000	20.721692
1425.000000	20.661092
1426.000000	20.607520
1427.000000	20.554405
1428.000000	20.501350
1429.000000	20.447843
1430.000000	20.374198
1431.000000	20.305160
1432.000000	20.237810
1433.000000	20.171847
1434.000000	20.107280
1435.000000	20.047335
1436.000000	19.987475
1437.000000	19.929900
1438.000000	19.873015
1439.000000	19.818257
1440.000000	19.790250
1441.000000	19.762755
1442.000000	19.735988
1443.000000	19.708455
1444.000000	19.685057
1445.000000	19.663833
1446.000000	19.643037
1447.000000	19.618633
1448.000000	19.593668
1449.000000	19.572045
1450.000000	19.551037
1451.000000	19.530818
1452.000000	19.510170
1453.000000	19.489190
1454.000000	19.466423
1455.000000	19.440835
1456.000000	19.415940
1457.000000	19.392700
1458.000000	19.369785
1459.000000	19.345558
1460.000000	19.319067
1461.000000	19.291137
1462.000000	19.264433
1463.000000	19.238428
1464.000000	19.212755
1465.000000	19.187045
1466.000000	19.162298
1467.000000	19.137110
1468.000000	19.111555
1469.000000	19.061475
1470.000000	19.013378
1471.000000	18.965260
1472.000000	18.916490
1473.000000	18.869345
1474.000000	18.821245
1475.000000	18.772730
1476.000000	18.724448
1477.000000	18.678573
1478.000000	18.635123
1479.000000	18.616188
1480.000000	18.597465
1481.000000	18.580248
1482.000000	18.564653
1483.000000	18.548948
1484.000000	18.535645
1485.000000	18.525720
1486.000000	18.516310
1487.000000	18.506943
1488.000000	18.497393
1489.000000	18.488425
1490.000000	18.480005
1491.000000	18.472160
1492.000000	18.464725
1493.000000	18.459025
1494.000000	18.454493
1495.000000	18.450708
1496.000000	18.447835
1497.000000	18.447140
1498.000000	18.448393
1499.000000	18.451542
1500.000000	18.457982
1501.000000	18.467055
1502.000000	18.478727
1503.000000	18.491840
1504.000000	18.506825
1505.000000	18.523958
1506.000000	18.543605
1507.000000	18.564600
1508.000000	18.587652
1509.000000	18.613515
1510.000000	18.639572
1511.000000	18.665525
1512.000000	18.692855
1513.000000	18.746005
1514.000000	18.799950
1515.000000	18.853507
1516.000000	18.907670
1517.000000	18.962340
1518.000000	19.017135
1519.000000	19.070485
1520.000000	19.123065
1521.000000	19.175838
1522.000000	19.228700
1523.000000	19.257090
1524.000000	19.285605
1525.000000	19.313978
1526.000000	19.341248
1527.000000	19.367777
1528.000000	19.394125
1529.000000	19.420362
1530.000000	19.446710
1531.000000	19.473145
1532.000000	19.498530
1533.000000	19.522795
1534.000000	19.545603
1535.000000	19.568065
1536.000000	19.591017
1537.000000	19.613430
1538.000000	19.634750
1539.000000	19.655783
1540.000000	19.676683
1541.000000	19.697325
1542.000000	19.717205
1543.000000	19.736813
1544.000000	19.757207
1545.000000	19.778152
1546.000000	19.800163
1547.000000	19.824055
1548.000000	19.874565
1549.000000	19.926175
1550.000000	19.978675
1551.000000	20.032182
1552.000000	20.088043
1553.000000	20.144395
1554.000000	20.200493
1555.000000	20.256565
1556.000000	20.310257
1557.000000	20.362353
1558.000000	20.388268
1559.000000	20.412138
1560.000000	20.433170
1561.000000	20.450650
1562.000000	20.464098
1563.000000	20.475060
1564.000000	20.483263
1565.000000	20.488320
1566.000000	20.491543
1567.000000	20.492202
1568.000000	20.490652
1569.000000	20.487905
1570.000000	20.484810
1571.000000	20.482220
1572.000000	20.479917
1573.000000	20.477702
1574.000000	20.476115
1575.000000	20.475918
1576.000000	20.477822
1577.000000	20.480920
1578.000000	20.485263
1579.000000	20.491290
1580.000000	20.498703
1581.000000	20.508075
1582.000000	20.519445
1583.000000	20.533040
1584.000000	20.548302
1585.000000	20.564070
1586.000000	20.580113
1587.000000	20.597788
1588.000000	20.616475
1589.000000	20.636102
1590.000000	20.656200
1591.000000	20.676147
1592.000000	20.696590
1593.000000	20.716720
1594.000000	20.737735
1595.000000	20.760457
1596.000000	20.783962
1597.000000	20.808132
1598.000000	20.832862
1599.000000	20.858000
1600.000000	20.884678
1601.000000	20.913217
1602.000000	20.942770
1603.000000	20.998675
1604.000000	21.054288
1605.000000	21.109550
1606.000000	21.165550
1607.000000	21.221843
1608.000000	21.277967
1609.000000	21.333383
1610.000000	21.388035
1611.000000	21.440648
1612.000000	21.492575
1613.000000	21.518207
1614.000000	21.542600
1615.000000	21.566463
1616.000000	21.588720
1617.000000	21.609600
1618.000000	21.629768
1619.000000	21.649325
1620.000000	21.668062
1621.000000	21.686690
1622.000000	21.703697
1623.000000	21.720702
1624.000000	21.738188
1625.000000	21.755137
1626.000000	21.772650
1627.000000	21.790095
1628.000000	21.808397
1629.000000	21.826548
1630.000000	21.844650
1631.000000	21.863750
1632.000000	21.882427
1633.000000	21.900938
1634.000000	21.919223
1635.000000	21.936608
1636.000000	21.952785
1637.000000	21.968850
1638.000000	21.982973
1639.000000	21.995620
1640.000000	22.007313
1641.000000	22.018720
1642.000000	22.029187
1643.000000	22.038950
1644.000000	22.047857
1645.000000	22.057077
1646.000000	22.066320
1647.000000	22.074990
1648.000000	22.082092
1649.000000	22.090370
1650.000000	22.097970
1651.000000	22.103277
1652.000000	22.107113
1653.000000	22.109275
1654.000000	22.109230
1655.000000	22.106300
1656.000000	22.100645
1657.000000	22.092365
1658.000000	22.081525
1659.000000	22.066585
1660.000000	22.047620
1661.000000	22.000190
1662.000000	21.950120
1663.000000	21.895352
1664.000000	21.837540
1665.000000	21.775325
1666.000000	21.709345
1667.000000	21.639243
1668.000000	21.564190
1669.000000	21.485368
1670.000000	21.403533
1671.000000	21.343555
1672.000000	21.281038
1673.000000	21.217340
1674.000000	21.151715
1675.000000	21.085455
1676.000000	21.017740
1677.000000	20.948200
1678.000000	20.853770
1679.000000	20.757335
1680.000000	20.658458
1681.000000	20.556958
1682.000000	20.452620
1683.000000	20.346353
1684.000000	20.238295
1685.000000	20.130295
1686.000000	20.024025
1687.000000	19.923215
1688.000000	19.855005
1689.000000	19.795205
1690.000000	19.746275
1691.000000	19.710542
1692.000000	19.686017
1693.000000	19.672735
1694.000000	19.669265
1695.000000	19.672645
1696.000000	19.682350
1697.000000	19.694228
1698.000000	19.705915
1699.000000	19.717442
1700.000000	19.726630
1701.000000	19.731603
1702.000000	19.733965
1703.000000	19.731572
1704.000000	19.726725
1705.000000	19.718520
1706.000000	19.706205
1707.000000	19.688763
1708.000000	19.668598
1709.000000	19.643030
1710.000000	19.613225
1711.000000	19.579123
1712.000000	19.538565
1713.000000	19.467180
1714.000000	19.388292
1715.000000	19.304690
1716.000000	19.215430
1717.000000	19.123078
1718.000000	19.025335
1719.000000	18.926330
1720.000000	18.826175
1721.000000	18.725820
1722.000000	18.630240
1723.000000	18.566035
1724.000000	18.510948
1725.000000	18.464558
1726.000000	18.427240
1727.000000	18.399800
1728.000000	18.382785
1729.000000	18.374480
1730.000000	18.376215
1731.000000	18.384307
1732.000000	18.398587
1733.000000	18.417587
1734.000000	18.438875
1735.000000	18.463395
1736.000000	18.491900
1737.000000	18.521730
1738.000000	18.554202
1739.000000	18.589210
1740.000000	18.625387
1741.000000	18.665005
1742.000000	18.704732
1743.000000	18.744785
1744.000000	18.785660
1745.000000	18.825480
1746.000000	18.889140
1747.000000	18.953102
1748.000000	19.014208
1749.000000	19.072218
1750.000000	19.126908
1751.000000	19.178027
1752.000000	19.226060
1753.000000	19.270187
1754.000000	19.309977
1755.000000	19.348118
1756.000000	19.358350
1757.000000	19.365333
1758.000000	19.371502
1759.000000	19.376800
1760.000000	19.381285
1761.000000	19.384935
1762.000000	19.388987
1763.000000	19.394505
1764.000000	19.401600
1765.000000	19.409353
1766.000000	19.419142
1767.000000	19.431980
1768.000000	19.447015
1769.000000	19.464447
1770.000000	19.483953
1771.000000	19.505658
1772.000000	19.528700
1773.000000	19.552985
1774.000000	19.578627
1775.000000	19.604888
1776.000000	19.630092
1777.000000	19.653872
1778.000000	19.677222
1779.000000	19.700010
1780.000000	19.721907
1781.000000	19.742138
1782.000000	19.760057
1783.000000	19.776182
1784.000000	19.790075
1785.000000	19.801860
1786.000000	19.812365
1787.000000	19.821200
1788.000000	19.827973
1789.000000	19.832200
1790.000000	19.835487
1791.000000	19.839150
1792.000000	19.843088
1793.000000	19.846750
1794.000000	19.850677
1795.000000	19.855303
1796.000000	19.861017
1797.000000	19.866590
1798.000000	19.871688
1799.000000	19.878080
1800.000000	19.885777
1801.000000	19.893812
1802.000000	19.901745
1803.000000	19.909163
1804.000000	19.941252
1805.000000	19.973995
1806.000000	20.008097
1807.000000	20.043173
1808.000000	20.076965
1809.000000	20.109400
1810.000000	20.141240
1811.000000	20.174287
1812.000000	20.208310
1813.000000	20.241292
1814.000000	20.249680
1815.000000	20.257565
1816.000000	20.262313
1817.000000	20.263412
1818.000000	20.264048
1819.000000	20.267277
1820.000000	20.274352
1821.000000	20.282430
1822.000000	20.287430
1823.000000	20.289100
1824.000000	20.287210
1825.000000	20.283985
1826.000000	20.283407
1827.000000	20.288037
1828.000000	20.296845
1829.000000	20.305473
1830.000000	20.311677
1831.000000	20.314740
1832.000000	20.317905
1833.000000	20.323252
1834.000000	20.331877
1835.000000	20.342793
1836.000000	20.355803
1837.000000	20.369143
1838.000000	20.381252
1839.000000	20.394422
1840.000000	20.408768
1841.000000	20.428425
1842.000000	20.451997
1843.000000	20.473002
1844.000000	20.486598
1845.000000	20.493930
1846.000000	20.500320
1847.000000	20.512967
1848.000000	20.532583
1849.000000	20.548530
1850.000000	20.554255
1851.000000	20.548188
1852.000000	20.538890
1853.000000	20.535295
1854.000000	20.538847
1855.000000	20.545360
1856.000000	20.544897
1857.000000	20.532060
1858.000000	20.511758
1859.000000	20.493295
1860.000000	20.479893
1861.000000	20.469500
1862.000000	20.454995
1863.000000	20.432445
1864.000000	20.402527
1865.000000	20.366600
1866.000000	20.328643
1867.000000	20.288532
1868.000000	20.241645
1869.000000	20.191368
1870.000000	20.141140
1871.000000	20.063965
1872.000000	19.988033
1873.000000	19.914378
1874.000000	19.840277
1875.000000	19.764225
1876.000000	19.684360
1877.000000	19.599638
1878.000000	19.508390
1879.000000	19.381332
1880.000000	19.239808
1881.000000	19.113003
1882.000000	18.977052
1883.000000	18.831460
1884.000000	18.677593
1885.000000	18.491840
1886.000000	18.298603
1887.000000	18.095690
1888.000000	17.884980
1889.000000	17.694180
1890.000000	17.499610
1891.000000	17.276895
1892.000000	17.049527
1893.000000	16.816650
1894.000000	16.579535
1895.000000	16.363710
1896.000000	16.145220
1897.000000	15.901018
1898.000000	15.660055
1899.000000	15.421390
1900.000000	15.184980
1901.000000	14.950610
1902.000000	14.717203
1903.000000	14.488180
1904.000000	14.265750
1905.000000	14.050505
1906.000000	13.842057
1907.000000	13.667963
1908.000000	13.474305
1909.000000	13.284065
1910.000000	13.098603
1911.000000	12.944382
1912.000000	12.799682
1913.000000	12.663847
1914.000000	12.533695
1915.000000	12.383907
1916.000000	12.239210
1917.000000	12.097398
1918.000000	11.985637
1919.000000	11.881590
1920.000000	11.785115
1921.000000	11.694273
1922.000000	11.607710
1923.000000	11.524233
1924.000000	11.442865
1925.000000	11.390042
1926.000000	11.343315
1927.000000	11.303485
1928.000000	11.268985
1929.000000	11.238240
1930.000000	11.210157
1931.000000	11.185020
1932.000000	11.161475
1933.000000	11.140745
1934.000000	11.126105
1935.000000	11.114712
1936.000000	11.104733
1937.000000	11.098095
1938.000000	11.094342
1939.000000	11.093913
1940.000000	11.097115
1941.000000	11.103098
1942.000000	11.112637
1943.000000	11.123277
1944.000000	11.136492
1945.000000	11.152045
1946.000000	11.171283
1947.000000	11.191340
1948.000000	11.212720
1949.000000	11.233682
1950.000000	11.256135
1951.000000	11.279630
1952.000000	11.303567
1953.000000	11.331518
1954.000000	11.360307
1955.000000	11.389738
1956.000000	11.418988
1957.000000	11.448552
1958.000000	11.479690
1959.000000	11.511805
1960.000000	11.543350
1961.000000	11.576303
1962.000000	11.609605
1963.000000	11.641453
1964.000000	11.673620
1965.000000	11.705755
1966.000000	11.736062
1967.000000	11.766225
1968.000000	11.795438
1969.000000	11.849647
1970.000000	11.878955
1971.000000	11.931430
1972.000000	11.984995
1973.000000	12.038327
1974.000000	12.091120
1975.000000	12.143355
1976.000000	12.197505
1977.000000	12.252185
1978.000000	12.306023
1979.000000	12.335340
1980.000000	12.390310
1981.000000	12.422085
1982.000000	12.452023
1983.000000	12.482765
1984.000000	12.512410
1985.000000	12.543367
1986.000000	12.573942
1987.000000	12.604240
1988.000000	12.634377
1989.000000	12.664883
1990.000000	12.694782
1991.000000	12.722145
1992.000000	12.774007
1993.000000	12.825142
1994.000000	12.877055
1995.000000	12.927412
1996.000000	12.977620
1997.000000	13.027233
1998.000000	13.075692
1999.000000	13.122890
2000.000000	13.167912
2001.000000	13.212017
2002.000000	13.230058
2003.000000	13.247193
2004.000000	13.261937
2005.000000	13.275617
2006.000000	13.286820
2007.000000	13.295307
2008.000000	13.302085
2009.000000	13.306145
2010.000000	13.309240
2011.000000	13.310045
2012.000000	13.309040
2013.000000	13.305737
2014.000000	13.300637
2015.000000	13.292895
2016.000000	13.282095
2017.000000	13.269805
2018.000000	13.256747
2019.000000	13.242093
2020.000000	13.224523
2021.000000	13.204760
2022.000000	13.183550
2023.000000	13.158953
2024.000000	13.132413
2025.000000	13.104445
2026.000000	13.074937
2027.000000	13.043228
2028.000000	13.009578
2029.000000	12.972968
2030.000000	12.934830
2031.000000	12.895485
2032.000000	12.854377
2033.000000	12.786760
2034.000000	12.716677
2035.000000	12.644668
2036.000000	12.595910
2037.000000	12.545058
2038.000000	12.491385
2039.000000	12.435620
2040.000000	12.378585
2041.000000	12.295917
2042.000000	12.211367
2043.000000	12.151237
2044.000000	12.090982
2045.000000	12.030245
2046.000000	11.946082
2047.000000	11.864050
2048.000000	11.784918
2049.000000	11.709062
2050.000000	11.636582
2051.000000	11.592817
2052.000000	11.554640
2053.000000	11.522375
2054.000000	11.496605
2055.000000	11.478123
2056.000000	11.466007
2057.000000	11.460292
2058.000000	11.461420
2059.000000	11.469515
2060.000000	11.483085
2061.000000	11.502790
2062.000000	11.528182
2063.000000	11.558398
2064.000000	11.591967
2065.000000	11.628267
2066.000000	11.667693
2067.000000	11.709302
2068.000000	11.776375
2069.000000	11.844088
2070.000000	11.913332
2071.000000	11.982152
2072.000000	12.049138
2073.000000	12.114590
2074.000000	12.179353
2075.000000	12.242600
2076.000000	12.303223
2077.000000	12.361693
2078.000000	12.393148
2079.000000	12.422280
2080.000000	12.447990
2081.000000	12.471018
2082.000000	12.492185
2083.000000	12.510890
2084.000000	12.526813
2085.000000	12.539888
2086.000000	12.550102
2087.000000	12.557575
2088.000000	12.562792
2089.000000	12.565555
2090.000000	12.566813
2091.000000	12.565873
2092.000000	12.563307
2093.000000	12.559070
2094.000000	12.553495
2095.000000	12.547477
2096.000000	12.541833
2097.000000	12.536468
2098.000000	12.531005
2099.000000	12.526512
2100.000000	12.547215
2101.000000	12.543473
2102.000000	12.539883
2103.000000	12.537555
2104.000000	12.535947
2105.000000	12.534128
2106.000000	12.531263
2107.000000	12.552717
2108.000000	12.574875
2109.000000	12.596440
2110.000000	12.592302
2111.000000	12.588210
2112.000000	12.583403
2113.000000	12.577618
2114.000000	12.570640
2115.000000	12.563368
2116.000000	12.556772
2117.000000	12.524715
2118.000000	12.490325
2119.000000	12.454838
2120.000000	12.419170
2121.000000	12.407095
2122.000000	12.393762
2123.000000	12.379642
2124.000000	12.365337
2125.000000	12.349422
2126.000000	12.331770
2127.000000	12.313650
2128.000000	12.294655
2129.000000	12.274407
2130.000000	12.252405
2131.000000	12.229265
2132.000000	12.204725
2133.000000	12.177490
2134.000000	12.148480
2135.000000	12.119075
2136.000000	12.088542
2137.000000	12.055960
2138.000000	12.021850
2139.000000	11.986150
2140.000000	11.949147
2141.000000	11.910642
2142.000000	11.871657
2143.000000	11.833220
2144.000000	11.793630
2145.000000	11.751995
2146.000000	11.684680
2147.000000	11.616492
2148.000000	11.548697
2149.000000	11.480828
2150.000000	11.437653
2151.000000	11.395425
2152.000000	11.353570
2153.000000	11.285737
2154.000000	11.243148
2155.000000	11.177835
2156.000000	11.137897
2157.000000	11.098967
2158.000000	11.060957
2159.000000	11.024337
2160.000000	10.964950
2161.000000	10.905980
2162.000000	10.848700
2163.000000	10.818175
2164.000000	10.764755
2165.000000	10.737372
2166.000000	10.711895
2167.000000	10.687875
2168.000000	10.665893
2169.000000	10.619352
2170.000000	10.598280
2171.000000	10.579465
2172.000000	10.536670
2173.000000	10.494423
2174.000000	10.452127
2175.000000	10.411183
2176.000000	10.371450
2177.000000	10.332805
2178.000000	10.293710
2179.000000	10.280200
2180.000000	10.241753
2181.000000	10.202528
2182.000000	10.187295
2183.000000	10.172365
2184.000000	10.157310
2185.000000	10.114675
2186.000000	10.069382
2187.000000	10.021808
2188.000000	9.971248
2189.000000	9.918473
2190.000000	9.862892
2191.000000	9.803363
2192.000000	9.740762
2193.000000	9.673205
2194.000000	9.601240
2195.000000	9.526125
2196.000000	9.447395
2197.000000	9.365782
2198.000000	9.281640
2199.000000	9.170087
2200.000000	9.081973
2201.000000	8.968287
2202.000000	8.854268
2203.000000	8.742570
2204.000000	8.634065
2205.000000	8.552388
2206.000000	8.475623
2207.000000	8.403755
2208.000000	8.337808
2209.000000	8.303700
2210.000000	8.252202
2211.000000	8.232815
2212.000000	8.196290
2213.000000	8.192232
2214.000000	8.193862
2215.000000	8.204320
2216.000000	8.220095
2217.000000	8.241300
2218.000000	8.267345
2219.000000	8.297822
2220.000000	8.331093
2221.000000	8.367915
2222.000000	8.430737
2223.000000	8.469818
2224.000000	8.510917
2225.000000	8.551352
2226.000000	8.590732
2227.000000	8.654577
2228.000000	8.692190
2229.000000	8.727728
2230.000000	8.785277
2231.000000	8.839390
2232.000000	8.866893
2233.000000	8.916050
2234.000000	8.936412
2235.000000	8.978005
2236.000000	9.016435
2237.000000	9.001347
2238.000000	9.032105
2239.000000	9.059265
2240.000000	9.060135
2241.000000	9.058225
2242.000000	9.076430
2243.000000	9.041602
2244.000000	9.029492
2245.000000	9.014665
2246.000000	8.998273
2247.000000	9.002600
2248.000000	8.981020
2249.000000	8.957218
2250.000000	8.930980
2251.000000	8.903405
2252.000000	8.874602
2253.000000	8.870690
2254.000000	8.864927
2255.000000	8.833655
2256.000000	8.802970
2257.000000	8.774947
2258.000000	8.746287
2259.000000	8.718878
2260.000000	8.691813
2261.000000	8.666657
2262.000000	8.645010
2263.000000	8.624420
2264.000000	8.607003
2265.000000	8.592833
2266.000000	8.579952
2267.000000	8.568237
2268.000000	8.560197
2269.000000	8.554352
2270.000000	8.551388
2271.000000	8.576045
2272.000000	8.577135
2273.000000	8.580113
2274.000000	8.609345
2275.000000	8.639050
2276.000000	8.670038
2277.000000	8.701225
2278.000000	8.732243
2279.000000	8.763670
2280.000000	8.794547
2281.000000	8.798690
2282.000000	8.827820
2283.000000	8.856595
2284.000000	8.859637
2285.000000	8.862805
2286.000000	8.864840
2287.000000	8.867268
2288.000000	8.869905
2289.000000	8.897098
2290.000000	8.899240
2291.000000	8.902508
2292.000000	8.905765
2293.000000	8.909240
2294.000000	8.938485
2295.000000	8.967503
2296.000000	8.972195
2297.000000	9.003015
2298.000000	9.034370
2299.000000	9.041068
2300.000000	9.073915
2301.000000	9.107733
2302.000000	9.166462
2303.000000	9.226110
2304.000000	9.261688
2305.000000	9.298723
2306.000000	9.362527
2307.000000	9.376720
2308.000000	9.391772
2309.000000	9.408075
2310.000000	9.449808
2311.000000	9.467490
2312.000000	9.461443
2313.000000	9.455370
2314.000000	9.473347
2315.000000	9.465908
2316.000000	9.458013
2317.000000	9.500290
2318.000000	9.541665
2319.000000	9.581247
2320.000000	9.594325
2321.000000	9.630232
2322.000000	9.664115
2323.000000	9.696158
2324.000000	9.702635
2325.000000	9.732547
2326.000000	9.760417
2327.000000	9.786333
2328.000000	9.811418
2329.000000	9.835952
2330.000000	9.860185
2331.000000	9.858602
2332.000000	9.881735
2333.000000	9.905735
2334.000000	9.929312
2335.000000	9.953055
2336.000000	9.978025
2337.000000	9.978375
2338.000000	9.978487
2339.000000	9.980168
2340.000000	9.982398
2341.000000	10.010243
2342.000000	10.014487
2343.000000	10.018830
2344.000000	10.048552
2345.000000	10.079085
2346.000000	10.084952
2347.000000	10.091062
2348.000000	10.122852
2349.000000	10.153923
2350.000000	10.160138
2351.000000	10.193105
2352.000000	10.226448
2353.000000	10.260020
2354.000000	10.268770
2355.000000	10.252330
2356.000000	10.260502
2357.000000	10.293563
2358.000000	10.302027
2359.000000	10.310733
2360.000000	10.369050
2361.000000	10.401445
2362.000000	10.432227
2363.000000	10.437345
2364.000000	10.442680
2365.000000	10.472037
2366.000000	10.501062
2367.000000	10.505295
2368.000000	10.509342
2369.000000	10.513835
2370.000000	10.518627
2371.000000	10.523105
2372.000000	10.503502
2373.000000	10.509040
2374.000000	10.514698
2375.000000	10.546240
2376.000000	10.578325
2377.000000	10.585680
2378.000000	10.593087
2379.000000	10.600205
2380.000000	10.606253
2381.000000	10.587148
2382.000000	10.618225
2383.000000	10.648503
2384.000000	10.678427
2385.000000	10.682753
2386.000000	10.685738
2387.000000	10.712850
2388.000000	10.738340
2389.000000	10.763212
2390.000000	10.763080
2391.000000	10.786952
2392.000000	10.784927
2393.000000	10.782675
2394.000000	10.779438
2395.000000	10.775860
2396.000000	10.796787
2397.000000	10.816500
2398.000000	10.811570
2399.000000	10.805422
2400.000000	10.773555
2401.000000	10.740948
2402.000000	10.706983
2403.000000	10.698202
2404.000000	10.713900
2405.000000	10.728380
2406.000000	10.742495
2407.000000	10.756692
2408.000000	10.768422
2409.000000	10.780080
2410.000000	10.816765
2411.000000	10.878125
2412.000000	10.913448
2413.000000	10.897310
2414.000000	10.879973
2415.000000	10.861840
2416.000000	10.792705
2417.000000	10.746663
2418.000000	10.725410
2419.000000	10.727458
2420.000000	10.703062
2421.000000	10.678158
2422.000000	10.678033
2423.000000	10.676475
2424.000000	10.675115
2425.000000	10.672315
2426.000000	10.693390
2427.000000	10.640250
2428.000000	10.587515
2429.000000	10.534357
2430.000000	10.504183
2431.000000	10.447933
2432.000000	10.391490
2433.000000	10.361242
2434.000000	10.304218
2435.000000	10.272605
2436.000000	10.216093
2437.000000	10.207187
2438.000000	10.247497
2439.000000	10.238240
2440.000000	10.230557
2441.000000	10.222017
2442.000000	10.211913
2443.000000	10.225825
2444.000000	10.190167
2445.000000	10.155355
2446.000000	10.145440
2447.000000	10.112023
2448.000000	10.078255
2449.000000	10.069810
2450.000000	10.062598
2451.000000	10.079728
2452.000000	10.097740
2453.000000	10.067020
2454.000000	10.062810
2455.000000	10.132950
2456.000000	10.179393
2457.000000	10.227645
2458.000000	10.300923
2459.000000	10.300912
2460.000000	10.325070
2461.000000	10.326213
2462.000000	10.330443
2463.000000	10.384555
2464.000000	10.438467
2465.000000	10.468528
2466.000000	10.573932
2467.000000	10.654590
2468.000000	10.738025
2469.000000	10.870223
2470.000000	10.955623
2471.000000	11.092803
2472.000000	11.204275
2473.000000	11.266882
2474.000000	11.380788
2475.000000	11.445185
2476.000000	11.485240
2477.000000	11.527820
2478.000000	11.520135
2479.000000	11.589175
2480.000000	11.780940
2481.000000	11.899735
2482.000000	12.017762
2483.000000	12.239793
2484.000000	12.410840
2485.000000	12.584295
2486.000000	12.680460
2487.000000	12.801667
2488.000000	12.923522
2489.000000	13.049560
2490.000000	13.097660
2491.000000	13.151837
2492.000000	13.253953
2493.000000	13.428383
2494.000000	13.579395
2495.000000	13.731992
2496.000000	13.988545
2497.000000	14.270495
2498.000000	14.523932
2499.000000	14.828978
2500.000000	15.011905
2501.000000	18.966895
2502.000000	22.600907
2503.000000	26.084643
2504.000000	29.818635
2505.000000	33.625073
2506.000000	37.480905
2507.000000	41.734818
2508.000000	45.992872
2509.000000	50.345575
2510.000000	55.000000
2511.000000	55.900000
2512.000000	57.400000
2513.000000	58.800000
2514.000000	59.600000
2515.000000	60.800000
2516.000000	61.800000
2517.000000	62.500000
2518.000000	62.700000
2519.000000	62.600000
2520.000000	62.500000
2521.000000	62.800000
2522.000000	63.100000
2523.000000	63.300000
2524.000000	64.700000
2525.000000	65.500000
2526.000000	66.300000
2527.000000	67.400000
2528.000000	69.200000
2529.000000	71.200000
2530.000000	72.800000
2531.000000	73.500000
2532.000000	73.900000
2533.000000	74.500000
2534.000000	74.100000
2535.000000	74.000000
2536.000000	74.500000
2537.000000	74.800000
2538.000000	75.300000
2539.000000	76.000000
2540.000000	76.900000
2541.000000	78.200000
2542.000000	79.900000
2543.000000	81.800000
2544.000000	83.800000
2545.000000	86.000000
2546.000000	86.600000
2547.000000	87.100000
2548.000000	86.800000
2549.000000	86.100000
2550.000000	85.600000
2551.000000	85.500000
2552.000000	85.400000
2553.000000	85.000000
2554.000000	84.900000
2555.000000	84.900000
2556.000000	86.200000
2557.000000	87.000000
2558.000000	88.400000
2559.000000	89.900000
2560.000000	91.400000
2561.000000	92.200000
2562.000000	92.600000
2563.000000	93.000000
2564.000000	92.900000
2565.000000	92.600000
2566.000000	92.000000
2567.000000	91.800000
2568.000000	91.900000
2569.000000	92.200000
2570.000000	92.300000
2571.000000	93.300000
2572.000000	94.700000
2573.000000	96.000000
2574.000000	97.300000
2575.000000	98.500000
2576.000000	99.300000
2577.000000	99.800000
2578.000000	100.200000
2579.000000	100.100000
2580.000000	99.500000
2581.000000	98.400000
2582.000000	97.100000
2583.000000	96.200000
2584.000000	95.900000
2585.000000	95.500000
2586.000000	95.700000
2587.000000	96.600000
2588.000000	96.700000
2589.000000	97.000000
2590.000000	98.000000
2591.000000	98.700000
2592.000000	99.100000
2593.000000	99.000000
2594.000000	98.300000
2595.000000	97.100000
2596.000000	96.300000
2597.000000	96.200000
2598.000000	96.200000
2599.000000	96.200000
2600.000000	96.900000
2601.000000	98.100000
2602.000000	99.000000
2603.000000	100.100000
2604.000000	101.700000
2605.000000	103.200000
2606.000000	103.900000
2607.000000	103.600000
2608.000000	103.600000
2609.000000	103.300000
2610.000000	101.600000
2611.000000	100.400000
2612.000000	99.800000
2613.000000	98.800000
2614.000000	97.800000
2615.000000	97.900000
2616.000000	98.200000
2617.000000	98.100000
2618.000000	98.100000
2619.000000	98.500000
2620.000000	99.500000
2621.000000	99.800000
2622.000000	99.600000
2623.000000	99.900000
2624.000000	99.700000
2625.000000	98.900000
2626.000000	98.000000
2627.000000	97.500000
2628.000000	96.700000
2629.000000	96.100000
2630.000000	95.600000
2631.000000	95.100000
2632.000000	95.000000
2633.000000	95.400000
2634.000000	96.300000
2635.000000	97.200000
2636.000000	98.600000
2637.000000	99.700000
2638.000000	100.600000
2639.000000	100.900000
2640.000000	101.000000
2641.000000	100.700000
2642.000000	100.100000
2643.000000	98.900000
2644.000000	97.700000
2645.000000	97.400000
2646.000000	96.800000
2647.000000	96.800000
2648.000000	97.300000
2649.000000	98.200000
2650.000000	98.700000
2651.000000	100.000000
2652.000000	101.600000
2653.000000	103.300000
2654.000000	104.200000
2655.000000	103.300000
2656.000000	103.200000
2657.000000	102.900000
2658.000000	102.300000
2659.000000	100.800000
2660.000000	100.000000
2661.000000	99.700000
2662.000000	99.000000
2663.000000	98.700000
2664.000000	99.300000
2665.000000	100.200000
2666.000000	100.600000
2667.000000	101.100000
2668.000000	101.400000
2669.000000	102.400000
2670.000000	102.900000
2671.000000	102.000000
2672.000000	100.900000
2673.000000	99.100000
2674.000000	98.000000
2675.000000	97.900000
2676.000000	97.900000
2677.000000	97.200000
2678.000000	96.800000
2679.000000	96.900000
2680.000000	96.600000
2681.000000	96.800000
2682.000000	97.500000
2683.000000	98.800000
2684.000000	99.000000
2685.000000	99.500000
2686.000000	99.800000
2687.000000	99.800000
2688.000000	99.800000
2689.000000	99.400000
2690.000000	100.600000
2691.000000	102.200000
2692.000000	103.500000
2693.000000	104.300000
2694.000000	104.300000
2695.000000	103.600000
2696.000000	102.100000
2697.000000	101.800000
2698.000000	101.300000
2699.000000	101.000000
2700.000000	100.800000
2701.000000	99.300000
2702.000000	97.900000
2703.000000	97.900000
2704.000000	98.600000
2705.000000	99.800000
2706.000000	100.200000
2707.000000	100.300000
2708.000000	99.800000
2709.000000	101.200000
2710.000000	101.000000
2711.000000	100.000000
2712.000000	99.400000
2713.000000	97.900000
2714.000000	97.300000
2715.000000	95.800000
2716.000000	96.000000
2717.000000	96.400000
2718.000000	99.000000
2719.000000	98.300000
2720.000000	99.200000
2721.000000	100.800000
2722.000000	101.700000
2723.000000	103.100000
2724.000000	103.300000
2725.000000	102.500000
2726.000000	102.000000
2727.000000	101.300000
2728.000000	99.300000
2729.000000	98.700000
2730.000000	96.500000
2731.000000	97.000000
2732.000000	97.700000
2733.000000	96.800000
2734.000000	96.300000
2735.000000	97.400000
2736.000000	98.400000
2737.000000	99.000000
2738.000000	99.600000
2739.000000	99.900000
2740.000000	100.200000
2741.000000	98.200000
2742.000000	96.400000
2743.000000	95.700000
2744.000000	95.600000
2745.000000	95.700000
2746.000000	95.200000
2747.000000	94.700000
2748.000000	94.200000
2749.000000	94.000000
2750.000000	95.000000
2751.000000	96.000000
2752.000000	97.200000
2753.000000	98.000000
2754.000000	99.500000
2755.000000	99.600000
2756.000000	99.900000
2757.000000	100.100000
2758.000000	100.000000
2759.000000	99.800000
2760.000000	99.500000
2761.000000	100.100000
2762.000000	100.200000
2763.000000	100.400000
2764.000000	99.500000
2765.000000	99.700000
2766.000000	100.200000
2767.000000	101.100000
2768.000000	101.900000
2769.000000	101.600000
2770.000000	100.400000
2771.000000	98.800000
2772.000000	97.800000
2773.000000	97.400000
2774.000000	97.200000
2775.000000	96.500000
2776.000000	95.600000
2777.000000	95.400000
2778.000000	95.800000
2779.000000	96.900000
2780.000000	99.500000
2781.000000	101.400000
2782.000000	102.200000
2783.000000	102.400000
2784.000000	102.600000
2785.000000	102.000000
2786.000000	101.400000
2787.000000	99.500000
2788.000000	98.000000
2789.000000	97.200000
2790.000000	95.300000
2791.000000	94.600000
2792.000000	95.500000
2793.000000	95.800000
2794.000000	95.600000
2795.000000	96.700000
2796.000000	97.500000
2797.000000	99.600000
2798.000000	100.100000
2799.000000	100.700000
2800.000000	100.000000
2801.000000	99.600000
2802.000000	98.200000
2803.000000	97.300000
2804.000000	97.000000
2805.000000	96.800000
2806.000000	97.600000
2807.000000	97.000000
2808.000000	97.700000
2809.000000	98.100000
2810.000000	99.700000
2811.000000	100.200000
2812.000000	100.400000
2813.000000	100.900000
2814.000000	100.800000
2815.000000	99.500000
2816.000000	97.800000
2817.000000	97.200000
2818.000000	96.200000
2819.000000	95.300000
2820.000000	94.500000
2821.000000	94.100000
2822.000000	95.000000
2823.000000	95.700000
2824.000000	96.000000
2825.000000	97.900000
2826.000000	99.700000
2827.000000	100.400000
2828.000000	100.500000
2829.000000	100.400000
2830.000000	100.500000
2831.000000	100.700000
2832.000000	100.100000
2833.000000	99.700000
2834.000000	99.800000
2835.000000	99.500000
2836.000000	99.100000
2837.000000	98.700000
2838.000000	99.200000
2839.000000	99.400000
2840.000000	99.400000
2841.000000	99.800000
2842.000000	100.400000
2843.000000	99.900000
2844.000000	99.400000
2845.000000	99.000000
2846.000000	98.100000
2847.000000	97.900000
2848.000000	97.500000
2849.000000	97.600000
2850.000000	98.400000
2851.000000	98.500000
2852.000000	98.400000
2853.000000	99.000000
2854.000000	100.100000
2855.000000	100.900000
2856.000000	101.100000
2857.000000	101.000000
2858.000000	100.700000
2859.000000	99.800000
2860.000000	97.800000
2861.000000	96.400000
2862.000000	95.400000
2863.000000	94.200000
2864.000000	93.400000
2865.000000	93.100000
2866.000000	93.300000
2867.000000	94.100000
2868.000000	95.400000
2869.000000	96.800000
2870.000000	98.200000
2871.000000	98.900000
2872.000000	99.100000
2873.000000	99.600000
2874.000000	99.200000
2875.000000	98.100000
2876.000000	97.600000
2877.000000	96.700000
2878.000000	95.800000
2879.000000	95.900000
2880.000000	96.200000
2881.000000	97.100000
2882.000000	98.300000
2883.000000	99.500000
2884.000000	100.700000
2885.000000	102.000000
2886.000000	102.600000
2887.000000	103.000000
2888.000000	103.300000
2889.000000	102.500000
2890.000000	101.400000
2891.000000	100.300000
2892.000000	99.200000
2893.000000	97.800000
2894.000000	97.000000
2895.000000	96.900000
2896.000000	97.000000
2897.000000	97.800000
2898.000000	97.900000
2899.000000	98.300000
2900.000000	99.800000
2901.000000	100.800000
2902.000000	101.300000
2903.000000	101.600000
2904.000000	101.100000
2905.000000	99.800000
2906.000000	98.100000
2907.000000	96.000000
2908.000000	94.800000
2909.000000	94.600000
2910.000000	93.900000
2911.000000	93.600000
2912.000000	93.800000
2913.000000	94.600000
2914.000000	95.500000
2915.000000	96.200000
2916.000000	97.600000
2917.000000	98.900000
2918.000000	100.000000
2919.000000	99.900000
2920.000000	99.100000
2921.000000	97.400000
2922.000000	95.600000
2923.000000	94.600000
2924.000000	93.900000
2925.000000	93.700000
2926.000000	93.200000
2927.000000	93.900000
2928.000000	94.400000
2929.000000	94.400000
2930.000000	94.900000
2931.000000	95.800000
2932.000000	96.900000
2933.000000	96.800000
2934.000000	96.700000
2935.000000	96.000000
2936.000000	95.100000
2937.000000	93.300000
2938.000000	91.900000
2939.000000	91.200000
2940.000000	90.600000
2941.000000	90.700000
2942.000000	91.900000
2943.000000	93.000000
2944.000000	93.800000
2945.000000	95.600000
2946.000000	97.500000
2947.000000	98.800000
2948.000000	100.100000
2949.000000	100.500000
2950.000000	101.100000
2951.000000	101.000000
2952.000000	99.400000
2953.000000	98.100000
2954.000000	97.000000
2955.000000	94.700000
2956.000000	93.500000
2957.000000	92.900000
2958.000000	91.500000
2959.000000	92.500000
2960.000000	93.200000
2961.000000	93.800000
2962.000000	95.700000
2963.000000	98.200000
2964.000000	99.400000
2965.000000	101.100000
2966.000000	102.000000
2967.000000	102.400000
2968.000000	102.800000
2969.000000	101.600000
2970.000000	100.400000
2971.000000	99.100000
2972.000000	97.400000
2973.000000	95.800000
2974.000000	94.500000
2975.000000	94.200000
2976.000000	93.800000
2977.000000	94.300000
2978.000000	94.400000
2979.000000	95.700000
2980.000000	96.800000
2981.000000	98.700000
2982.000000	99.100000
2983.000000	99.000000
2984.000000	99.700000
2985.000000	98.900000
2986.000000	98.100000
2987.000000	96.600000
2988.000000	96.200000
2989.000000	94.700000
2990.000000	93.100000
2991.000000	92.400000
2992.000000	92.600000
2993.000000	93.100000
2994.000000	93.900000
2995.000000	94.200000
2996.000000	96.700000
2997.000000	97.400000
2998.000000	97.700000
2999.000000	97.900000
3000.000000	99.300000
