PE UV       SUBTECH     SPECTRUM    ASCII       PEDS        4.00        
   -1
M.HIRT.DIUR-TX3.ASC
23/11/30
14:37:47.00
23/11/30
14:37:47.00
Vinicio Soto Monge
MACRASPIS HIRTIVENTIS DIURNA
250,000000
1
Lambda 1050
1050L1511233
PerkinElmer UV WinLab 6.3.2.0749 / 2.02.05 Lambda 900 UV/VIS/NIR, Aug  7 2015 09:38:08

0
0
3350/servo 860,8/2
0
0
UV/VIS
1
1
1
DoubleDePol,CommonBeamDepol,RBeamAtt,SBeamAtt,60mm sphere, WB InGaAs Detector
0
0
0
0
Program
Program
3350/servo 860,8/2
3350/0,4 860,8/0,4
3350/0,4 860,8/0,4
0
20.00
 
 
 
0
 
860,8
319,2
860,8
Front
100
on
S:100 R:100
0
0
0
0
 
0
 
 
 
0
 
 
0
0
0
0
0
 
 
 
 
0
0


0
0
#HDR
-1
-1
#GR
nm
%T
1.0
0.0
2200,000000
-1,000000
1951
8
47,460125
0,241152
#DATA
284.000000	0.274335
285.000000	0.275208
286.000000	0.276105
287.000000	0.277437
288.000000	0.278406
289.000000	0.279000
290.000000	0.280139
291.000000	0.280698
292.000000	0.281278
293.000000	0.282118
294.000000	0.282349
295.000000	0.282779
296.000000	0.283405
297.000000	0.284005
298.000000	0.285020
299.000000	0.285812
300.000000	0.286195
301.000000	0.287305
302.000000	0.288106
303.000000	0.288478
304.000000	0.289229
305.000000	0.289654
306.000000	0.290171
307.000000	0.291272
308.000000	0.292439
309.000000	0.294038
310.000000	0.294796
311.000000	0.295667
312.000000	0.296452
313.000000	0.296976
314.000000	0.298155
315.000000	0.299470
316.000000	0.300760
317.000000	0.301496
318.000000	0.303315
319.000000	0.306564
320.000000	0.311371
321.000000	0.314211
322.000000	0.316318
323.000000	0.317936
324.000000	0.319791
325.000000	0.321515
326.000000	0.323988
327.000000	0.326794
328.000000	0.329849
329.000000	0.334452
330.000000	0.337193
331.000000	0.340486
332.000000	0.344042
333.000000	0.347562
334.000000	0.351739
335.000000	0.355349
336.000000	0.358324
337.000000	0.361828
338.000000	0.365467
339.000000	0.368556
340.000000	0.371966
341.000000	0.375456
342.000000	0.377894
343.000000	0.381159
344.000000	0.384160
345.000000	0.388065
346.000000	0.391404
347.000000	0.394573
348.000000	0.398446
349.000000	0.401262
350.000000	0.404718
351.000000	0.408181
352.000000	0.411964
353.000000	0.414879
354.000000	0.416582
355.000000	0.416717
356.000000	0.419190
357.000000	0.422640
358.000000	0.426258
359.000000	0.429730
360.000000	0.433321
361.000000	0.436325
362.000000	0.439528
363.000000	0.441977
364.000000	0.442898
365.000000	0.446064
366.000000	0.448468
367.000000	0.451542
368.000000	0.453816
369.000000	0.455787
370.000000	0.459129
371.000000	0.462853
372.000000	0.465245
373.000000	0.467435
374.000000	0.469687
375.000000	0.471899
376.000000	0.474705
377.000000	0.477795
378.000000	0.480052
379.000000	0.482524
380.000000	0.484279
381.000000	0.486478
382.000000	0.489025
383.000000	0.491399
384.000000	0.494387
385.000000	0.496419
386.000000	0.498979
387.000000	0.501770
388.000000	0.504172
389.000000	0.506304
390.000000	0.508330
391.000000	0.510048
392.000000	0.511390
393.000000	0.513425
394.000000	0.515519
395.000000	0.517287
396.000000	0.519153
397.000000	0.520583
398.000000	0.522407
399.000000	0.524277
400.000000	0.525905
401.000000	0.527282
402.000000	0.528196
403.000000	0.529402
404.000000	0.530699
405.000000	0.531362
406.000000	0.532030
407.000000	0.533382
408.000000	0.534748
409.000000	0.536609
410.000000	0.538335
411.000000	0.539608
412.000000	0.541024
413.000000	0.542235
414.000000	0.543351
415.000000	0.544551
416.000000	0.545617
417.000000	0.546587
418.000000	0.547547
419.000000	0.548345
420.000000	0.549155
421.000000	0.549924
422.000000	0.550641
423.000000	0.551361
424.000000	0.552086
425.000000	0.552711
426.000000	0.553201
427.000000	0.553619
428.000000	0.554081
429.000000	0.554524
430.000000	0.555010
431.000000	0.555523
432.000000	0.555930
433.000000	0.556233
434.000000	0.556482
435.000000	0.556744
436.000000	0.556963
437.000000	0.557229
438.000000	0.557431
439.000000	0.557596
440.000000	0.557779
441.000000	0.557964
442.000000	0.558122
443.000000	0.558216
444.000000	0.558259
445.000000	0.558324
446.000000	0.558376
447.000000	0.558317
448.000000	0.558299
449.000000	0.558325
450.000000	0.558265
451.000000	0.558168
452.000000	0.558002
453.000000	0.557818
454.000000	0.557662
455.000000	0.557444
456.000000	0.557206
457.000000	0.556977
458.000000	0.556691
459.000000	0.556389
460.000000	0.556107
461.000000	0.555854
462.000000	0.555636
463.000000	0.555347
464.000000	0.555073
465.000000	0.554807
466.000000	0.554459
467.000000	0.554123
468.000000	0.553804
469.000000	0.553519
470.000000	0.553104
471.000000	0.552687
472.000000	0.552304
473.000000	0.551883
474.000000	0.551408
475.000000	0.550978
476.000000	0.550599
477.000000	0.550159
478.000000	0.549693
479.000000	0.549186
480.000000	0.548700
481.000000	0.548275
482.000000	0.548012
483.000000	0.547680
484.000000	0.547272
485.000000	0.546827
486.000000	0.546401
487.000000	0.546039
488.000000	0.545653
489.000000	0.545166
490.000000	0.544665
491.000000	0.544104
492.000000	0.543568
493.000000	0.543073
494.000000	0.542670
495.000000	0.542161
496.000000	0.541699
497.000000	0.541185
498.000000	0.540619
499.000000	0.540031
500.000000	0.539408
501.000000	0.538757
502.000000	0.538170
503.000000	0.537591
504.000000	0.536864
505.000000	0.536218
506.000000	0.535585
507.000000	0.534862
508.000000	0.534139
509.000000	0.533425
510.000000	0.532635
511.000000	0.531829
512.000000	0.530969
513.000000	0.530266
514.000000	0.529698
515.000000	0.529037
516.000000	0.528249
517.000000	0.527317
518.000000	0.526541
519.000000	0.525722
520.000000	0.524955
521.000000	0.524307
522.000000	0.523591
523.000000	0.522922
524.000000	0.522315
525.000000	0.521728
526.000000	0.521181
527.000000	0.520642
528.000000	0.520153
529.000000	0.519615
530.000000	0.519260
531.000000	0.518923
532.000000	0.518635
533.000000	0.518457
534.000000	0.518274
535.000000	0.518065
536.000000	0.517899
537.000000	0.517779
538.000000	0.517627
539.000000	0.517607
540.000000	0.517613
541.000000	0.517605
542.000000	0.517671
543.000000	0.517650
544.000000	0.517759
545.000000	0.517983
546.000000	0.518148
547.000000	0.518439
548.000000	0.518629
549.000000	0.518745
550.000000	0.519064
551.000000	0.519374
552.000000	0.519702
553.000000	0.519859
554.000000	0.520208
555.000000	0.520564
556.000000	0.520951
557.000000	0.521389
558.000000	0.521767
559.000000	0.522045
560.000000	0.522323
561.000000	0.522667
562.000000	0.522925
563.000000	0.523109
564.000000	0.523450
565.000000	0.523769
566.000000	0.523990
567.000000	0.524284
568.000000	0.524458
569.000000	0.524761
570.000000	0.525142
571.000000	0.525600
572.000000	0.525971
573.000000	0.526420
574.000000	0.526908
575.000000	0.527429
576.000000	0.527910
577.000000	0.528476
578.000000	0.529324
579.000000	0.529975
580.000000	0.530618
581.000000	0.531395
582.000000	0.532209
583.000000	0.533030
584.000000	0.534052
585.000000	0.535065
586.000000	0.536168
587.000000	0.537559
588.000000	0.539103
589.000000	0.540580
590.000000	0.542144
591.000000	0.543786
592.000000	0.545478
593.000000	0.547349
594.000000	0.549527
595.000000	0.551839
596.000000	0.554194
597.000000	0.556696
598.000000	0.559370
599.000000	0.562022
600.000000	0.564769
601.000000	0.567648
602.000000	0.570682
603.000000	0.573959
604.000000	0.577318
605.000000	0.580823
606.000000	0.584624
607.000000	0.588591
608.000000	0.592724
609.000000	0.597062
610.000000	0.601510
611.000000	0.606287
612.000000	0.611150
613.000000	0.616135
614.000000	0.621522
615.000000	0.627044
616.000000	0.632737
617.000000	0.638690
618.000000	0.645004
619.000000	0.651280
620.000000	0.657688
621.000000	0.664591
622.000000	0.671555
623.000000	0.678891
624.000000	0.686526
625.000000	0.694433
626.000000	0.702637
627.000000	0.711096
628.000000	0.719724
629.000000	0.728473
630.000000	0.737574
631.000000	0.746997
632.000000	0.756783
633.000000	0.766908
634.000000	0.777281
635.000000	0.787988
636.000000	0.799133
637.000000	0.810435
638.000000	0.822159
639.000000	0.834236
640.000000	0.846573
641.000000	0.859121
642.000000	0.872157
643.000000	0.885586
644.000000	0.899361
645.000000	0.913523
646.000000	0.928033
647.000000	0.942857
648.000000	0.958061
649.000000	0.973747
650.000000	0.989821
651.000000	1.006341
652.000000	1.023236
653.000000	1.040402
654.000000	1.058167
655.000000	1.076222
656.000000	1.094511
657.000000	1.113381
658.000000	1.132550
659.000000	1.152139
660.000000	1.172174
661.000000	1.192423
662.000000	1.213318
663.000000	1.234708
664.000000	1.256497
665.000000	1.278757
666.000000	1.301443
667.000000	1.324517
668.000000	1.348131
669.000000	1.372296
670.000000	1.396829
671.000000	1.421783
672.000000	1.447271
673.000000	1.473093
674.000000	1.499291
675.000000	1.526042
676.000000	1.553339
677.000000	1.580991
678.000000	1.608988
679.000000	1.637502
680.000000	1.666617
681.000000	1.696200
682.000000	1.726175
683.000000	1.756688
684.000000	1.787457
685.000000	1.818876
686.000000	1.850722
687.000000	1.883001
688.000000	1.915790
689.000000	1.949012
690.000000	1.982822
691.000000	2.017090
692.000000	2.051769
693.000000	2.087017
694.000000	2.122657
695.000000	2.158758
696.000000	2.195456
697.000000	2.232609
698.000000	2.270293
699.000000	2.308575
700.000000	2.347159
701.000000	2.386289
702.000000	2.425946
703.000000	2.465888
704.000000	2.506437
705.000000	2.547672
706.000000	2.589298
707.000000	2.631300
708.000000	2.673863
709.000000	2.717070
710.000000	2.760613
711.000000	2.804483
712.000000	2.848847
713.000000	2.893968
714.000000	2.939547
715.000000	2.985500
716.000000	3.032032
717.000000	3.079298
718.000000	3.126824
719.000000	3.174775
720.000000	3.222947
721.000000	3.271558
722.000000	3.320885
723.000000	3.370885
724.000000	3.421325
725.000000	3.472235
726.000000	3.523769
727.000000	3.575742
728.000000	3.628179
729.000000	3.681144
730.000000	3.734410
731.000000	3.788170
732.000000	3.842353
733.000000	3.897086
734.000000	3.952265
735.000000	4.007756
736.000000	4.063968
737.000000	4.120679
738.000000	4.178072
739.000000	4.235747
740.000000	4.293706
741.000000	4.352258
742.000000	4.411485
743.000000	4.471327
744.000000	4.531253
745.000000	4.591745
746.000000	4.653011
747.000000	4.714471
748.000000	4.776337
749.000000	4.838539
750.000000	4.901079
751.000000	4.964289
752.000000	5.028027
753.000000	5.092217
754.000000	5.156681
755.000000	5.221829
756.000000	5.287599
757.000000	5.353453
758.000000	5.419588
759.000000	5.486651
760.000000	5.554272
761.000000	5.622238
762.000000	5.690662
763.000000	5.759154
764.000000	5.828158
765.000000	5.897610
766.000000	5.967467
767.000000	6.037806
768.000000	6.108238
769.000000	6.179270
770.000000	6.251028
771.000000	6.322850
772.000000	6.395129
773.000000	6.467931
774.000000	6.541122
775.000000	6.614352
776.000000	6.688260
777.000000	6.762460
778.000000	6.837064
779.000000	6.912109
780.000000	6.987640
781.000000	7.063111
782.000000	7.139121
783.000000	7.215707
784.000000	7.293142
785.000000	7.370731
786.000000	7.448133
787.000000	7.526301
788.000000	7.604639
789.000000	7.683922
790.000000	7.763433
791.000000	7.842943
792.000000	7.922942
793.000000	8.003278
794.000000	8.083362
795.000000	8.163551
796.000000	8.244345
797.000000	8.325099
798.000000	8.407513
799.000000	8.489595
800.000000	8.572544
801.000000	8.655324
802.000000	8.738482
803.000000	8.821821
804.000000	8.905361
805.000000	8.988816
806.000000	9.072494
807.000000	9.156846
808.000000	9.241649
809.000000	9.326043
810.000000	9.411784
811.000000	9.496999
812.000000	9.582768
813.000000	9.667731
814.000000	9.753918
815.000000	9.840185
816.000000	9.927280
817.000000	10.014829
818.000000	10.102396
819.000000	10.189219
820.000000	10.277148
821.000000	10.365612
822.000000	10.453576
823.000000	10.542121
824.000000	10.630661
825.000000	10.719920
826.000000	10.809082
827.000000	10.898088
828.000000	10.986840
829.000000	11.077072
830.000000	11.167137
831.000000	11.258000
832.000000	11.349538
833.000000	11.440184
834.000000	11.530125
835.000000	11.619750
836.000000	11.709448
837.000000	11.801969
838.000000	11.894742
839.000000	11.988015
840.000000	12.080339
841.000000	12.172966
842.000000	12.266348
843.000000	12.357844
844.000000	12.450973
845.000000	12.541613
846.000000	12.633503
847.000000	12.726413
848.000000	12.819339
849.000000	12.915004
850.000000	13.009195
851.000000	13.102899
852.000000	13.195919
853.000000	13.292736
854.000000	13.385445
855.000000	13.478467
856.000000	13.573108
857.000000	13.668532
858.000000	13.782973
859.000000	13.884529
860.000000	13.978813
861.000000	14.068774
862.000000	14.173184
863.000000	14.270635
864.000000	14.382554
865.000000	14.493593
866.000000	14.597691
867.000000	14.686185
868.000000	14.773876
869.000000	14.860299
870.000000	14.962786
871.000000	15.028719
872.000000	15.118314
873.000000	15.202018
874.000000	15.287129
875.000000	15.373922
876.000000	15.463271
877.000000	15.554981
878.000000	15.646483
879.000000	15.746653
880.000000	15.847416
881.000000	15.931998
882.000000	16.035168
883.000000	16.135637
884.000000	16.221426
885.000000	16.303736
886.000000	16.402859
887.000000	16.502968
888.000000	16.581725
889.000000	16.680180
890.000000	16.763533
891.000000	16.858586
892.000000	16.917007
893.000000	16.975725
894.000000	17.071817
895.000000	17.162453
896.000000	17.252442
897.000000	17.345172
898.000000	17.454501
899.000000	17.526198
900.000000	17.607275
901.000000	17.703450
902.000000	17.782481
903.000000	17.866820
904.000000	17.957126
905.000000	18.037028
906.000000	18.152585
907.000000	18.241896
908.000000	18.313816
909.000000	18.411497
910.000000	18.525247
911.000000	18.622003
912.000000	18.710674
913.000000	18.815316
914.000000	18.899029
915.000000	18.977249
916.000000	19.077334
917.000000	19.138300
918.000000	19.193172
919.000000	19.284254
920.000000	19.372215
921.000000	19.457223
922.000000	19.545258
923.000000	19.650969
924.000000	19.740118
925.000000	19.848760
926.000000	19.920714
927.000000	20.040640
928.000000	20.144003
929.000000	20.226656
930.000000	20.301419
931.000000	20.398659
932.000000	20.481621
933.000000	20.539180
934.000000	20.624445
935.000000	20.707746
936.000000	20.786277
937.000000	20.895495
938.000000	20.997270
939.000000	21.085845
940.000000	21.174703
941.000000	21.249669
942.000000	21.339600
943.000000	21.463170
944.000000	21.552342
945.000000	21.620919
946.000000	21.707699
947.000000	21.803124
948.000000	21.869706
949.000000	21.942754
950.000000	22.025659
951.000000	22.096243
952.000000	22.192281
953.000000	22.308586
954.000000	22.385933
955.000000	22.475071
956.000000	22.541699
957.000000	22.592251
958.000000	22.644671
959.000000	22.714693
960.000000	22.777066
961.000000	22.857018
962.000000	22.928877
963.000000	23.000743
964.000000	23.068392
965.000000	23.153330
966.000000	23.222788
967.000000	23.299382
968.000000	23.393542
969.000000	23.483558
970.000000	23.573068
971.000000	23.661238
972.000000	23.742468
973.000000	23.810370
974.000000	23.891424
975.000000	23.963824
976.000000	24.045714
977.000000	24.109897
978.000000	24.159709
979.000000	24.217291
980.000000	24.286494
981.000000	24.345949
982.000000	24.398658
983.000000	24.472572
984.000000	24.556595
985.000000	24.637884
986.000000	24.720503
987.000000	24.793281
988.000000	24.844521
989.000000	24.919254
990.000000	24.993399
991.000000	25.068447
992.000000	25.152150
993.000000	25.245165
994.000000	25.326904
995.000000	25.417134
996.000000	25.498269
997.000000	25.559793
998.000000	25.629221
999.000000	25.718932
1000.000000	25.802847
1001.000000	25.864873
1002.000000	25.920503
1003.000000	25.978788
1004.000000	26.028042
1005.000000	26.075861
1006.000000	26.132945
1007.000000	26.198580
1008.000000	26.265771
1009.000000	26.323790
1010.000000	26.390513
1011.000000	26.467177
1012.000000	26.556055
1013.000000	26.638331
1014.000000	26.703467
1015.000000	26.765508
1016.000000	26.852019
1017.000000	26.944557
1018.000000	27.031387
1019.000000	27.100243
1020.000000	27.149760
1021.000000	27.209125
1022.000000	27.272091
1023.000000	27.352986
1024.000000	27.444454
1025.000000	27.513530
1026.000000	27.590108
1027.000000	27.679774
1028.000000	27.745772
1029.000000	27.799168
1030.000000	27.849730
1031.000000	27.918644
1032.000000	28.008385
1033.000000	28.095057
1034.000000	28.156392
1035.000000	28.219151
1036.000000	28.301097
1037.000000	28.381225
1038.000000	28.463228
1039.000000	28.546144
1040.000000	28.614709
1041.000000	28.669426
1042.000000	28.728682
1043.000000	28.790649
1044.000000	28.867045
1045.000000	28.938145
1046.000000	29.004135
1047.000000	29.047262
1048.000000	29.101248
1049.000000	29.170665
1050.000000	29.241482
1051.000000	29.299578
1052.000000	29.352243
1053.000000	29.421630
1054.000000	29.500237
1055.000000	29.576031
1056.000000	29.646456
1057.000000	29.719139
1058.000000	29.780804
1059.000000	29.826238
1060.000000	29.892809
1061.000000	29.956013
1062.000000	30.001889
1063.000000	30.068366
1064.000000	30.139935
1065.000000	30.200556
1066.000000	30.257445
1067.000000	30.318803
1068.000000	30.366281
1069.000000	30.399736
1070.000000	30.451362
1071.000000	30.486700
1072.000000	30.530760
1073.000000	30.562169
1074.000000	30.628267
1075.000000	30.703399
1076.000000	30.776112
1077.000000	30.837544
1078.000000	30.884314
1079.000000	30.948742
1080.000000	31.002153
1081.000000	31.058005
1082.000000	31.130937
1083.000000	31.195467
1084.000000	31.256447
1085.000000	31.308302
1086.000000	31.320932
1087.000000	31.368094
1088.000000	31.403737
1089.000000	31.436081
1090.000000	31.491687
1091.000000	31.547096
1092.000000	31.617045
1093.000000	31.692991
1094.000000	31.738711
1095.000000	31.773119
1096.000000	31.844371
1097.000000	31.913024
1098.000000	31.951764
1099.000000	32.003761
1100.000000	32.063512
1101.000000	32.115006
1102.000000	32.162356
1103.000000	32.225226
1104.000000	32.281578
1105.000000	32.333484
1106.000000	32.400120
1107.000000	32.457788
1108.000000	32.536100
1109.000000	32.569310
1110.000000	32.586123
1111.000000	32.628456
1112.000000	32.689687
1113.000000	32.763083
1114.000000	32.813387
1115.000000	32.864247
1116.000000	32.904004
1117.000000	32.923521
1118.000000	32.965792
1119.000000	33.026659
1120.000000	33.078057
1121.000000	33.173304
1122.000000	33.217869
1123.000000	33.307138
1124.000000	33.346057
1125.000000	33.396721
1126.000000	33.431652
1127.000000	33.453880
1128.000000	33.475085
1129.000000	33.534485
1130.000000	33.594829
1131.000000	33.608283
1132.000000	33.639184
1133.000000	33.681339
1134.000000	33.734003
1135.000000	33.764411
1136.000000	33.775575
1137.000000	33.829540
1138.000000	33.871637
1139.000000	33.920620
1140.000000	33.980152
1141.000000	34.032794
1142.000000	34.071477
1143.000000	34.095154
1144.000000	34.138479
1145.000000	34.188357
1146.000000	34.234053
1147.000000	34.240975
1148.000000	34.273302
1149.000000	34.314125
1150.000000	34.338523
1151.000000	34.382638
1152.000000	34.458365
1153.000000	34.489225
1154.000000	34.522698
1155.000000	34.550271
1156.000000	34.578856
1157.000000	34.633375
1158.000000	34.601197
1159.000000	34.633953
1160.000000	34.648583
1161.000000	34.686463
1162.000000	34.705555
1163.000000	34.732168
1164.000000	34.742655
1165.000000	34.772800
1166.000000	34.822661
1167.000000	34.863860
1168.000000	34.896704
1169.000000	34.901878
1170.000000	34.935932
1171.000000	34.986926
1172.000000	34.990173
1173.000000	34.987446
1174.000000	35.011926
1175.000000	34.987827
1176.000000	34.985245
1177.000000	34.991871
1178.000000	35.028256
1179.000000	35.058445
1180.000000	35.088562
1181.000000	35.097369
1182.000000	35.137398
1183.000000	35.158352
1184.000000	35.167543
1185.000000	35.200001
1186.000000	35.210729
1187.000000	35.195966
1188.000000	35.212723
1189.000000	35.235174
1190.000000	35.268731
1191.000000	35.272694
1192.000000	35.272122
1193.000000	35.314695
1194.000000	35.358157
1195.000000	35.386291
1196.000000	35.387876
1197.000000	35.422127
1198.000000	35.446009
1199.000000	35.475723
1200.000000	35.494546
1201.000000	35.504126
1202.000000	35.508567
1203.000000	35.546048
1204.000000	35.588944
1205.000000	35.614775
1206.000000	35.641467
1207.000000	35.677556
1208.000000	35.725371
1209.000000	35.769211
1210.000000	35.829730
1211.000000	35.874839
1212.000000	35.923359
1213.000000	35.930803
1214.000000	35.947641
1215.000000	35.972553
1216.000000	36.004484
1217.000000	36.020847
1218.000000	36.065777
1219.000000	36.102392
1220.000000	36.123605
1221.000000	36.168746
1222.000000	36.238411
1223.000000	36.285490
1224.000000	36.304394
1225.000000	36.335115
1226.000000	36.395275
1227.000000	36.437151
1228.000000	36.460574
1229.000000	36.483957
1230.000000	36.534096
1231.000000	36.592948
1232.000000	36.632146
1233.000000	36.678235
1234.000000	36.705771
1235.000000	36.727921
1236.000000	36.760447
1237.000000	36.797828
1238.000000	36.816232
1239.000000	36.838325
1240.000000	36.874114
1241.000000	36.916654
1242.000000	36.951138
1243.000000	36.970203
1244.000000	36.988095
1245.000000	37.020607
1246.000000	37.054946
1247.000000	37.099542
1248.000000	37.147398
1249.000000	37.186847
1250.000000	37.223211
1251.000000	37.254161
1252.000000	37.302792
1253.000000	37.328984
1254.000000	37.355228
1255.000000	37.396625
1256.000000	37.427797
1257.000000	37.440568
1258.000000	37.481957
1259.000000	37.532209
1260.000000	37.563825
1261.000000	37.584384
1262.000000	37.621287
1263.000000	37.659713
1264.000000	37.681941
1265.000000	37.681845
1266.000000	37.692109
1267.000000	37.711704
1268.000000	37.719805
1269.000000	37.757797
1270.000000	37.799605
1271.000000	37.816080
1272.000000	37.853101
1273.000000	37.903301
1274.000000	37.937767
1275.000000	37.965779
1276.000000	37.978197
1277.000000	37.986095
1278.000000	38.003832
1279.000000	38.023789
1280.000000	38.043338
1281.000000	38.069151
1282.000000	38.086764
1283.000000	38.114326
1284.000000	38.147864
1285.000000	38.186809
1286.000000	38.215482
1287.000000	38.230480
1288.000000	38.251426
1289.000000	38.273868
1290.000000	38.301850
1291.000000	38.336898
1292.000000	38.358704
1293.000000	38.375122
1294.000000	38.412695
1295.000000	38.444318
1296.000000	38.460163
1297.000000	38.484205
1298.000000	38.513475
1299.000000	38.543954
1300.000000	38.579030
1301.000000	38.623910
1302.000000	38.661450
1303.000000	38.690674
1304.000000	38.710086
1305.000000	38.730337
1306.000000	38.765896
1307.000000	38.785854
1308.000000	38.792768
1309.000000	38.813985
1310.000000	38.829458
1311.000000	38.860777
1312.000000	38.890993
1313.000000	38.903968
1314.000000	38.904849
1315.000000	38.922370
1316.000000	38.934780
1317.000000	38.945639
1318.000000	38.954070
1319.000000	38.944751
1320.000000	38.943453
1321.000000	38.949238
1322.000000	38.962001
1323.000000	38.967119
1324.000000	38.987948
1325.000000	39.009975
1326.000000	39.012145
1327.000000	39.013239
1328.000000	39.024993
1329.000000	38.999130
1330.000000	38.985203
1331.000000	39.002585
1332.000000	38.990217
1333.000000	39.001868
1334.000000	39.013664
1335.000000	39.023086
1336.000000	39.036132
1337.000000	39.031890
1338.000000	39.040804
1339.000000	39.060868
1340.000000	39.065137
1341.000000	39.053636
1342.000000	39.058713
1343.000000	39.062532
1344.000000	39.062092
1345.000000	39.085345
1346.000000	39.072265
1347.000000	39.074353
1348.000000	39.102030
1349.000000	39.114792
1350.000000	39.108639
1351.000000	39.078484
1352.000000	39.010097
1353.000000	38.969214
1354.000000	39.018885
1355.000000	39.087333
1356.000000	39.100285
1357.000000	39.138551
1358.000000	39.150862
1359.000000	39.135715
1360.000000	39.176352
1361.000000	39.139735
1362.000000	38.959762
1363.000000	38.897694
1364.000000	39.023600
1365.000000	38.982699
1366.000000	39.010802
1367.000000	39.193196
1368.000000	39.250388
1369.000000	39.320074
1370.000000	39.403396
1371.000000	39.406720
1372.000000	39.445580
1373.000000	39.450047
1374.000000	39.440479
1375.000000	39.421136
1376.000000	39.484864
1377.000000	39.460660
1378.000000	39.519876
1379.000000	39.483394
1380.000000	39.288394
1381.000000	39.296201
1382.000000	39.418354
1383.000000	39.456268
1384.000000	39.492195
1385.000000	39.504110
1386.000000	39.503422
1387.000000	39.653265
1388.000000	39.589461
1389.000000	39.549532
1390.000000	39.487290
1391.000000	39.502762
1392.000000	39.385272
1393.000000	39.383503
1394.000000	39.367166
1395.000000	39.334355
1396.000000	39.239903
1397.000000	39.306995
1398.000000	39.312843
1399.000000	39.216723
1400.000000	39.376937
1401.000000	39.327136
1402.000000	39.109384
1403.000000	38.986039
1404.000000	38.827196
1405.000000	38.655046
1406.000000	38.614563
1407.000000	38.513389
1408.000000	38.474925
1409.000000	38.429218
1410.000000	38.412116
1411.000000	38.291409
1412.000000	38.223618
1413.000000	38.101277
1414.000000	38.114724
1415.000000	38.208044
1416.000000	38.139606
1417.000000	37.956456
1418.000000	37.837634
1419.000000	37.763735
1420.000000	37.707379
1421.000000	37.666947
1422.000000	37.494348
1423.000000	37.530318
1424.000000	37.446530
1425.000000	37.376888
1426.000000	37.251013
1427.000000	37.218800
1428.000000	37.113555
1429.000000	37.046428
1430.000000	36.920417
1431.000000	36.960321
1432.000000	36.996783
1433.000000	36.941439
1434.000000	36.813156
1435.000000	36.613047
1436.000000	36.537005
1437.000000	36.501602
1438.000000	36.467867
1439.000000	36.475875
1440.000000	36.492268
1441.000000	36.446150
1442.000000	36.403376
1443.000000	36.325269
1444.000000	36.260213
1445.000000	36.229725
1446.000000	36.190141
1447.000000	36.166587
1448.000000	36.111573
1449.000000	36.025813
1450.000000	36.018097
1451.000000	35.982904
1452.000000	35.931939
1453.000000	35.914474
1454.000000	35.859567
1455.000000	35.808783
1456.000000	35.765972
1457.000000	35.739111
1458.000000	35.696837
1459.000000	35.662082
1460.000000	35.609631
1461.000000	35.612503
1462.000000	35.613783
1463.000000	35.594767
1464.000000	35.564175
1465.000000	35.546246
1466.000000	35.497805
1467.000000	35.455364
1468.000000	35.445730
1469.000000	35.442067
1470.000000	35.418395
1471.000000	35.376328
1472.000000	35.341497
1473.000000	35.288853
1474.000000	35.247263
1475.000000	35.212269
1476.000000	35.155354
1477.000000	35.142292
1478.000000	35.128840
1479.000000	35.121356
1480.000000	35.071093
1481.000000	35.051154
1482.000000	35.023215
1483.000000	35.012344
1484.000000	34.998099
1485.000000	34.972261
1486.000000	34.967244
1487.000000	34.954763
1488.000000	34.907647
1489.000000	34.877972
1490.000000	34.850422
1491.000000	34.843115
1492.000000	34.841382
1493.000000	34.821584
1494.000000	34.817577
1495.000000	34.816650
1496.000000	34.784367
1497.000000	34.769984
1498.000000	34.773776
1499.000000	34.772318
1500.000000	34.764899
1501.000000	34.772295
1502.000000	34.779940
1503.000000	34.768209
1504.000000	34.756679
1505.000000	34.753267
1506.000000	34.759940
1507.000000	34.756392
1508.000000	34.783268
1509.000000	34.785331
1510.000000	34.792108
1511.000000	34.813859
1512.000000	34.821577
1513.000000	34.836228
1514.000000	34.853264
1515.000000	34.864375
1516.000000	34.887836
1517.000000	34.923917
1518.000000	34.951153
1519.000000	34.975171
1520.000000	34.990199
1521.000000	35.020550
1522.000000	35.058162
1523.000000	35.096753
1524.000000	35.141903
1525.000000	35.190852
1526.000000	35.231989
1527.000000	35.264877
1528.000000	35.305007
1529.000000	35.346710
1530.000000	35.389635
1531.000000	35.441611
1532.000000	35.484558
1533.000000	35.516936
1534.000000	35.556722
1535.000000	35.607461
1536.000000	35.663272
1537.000000	35.709721
1538.000000	35.776011
1539.000000	35.831613
1540.000000	35.872474
1541.000000	35.917086
1542.000000	35.957299
1543.000000	36.001098
1544.000000	36.040113
1545.000000	36.073256
1546.000000	36.114659
1547.000000	36.166914
1548.000000	36.214070
1549.000000	36.245456
1550.000000	36.283832
1551.000000	36.332793
1552.000000	36.386673
1553.000000	36.425555
1554.000000	36.457145
1555.000000	36.493117
1556.000000	36.510115
1557.000000	36.538806
1558.000000	36.586029
1559.000000	36.631906
1560.000000	36.671643
1561.000000	36.699937
1562.000000	36.741149
1563.000000	36.780035
1564.000000	36.815045
1565.000000	36.837434
1566.000000	36.875124
1567.000000	36.900723
1568.000000	36.920446
1569.000000	36.955420
1570.000000	36.985310
1571.000000	37.006460
1572.000000	37.031159
1573.000000	37.028170
1574.000000	37.022133
1575.000000	37.051204
1576.000000	37.082017
1577.000000	37.117505
1578.000000	37.144346
1579.000000	37.166146
1580.000000	37.182484
1581.000000	37.199384
1582.000000	37.215507
1583.000000	37.227840
1584.000000	37.245460
1585.000000	37.267421
1586.000000	37.282638
1587.000000	37.284761
1588.000000	37.310199
1589.000000	37.335532
1590.000000	37.372383
1591.000000	37.392788
1592.000000	37.405097
1593.000000	37.415971
1594.000000	37.417866
1595.000000	37.436621
1596.000000	37.457669
1597.000000	37.468840
1598.000000	37.480776
1599.000000	37.500554
1600.000000	37.516643
1601.000000	37.524791
1602.000000	37.551596
1603.000000	37.582971
1604.000000	37.597582
1605.000000	37.630348
1606.000000	37.642855
1607.000000	37.650613
1608.000000	37.696529
1609.000000	37.738142
1610.000000	37.775222
1611.000000	37.803632
1612.000000	37.823097
1613.000000	37.847229
1614.000000	37.899961
1615.000000	37.963289
1616.000000	38.008311
1617.000000	38.046173
1618.000000	38.083503
1619.000000	38.122298
1620.000000	38.158040
1621.000000	38.214182
1622.000000	38.250550
1623.000000	38.274767
1624.000000	38.308737
1625.000000	38.318972
1626.000000	38.365473
1627.000000	38.399521
1628.000000	38.444373
1629.000000	38.471745
1630.000000	38.491397
1631.000000	38.546251
1632.000000	38.585147
1633.000000	38.631143
1634.000000	38.669041
1635.000000	38.698544
1636.000000	38.729817
1637.000000	38.751091
1638.000000	38.773178
1639.000000	38.816804
1640.000000	38.829699
1641.000000	38.840996
1642.000000	38.888006
1643.000000	38.911402
1644.000000	38.941499
1645.000000	38.958307
1646.000000	38.993565
1647.000000	39.034107
1648.000000	39.061349
1649.000000	39.058768
1650.000000	39.059882
1651.000000	39.058089
1652.000000	39.069969
1653.000000	39.098771
1654.000000	39.100189
1655.000000	39.107149
1656.000000	39.107202
1657.000000	39.116810
1658.000000	39.126802
1659.000000	39.131338
1660.000000	39.134209
1661.000000	39.128212
1662.000000	39.170494
1663.000000	39.167027
1664.000000	39.189957
1665.000000	39.183975
1666.000000	39.167830
1667.000000	39.176871
1668.000000	39.163924
1669.000000	39.141853
1670.000000	39.150866
1671.000000	39.135772
1672.000000	39.137948
1673.000000	39.148468
1674.000000	39.124842
1675.000000	39.119178
1676.000000	39.128269
1677.000000	39.107287
1678.000000	39.079475
1679.000000	39.072162
1680.000000	39.035018
1681.000000	38.997756
1682.000000	38.948045
1683.000000	38.935196
1684.000000	38.897997
1685.000000	38.857800
1686.000000	38.831716
1687.000000	38.788276
1688.000000	38.738923
1689.000000	38.712887
1690.000000	38.667003
1691.000000	38.621777
1692.000000	38.583401
1693.000000	38.549062
1694.000000	38.505775
1695.000000	38.506369
1696.000000	38.490465
1697.000000	38.436677
1698.000000	38.398550
1699.000000	38.356898
1700.000000	38.325335
1701.000000	38.291484
1702.000000	38.266543
1703.000000	38.239173
1704.000000	38.222427
1705.000000	38.186209
1706.000000	38.201169
1707.000000	38.181563
1708.000000	38.127146
1709.000000	38.098522
1710.000000	38.075506
1711.000000	38.070306
1712.000000	38.047048
1713.000000	38.011630
1714.000000	37.968269
1715.000000	37.946136
1716.000000	37.930444
1717.000000	37.918858
1718.000000	37.863835
1719.000000	37.848361
1720.000000	37.817724
1721.000000	37.790898
1722.000000	37.764712
1723.000000	37.745654
1724.000000	37.711651
1725.000000	37.713025
1726.000000	37.697480
1727.000000	37.675918
1728.000000	37.676377
1729.000000	37.673850
1730.000000	37.644642
1731.000000	37.620705
1732.000000	37.603396
1733.000000	37.595081
1734.000000	37.567158
1735.000000	37.546523
1736.000000	37.527504
1737.000000	37.501973
1738.000000	37.505478
1739.000000	37.489451
1740.000000	37.478633
1741.000000	37.429238
1742.000000	37.420188
1743.000000	37.445691
1744.000000	37.449185
1745.000000	37.442493
1746.000000	37.426224
1747.000000	37.438328
1748.000000	37.469206
1749.000000	37.488953
1750.000000	37.518836
1751.000000	37.534823
1752.000000	37.545278
1753.000000	37.586281
1754.000000	37.626348
1755.000000	37.667226
1756.000000	37.702622
1757.000000	37.740081
1758.000000	37.762146
1759.000000	37.799975
1760.000000	37.819901
1761.000000	37.845005
1762.000000	37.883058
1763.000000	37.896248
1764.000000	37.925547
1765.000000	37.956571
1766.000000	37.987409
1767.000000	38.009799
1768.000000	38.038916
1769.000000	38.084939
1770.000000	38.129668
1771.000000	38.155572
1772.000000	38.188222
1773.000000	38.213732
1774.000000	38.247405
1775.000000	38.271547
1776.000000	38.300908
1777.000000	38.320455
1778.000000	38.339618
1779.000000	38.387947
1780.000000	38.427226
1781.000000	38.462173
1782.000000	38.482467
1783.000000	38.492846
1784.000000	38.495899
1785.000000	38.500560
1786.000000	38.522733
1787.000000	38.574716
1788.000000	38.607059
1789.000000	38.629048
1790.000000	38.644693
1791.000000	38.648635
1792.000000	38.665008
1793.000000	38.705423
1794.000000	38.744220
1795.000000	38.783331
1796.000000	38.813155
1797.000000	38.832169
1798.000000	38.854625
1799.000000	38.865052
1800.000000	38.873688
1801.000000	38.912583
1802.000000	38.943425
1803.000000	38.954245
1804.000000	38.970812
1805.000000	39.024316
1806.000000	39.081691
1807.000000	39.083756
1808.000000	39.071912
1809.000000	39.082120
1810.000000	39.134359
1811.000000	39.212371
1812.000000	39.272037
1813.000000	39.293862
1814.000000	39.287674
1815.000000	39.282392
1816.000000	39.343577
1817.000000	39.504927
1818.000000	39.599866
1819.000000	39.664274
1820.000000	39.682777
1821.000000	39.682185
1822.000000	39.737850
1823.000000	39.859399
1824.000000	39.950686
1825.000000	40.125688
1826.000000	40.236521
1827.000000	40.295191
1828.000000	40.339922
1829.000000	40.370515
1830.000000	40.436740
1831.000000	40.479647
1832.000000	40.501196
1833.000000	40.517782
1834.000000	40.559564
1835.000000	40.622665
1836.000000	40.606727
1837.000000	40.578571
1838.000000	40.546177
1839.000000	40.496989
1840.000000	40.438467
1841.000000	40.469582
1842.000000	40.512549
1843.000000	40.549233
1844.000000	40.603040
1845.000000	40.602388
1846.000000	40.605155
1847.000000	40.671135
1848.000000	40.700316
1849.000000	40.710928
1850.000000	40.707172
1851.000000	40.666441
1852.000000	40.550295
1853.000000	40.556103
1854.000000	40.553075
1855.000000	40.604246
1856.000000	40.555699
1857.000000	40.454439
1858.000000	40.310468
1859.000000	40.251060
1860.000000	40.126415
1861.000000	40.083353
1862.000000	40.085837
1863.000000	40.270823
1864.000000	40.439662
1865.000000	40.445353
1866.000000	40.394062
1867.000000	40.325422
1868.000000	40.293500
1869.000000	40.287634
1870.000000	40.440004
1871.000000	40.492513
1872.000000	40.620358
1873.000000	40.699336
1874.000000	40.757128
1875.000000	40.780143
1876.000000	40.851979
1877.000000	40.848953
1878.000000	40.815325
1879.000000	40.744927
1880.000000	40.729553
1881.000000	40.657700
1882.000000	40.525759
1883.000000	40.523148
1884.000000	40.474984
1885.000000	40.438109
1886.000000	40.427910
1887.000000	40.338774
1888.000000	40.189226
1889.000000	40.136540
1890.000000	39.987293
1891.000000	39.994653
1892.000000	39.927483
1893.000000	39.850756
1894.000000	39.713033
1895.000000	39.563181
1896.000000	39.396187
1897.000000	39.266085
1898.000000	38.909401
1899.000000	38.553346
1900.000000	38.311593
1901.000000	38.232267
1902.000000	38.421475
1903.000000	38.300200
1904.000000	38.082733
1905.000000	37.636356
1906.000000	37.419403
1907.000000	37.105002
1908.000000	36.847558
1909.000000	36.606808
1910.000000	36.335586
1911.000000	35.923907
1912.000000	35.602973
1913.000000	35.350347
1914.000000	35.095514
1915.000000	34.829278
1916.000000	34.516254
1917.000000	34.251871
1918.000000	33.912788
1919.000000	33.722214
1920.000000	33.543240
1921.000000	33.247059
1922.000000	32.996644
1923.000000	32.805282
1924.000000	32.489554
1925.000000	32.300307
1926.000000	32.062582
1927.000000	31.837115
1928.000000	31.650078
1929.000000	31.464979
1930.000000	31.270204
1931.000000	31.088582
1932.000000	30.864732
1933.000000	30.709773
1934.000000	30.531248
1935.000000	30.365614
1936.000000	30.151221
1937.000000	29.730564
1938.000000	29.580590
1939.000000	29.474719
1940.000000	29.424069
1941.000000	29.284135
1942.000000	29.206376
1943.000000	29.124001
1944.000000	29.079199
1945.000000	29.057306
1946.000000	29.033450
1947.000000	29.036044
1948.000000	29.023825
1949.000000	29.008657
1950.000000	28.963128
1951.000000	28.999586
1952.000000	29.016852
1953.000000	29.004795
1954.000000	28.962867
1955.000000	28.916551
1956.000000	28.935650
1957.000000	28.978438
1958.000000	28.965172
1959.000000	29.048790
1960.000000	29.093697
1961.000000	29.120573
1962.000000	29.201170
1963.000000	29.235877
1964.000000	29.264917
1965.000000	29.318053
1966.000000	29.384560
1967.000000	29.443645
1968.000000	29.478867
1969.000000	29.575025
1970.000000	29.677948
1971.000000	29.738974
1972.000000	29.786137
1973.000000	29.858879
1974.000000	29.927935
1975.000000	29.998852
1976.000000	30.071292
1977.000000	30.143018
1978.000000	30.229921
1979.000000	30.295215
1980.000000	30.405421
1981.000000	30.509200
1982.000000	30.588170
1983.000000	30.678639
1984.000000	30.769134
1985.000000	30.857540
1986.000000	30.961705
1987.000000	31.042244
1988.000000	31.166976
1989.000000	31.249159
1990.000000	31.342094
1991.000000	31.434104
1992.000000	31.526870
1993.000000	31.627016
1994.000000	31.702359
1995.000000	31.751066
1996.000000	31.827042
1997.000000	31.906876
1998.000000	31.979904
1999.000000	32.079220
2000.000000	32.176482
