0152 PRONOTO MOTOMOTO
Integration time [ms]:   8,000
Averaging Nr. [scans]: 10
Smoothing Nr. [pixels]: 0
Data measured with spectrometer [name]: 7314920SP
Wave   ;Sample   ;Dark     ;Reference;Reflectance
[nm]   ;[counts] ;[counts] ;[counts] ;[%]

 199,42;   96,461;   63,873;  150,055;37,81313
 200,02;  115,078;   92,669;  145,732;42,23212
 200,62;   73,090;   67,563;   88,793;26,03589
 201,22;  112,709;   86,969;  138,011;50,43000
 201,82;  106,354;   66,174;  141,790;53,13601
 202,42;  119,535;  101,668;  154,973;33,51778
 203,03;   78,317;   60,168;   91,775;57,42013
 203,63;   92,842;   69,967;  109,037;58,54909
 204,23;  100,963;   70,671;  129,903;51,14197
 204,83;   93,755;   74,567;  123,718;39,03899
 205,43;   87,361;   56,673;  123,555;45,88400
 206,03;   69,211;   50,167;   90,459;47,26679
 206,63;   78,814;   68,865;  100,007;31,94731
 207,24;  102,502;   74,675;  162,566;31,66097
 207,84;   63,168;   39,967;   83,699;53,05251
 208,44;   65,109;   50,669;   95,011;32,56598
 209,04;   47,257;   47,365;   85,066;-0,28496
 209,64;  101,799;   69,972;  127,998;54,85025
 210,24;   70,355;   45,367;   97,218;48,19200
 210,84;   76,853;   51,469;  101,970;50,26390
 211,44;  108,527;   86,470;  122,908;60,53410
 212,05;   71,357;   60,865;   99,266;27,32329
 212,65;   87,717;   66,368;  112,975;45,80605
 213,25;  117,935;   93,768;  142,073;50,02958
 213,85;   96,532;   84,465;  114,904;39,64150
 214,45;   81,555;   53,367;  100,418;59,90949
 215,05;   64,053;   39,369;  100,070;40,66451
 215,65;   80,396;   55,169;  105,630;49,99418
 216,25;   78,555;   40,267;   82,518;90,62018
 216,85;   51,166;   34,069;   89,651;30,75947
 217,45;   71,017;   49,068;   97,375;45,43612
 218,05;   85,458;   58,270;  112,886;49,78000
 218,66;   49,722;   28,769;   75,692;44,65481
 219,26;   53,642;   26,567;   79,337;51,30780
 219,86;   54,576;   36,771;   81,584;39,73255
 220,46;   81,514;   54,270;  104,127;54,64538
 221,06;   81,263;   51,871;  115,903;45,90269
 221,66;   72,494;   43,471;  103,481;48,36329
 222,26;   64,099;   39,772;  102,398;38,84540
 222,86;   94,148;   67,268;  118,954;52,00578
 223,46;   70,455;   51,767;   88,918;50,30292
 224,06;   84,620;   64,971;  120,343;35,48491
 224,66;   89,245;   57,570;  105,805;65,66791
 225,26;   72,884;   48,169;  113,748;37,68609
 225,86;   78,930;   42,173;  112,376;52,35852
 226,46;   74,991;   49,968;  102,913;47,26224
 227,06;   55,845;   27,670;   87,705;46,93086
 227,66;   61,688;   37,665;   74,845;64,61334
 228,27;   54,214;   29,270;   96,227;37,25460
 228,87;  111,002;   89,170;  143,046;40,52199
 229,47;   63,143;   29,172;   92,357;53,76384
 230,07;   27,384;   11,169;   59,648;33,44575
 230,67;   66,666;   38,169;   84,651;61,30685
 231,27;   57,214;   27,670;   76,327;60,72001
 231,87;   69,366;   43,169;  100,751;45,49458
 232,47;   91,215;   43,775;  132,047;53,74309
 233,07;   61,270;   42,965;   75,547;56,18180
 233,67;   71,417;   53,768;   94,275;43,56983
 234,27;   35,711;    0,567;   53,259;66,69846
 234,87;   76,076;   34,771;  106,084;57,92114
 235,47;   49,784;   16,169;   74,148;57,97643
 236,07;   49,406;   30,266;   72,042;45,81620
 236,67;   61,381;   49,966;   85,180;32,41415
 237,27;   72,848;   28,873;  109,074;54,83133
 237,87;   66,645;   25,370;   99,805;55,45096
 238,47;   44,678;   14,269;   68,032;56,56223
 239,07;   63,756;   33,272;   95,738;48,80028
 239,67;   81,582;   43,477;  131,421;43,32919
 240,27;   63,330;   46,773;  119,176;22,86843
 240,87;   74,292;   50,773;  119,533;34,20375
 241,47;   48,965;   39,164;   76,131;26,51340
 242,07;   65,904;   39,968;   92,894;49,00408
 242,67;   27,905;  -11,027;   77,914;43,77222
 243,27;   33,655;    7,767;   46,418;66,97884
 243,87;   71,720;   48,671;  108,343;38,62563
 244,47;   70,763;   22,371;   99,703;62,57749
 245,07;   31,053;    2,669;   55,770;53,45242
 245,67;   54,517;   31,068;   85,575;43,01987
 246,27;   53,614;   34,965;   69,007;54,78230
 246,87;   38,548;   26,668;   63,154;32,55935
 247,46;   14,890;   19,663;   23,793;-115,56239
 248,06;   43,758;   20,470;   69,786;47,22171
 248,66;   60,099;   31,072;  105,898;38,79310
 249,26;   41,406;   32,366;   70,742;23,55708
 249,86;   62,730;   42,873;  102,176;33,48459
 250,46;   53,659;   16,775;   93,507;48,06845
 251,06;   39,617;   22,168;   65,375;40,38431
 251,66;   37,533;   20,771;   64,724;38,13535
 252,26;   45,793;   38,866;   70,261;22,06494
 252,86;   53,453;   35,969;   89,070;32,92549
 253,46;   11,855;   -8,033;   22,118;65,96130
 254,06;   52,663;   31,766;   79,483;43,79335
 254,66;   50,661;   34,973;  100,155;24,06810
 255,26;   79,374;   39,073;  118,836;50,52601
 255,86;   48,765;   37,464;   55,631;62,20669
 256,46;   36,427;   19,870;   70,208;32,89269
 257,05;   41,989;   23,570;   59,565;51,17027
 257,65;   68,376;   38,071;   97,684;50,83677
 258,25;   69,843;   37,372;  101,457;50,66813
 258,85;   41,053;   15,669;   51,770;70,31324
 259,45;   20,066;    6,869;   42,951;36,57423
 260,05;   29,755;   46,667;   85,818;-43,19620
 260,65;   46,793;   45,066;   83,561; 4,48710
 261,25;   61,620;   29,371;   85,943;57,00448
 261,85;   28,551;   -0,129;   47,622;60,06061
 262,45;   69,653;   46,169;  109,270;37,21615
 263,04;   82,217;   53,073;  116,295;46,09846
 263,64;   63,286;   33,767;   77,097;68,12612
 264,24;   55,307;   37,671;   89,062;34,31683
 264,84;   91,366;   58,974;  138,671;40,64425
 265,44;   43,673;   26,368;   67,716;41,85334
 266,04;   53,075;   48,865;   71,464;18,62942
 266,64;   68,881;   39,866;   86,780;61,84587
 267,24;   43,781;   40,166;   68,980;12,54350
 267,84;   47,535;   24,668;   76,573;44,05498
 268,43;   72,460;   48,368;   95,935;50,64983
 269,03;   54,722;   46,969;   87,892;18,94619
 269,63;   77,350;   58,566;   92,402;55,51476
 270,23;   14,388;   10,765;   39,045;12,81131
 270,83;   72,393;   55,266;   83,161;61,39898
 271,43;   44,630;   23,967;   58,856;59,22281
 272,03;   61,473;   64,168;   99,116;-7,70994
 272,62;   36,796;   23,269;   68,730;29,75612
 273,22;   36,902;   11,970;   61,046;50,80210
 273,82;   11,118;   17,460;   26,403;-70,91888
 274,42;   20,608;   25,164;   46,890;-20,96608
 275,02;   35,727;   34,864;   60,388; 3,37785
 275,62;   65,043;   31,972;  100,457;48,28893
 276,21;   47,571;   22,770;   69,267;53,33834
 276,81;   57,868;   46,767;   71,099;45,62291
 277,41;   53,838;   22,971;   96,341;42,06972
 278,01;   17,327;   21,364;   42,788;-18,84782
 278,61;   59,909;   38,869;   83,811;46,81693
 279,20;   75,030;   65,473;  119,076;17,83008
 279,80;    2,211;    6,762;   11,539;-95,26555
 280,40;   50,106;   36,866;   79,742;30,88030
 281,00;    9,309;   -4,331;   33,311;36,23724
 281,60;   62,523;   20,774;   74,812;77,25857
 282,20;   58,027;   36,670;   70,108;63,87165
 282,79;   44,660;   29,568;   70,135;37,20407
 283,39;   35,850;   17,466;   44,702;67,49890
 283,99;   23,670;   23,165;   34,347; 4,52134
 284,59;   33,740;   16,869;   45,289;59,36276
 285,19;   42,011;   27,067;   57,759;48,69261
 285,78;   40,627;   23,270;   63,808;42,81781
 286,38;   44,814;   39,665;   59,207;26,34858
 286,98;   48,060;   35,168;   73,535;33,60327
 287,58;   20,663;    4,771;   61,403;28,06259
 288,17;   43,374;    8,973;   80,336;48,20574
 288,77;   57,477;   19,976;   92,504;51,70537
 289,37;   24,453;   11,269;   57,670;28,41266
 289,97;   56,770;   48,965;   66,647;44,14234
 290,57;   63,025;   46,672;   93,260;35,10176
 291,16;   74,473;   63,868;  102,616;27,37050
 291,76;   33,702;    5,570;   47,346;67,33932
 292,36;   35,042;   34,367;   58,137; 2,84016
 292,96;   22,387;   -3,127;   60,117;40,34216
 293,55;   38,468;   24,267;   65,399;34,52549
 294,15;   42,371;   26,870;   62,567;43,42326
 294,75;   52,514;   42,065;   66,207;43,28146
 295,35;   34,073;   21,068;   52,016;42,02376
 295,94;   55,524;   42,967;   66,740;52,82311
 296,54;   38,091;   30,768;   70,613;18,37855
 297,14;   58,294;   29,971;   76,881;60,37690
 297,73;   21,145;   12,165;   40,085;32,16129
 298,33;   48,263;   28,066;   57,583;68,42450
 298,93;   58,848;   41,968;   82,554;41,58983
 299,53;   52,612;   24,872;   69,079;62,75095
 300,12;   14,294;  -12,229;   59,481;36,98621
 300,72;   68,686;   41,567;   91,197;54,64225
 301,32;   59,876;   25,771;   99,584;46,20505
 301,92;   19,552;    3,664;   33,050;54,06731
 302,51;   35,799;   11,567;   49,978;63,08578
 303,11;   25,211;   14,667;   48,759;30,93018
 303,71;   41,778;   21,369;   82,132;33,58899
 304,30;   18,219;    5,466;   38,423;38,69633
 304,90;   18,863;   19,666;   44,283;-3,26241
 305,50;   39,088;   18,565;   64,345;44,82998
 306,09;   43,106;   15,466;   49,042;82,32081
 306,69;   54,007;   34,171;   90,262;35,36353
 307,29;   22,275;   18,760;   33,144;24,43392
 307,88;   67,440;   43,269;   72,489;82,72062
 308,48;   31,614;    0,070;   49,727;63,52485
 309,08;    8,003;   -4,437;   11,774;76,73989
 309,68;   30,945;   22,365;   39,585;49,82223
 310,27;   26,896;   20,169;   49,830;22,68089
 310,87;   48,891;   23,468;   54,813;81,10721
 311,47;   62,355;   54,967;   92,918;19,46749
 312,06;   53,701;   47,865;   68,426;28,38414
 312,66;   80,373;   51,168;  100,016;59,78855
 313,26;   74,333;   48,571;   96,224;54,06059
 313,85;   50,411;   38,267;   65,959;43,85646
 314,45;   60,509;   42,969;   86,611;40,19164
 315,04;   70,001;   52,165;   81,826;60,13316
 315,64;   49,086;   21,267;   47,897;104,46602
 316,24;   61,514;   40,770;   85,627;46,24596
 316,83;   53,306;   40,366;   76,742;35,57351
 317,43;   45,030;   35,167;   68,156;29,89527
 318,03;   66,978;   39,063;   70,012;90,19578
 318,62;   82,324;   73,061;   94,820;42,56876
 319,22;   35,635;    7,668;   66,973;47,15752
 319,82;   66,173;   40,768;   93,516;48,16393
 320,41;   76,278;   59,069;   98,732;43,38960
 321,01;   94,788;   80,465;  115,945;40,36963
 321,60;   75,508;   81,164;  102,790;-26,14931
 322,20;  104,461;   67,673;  132,855;56,43917
 322,80;   65,386;   54,567;   91,797;29,05930
 323,39;   51,383;   65,764;   94,828;-49,48143
 323,99;   85,193;   61,766;  102,661;57,28635
 324,59;   77,378;   73,063;   97,512;17,64656
 325,18;   77,399;   40,967;   92,178;71,14080
 325,78;   82,045;   76,365;  108,885;17,46456
 326,37;   89,417;   74,868;  108,075;43,81255
 326,97;   84,186;   63,267;  111,497;43,37316
 327,57;   57,990;   42,263;   76,493;45,94637
 328,16;   72,765;   60,864;   93,631;36,32061
 328,76;   72,524;   50,467;  110,140;36,96424
 329,35;   95,276;   56,871;  137,484;47,64161
 329,95;   64,227;   27,470;   91,308;57,57923
 330,54;   76,455;   52,167;   94,018;58,03449
 331,14;   54,668;   26,967;   82,599;49,79319
 331,74;   73,488;   54,165;   96,145;46,02947
 332,33;   64,614;   35,370;  108,127;40,19484
 332,93;   56,352;   43,764;   79,250;35,47379
 333,52;   66,450;   42,466;   93,102;47,36542
 334,12;   92,322;   72,069;  140,392;29,64355
 334,71;   63,406;   50,666;   87,942;34,17808
 335,31;   90,011;   63,267;  119,859;47,25887
 335,90;   35,729;   32,362;   53,836;15,67749
 336,50;   34,914;   30,665;   77,207; 9,12954
 337,10;   80,896;   38,769;  121,530;50,90268
 337,69;   66,714;   51,765;   93,707;35,64215
 338,29;   53,942;   30,467;  101,037;33,26501
 338,88;   44,348;   22,468;   99,854;28,27331
 339,48;   72,785;   57,862;  111,677;27,73063
 340,07;   69,837;   48,566;  107,321;36,20284
 340,67;   64,176;   31,171;  124,784;35,25724
 341,26;   74,906;   48,466;   98,942;52,38164
 341,86;   88,384;   61,469;  138,348;35,00847
 342,45;   78,540;   45,669;  142,689;33,88045
 343,05;   70,440;   27,269;  115,689;48,82477
 343,64;   72,981;   47,366;  122,480;34,10059
 344,24;   48,714;   28,765;   92,107;31,49416
 344,83;   78,070;   71,365;  121,747;13,30932
 345,43;   47,224;   29,667;  114,240;20,76041
 346,02;   57,966;   41,469;  124,351;19,90390
 346,62;   83,633;   40,971;  140,424;42,89623
 347,21;   64,445;   42,165;  131,985;24,80455
 347,81;   62,525;   26,172;  140,560;31,78062
 348,40;   44,765;   29,064;  100,731;21,90858
 349,00;   64,278;   49,163;  137,712;17,06898
 349,59;  101,702;   65,870;  177,846;31,99936
 350,19;   62,033;   32,571;  139,424;27,57220
 350,78;   57,311;   55,467;  140,759; 2,16279
 351,38;   50,766;   15,869;  140,951;27,89908
 351,97;   55,624;   26,767;  136,040;26,40880
 352,57;   65,414;   42,570;  155,827;20,17057
 353,16;   55,483;   30,564;  134,328;24,01473
 353,76;   72,802;   38,770;  169,846;25,96326
 354,35;   66,684;   27,669;  160,148;29,44932
 354,95;   76,171;   43,970;  182,067;23,31763
 355,54;   63,235;   38,368;  163,973;19,79741
 356,14;   60,984;   40,069;  164,749;16,77441
 356,73;   55,385;   29,162;  145,176;22,60329
 357,32;   45,778;   13,769;  164,432;21,24592
 357,92;   62,169;   17,772;  181,419;27,12949
 358,51;   94,412;   43,372;  214,179;29,88182
 359,11;   78,625;   36,772;  212,360;23,83604
 359,70;   61,089;   28,470;  189,965;20,19789
 360,30;   76,711;   54,562;  188,039;16,59401
 360,89;   58,748;   31,168;  188,054;17,57934
 361,48;   95,071;   55,570;  216,467;24,55045
 362,08;   62,330;   19,867;  187,156;25,38250
 362,67;   58,590;   39,763;  192,693;12,31113
 363,27;   86,199;   60,767;  247,678;13,60631
 363,86;   62,888;   35,765;  215,745;15,07003
 364,46;   91,965;   44,664;  257,231;22,25238
 365,05;  112,795;   64,659;  254,989;25,29086
 365,64;   96,700;   50,960;  269,706;20,91034
 366,24;  119,833;   38,558;  309,432;30,00482
 366,83;  149,918;   43,255;  335,383;36,51223
 367,43;  147,716;   51,545;  352,843;31,91902
 368,02;  187,539;   34,646;  399,757;41,87586
 368,61;  209,797;   62,239;  475,425;35,71234
 369,21;  182,174;   32,419;  445,299;36,27079
 369,80;  236,031;   43,007;  526,947;39,88601
 370,39;  286,282;   62,006;  604,971;41,30588
 370,99;  296,244;   42,089;  615,416;44,32990
 371,58;  289,360;   22,974;  630,953;43,81503
 372,18;  320,831;   37,166;  701,603;42,69253
 372,77;  303,667;   42,449;  679,385;41,01158
 373,36;  328,251;   42,747;  690,836;44,05326
 373,96;  310,032;   35,135;  639,498;45,48528
 374,55;  276,322;   29,844;  621,406;41,66573
 375,14;  253,123;   42,849;  573,826;39,60138
 375,74;  248,453;   69,157;  543,276;37,81655
 376,33;  202,907;   45,964;  464,589;37,49020
 376,92;  172,612;   33,278;  447,997;33,59718
 377,52;  264,241;   86,103;  548,460;38,52820
 378,11;  184,079;   46,703;  457,203;33,46570
 378,71;  219,414;   73,011;  514,270;33,17842
 379,30;  231,389;   59,517;  553,928;34,76300
 379,89;  243,524;   59,813;  556,103;37,01696
 380,49;  251,051;   31,018;  568,185;40,96173
 381,08;  268,570;   70,306;  570,990;39,59854
 381,67;  249,524;   55,008;  555,483;38,86626
 382,26;  244,770;   41,706;  539,390;40,80170
 382,86;  227,154;   54,003;  516,041;37,47544
 383,45;  245,506;   50,412;  562,105;38,12716
 384,04;  236,619;   38,712;  553,886;38,41556
 384,64;  249,986;   49,014;  566,760;38,81677
 385,23;  253,857;   64,406;  560,509;38,18775
 385,82;  264,209;   59,615;  592,774;38,37396
 386,42;  308,857;   61,024;  659,022;41,44377
 387,01;  270,899;   55,414;  580,541;41,03488
 387,60;  288,385;   69,009;  590,140;42,09628
 388,20;  263,606;   37,712;  590,805;40,84195
 388,79;  323,682;   72,418;  665,563;42,36118
 389,38;  265,870;   32,106;  564,890;43,87586
 389,97;  292,122;   45,415;  640,955;41,42579
 390,57;  326,117;   71,114;  654,038;43,74544
 391,16;  318,317;   62,514;  655,838;43,11349
 391,75;  312,168;   52,713;  638,562;44,28697
 392,34;  348,210;   60,821;  696,694;45,19603
 392,94;  342,969;   44,718;  689,683;46,24294
 393,53;  336,684;   41,016;  666,612;47,26181
 394,12;  365,651;   53,023;  719,105;46,93542
 394,72;  376,412;   54,213;  706,122;49,42386
 395,31;  354,009;   42,115;  694,874;47,78093
 395,90;  392,100;   42,924;  732,881;50,60841
 396,49;  430,678;   58,028;  779,187;51,67373
 397,09;  409,933;   47,417;  749,188;51,65729
 397,68;  445,475;   44,025;  800,719;53,05314
 398,27;  465,985;   54,626;  809,652;54,48277
 398,86;  463,249;   43,125;  807,657;54,95180
 399,45;  513,894;   56,630;  844,037;58,07207
 400,05;  470,761;   23,820;  799,518;57,61797
 400,64;  514,056;   56,419;  831,001;59,08178
 401,23;  527,636;   53,920;  859,956;58,77104
 401,82;  547,636;   67,220;  868,256;59,97430
 402,42;  547,954;   62,921;  873,953;59,80438
 403,01;  609,575;   81,525;  912,919;63,51379
 403,60;  607,342;   68,532;  940,513;61,79158
 404,19;  618,188;   76,024;  931,900;63,34602
 404,78;  613,203;   57,522;  909,929;65,18957
 405,38;  653,260;   68,332;  984,210;63,86531
 405,97;  662,198;   63,226;  953,933;67,24681
 406,56;  687,309;   71,528; 1004,366;66,01154
 407,15;  695,957;   68,829;  989,442;68,12076
 407,74;  721,463;   80,730; 1026,758;67,72871
 408,34;  718,048;   50,933; 1018,629;68,93847
 408,93;  752,612;   59,531; 1016,234;72,44469
 409,52;  744,376;   51,435; 1041,359;69,99941
 410,11;  795,799;   84,931; 1090,453;70,69638
 410,70;  761,316;   54,727; 1027,230;72,65673
 411,29;  774,521;   58,628; 1030,847;73,63501
 411,89;  826,607;   60,535; 1093,938;74,13101
 412,48;  808,365;   48,228; 1051,606;75,75777
 413,07;  846,653;   65,033; 1101,446;75,41590
 413,66;  868,920;   78,135; 1102,119;77,22629
 414,25;  886,174;   63,337; 1142,311;76,26104
 414,84;  866,612;   69,431; 1102,434;77,17116
 415,44;  914,676;   91,530; 1155,939;77,33356
 416,03;  903,000;   76,637; 1161,173;76,19503
 416,62;  927,623;   76,138; 1168,687;77,93560
 417,21;  914,971;   75,334; 1158,843;77,49239
 417,80;  955,418;   65,037; 1162,871;81,10341
 418,39;  956,446;   78,440; 1179,201;79,76356
 418,98;  917,897;   55,634; 1143,405;79,26877
 419,58;  933,622;   64,033; 1142,067;80,66435
 420,17;  949,189;   52,735; 1164,540;80,63049
 420,76;  959,100;   72,537; 1192,873;79,13362
 421,35;  930,251;   60,236; 1155,197;79,45621
 421,94; 1005,546;   88,340; 1223,501;80,79965
 422,53; 1001,733;   61,540; 1195,320;82,92556
 423,12;  988,254;   64,039; 1190,766;82,02653
 423,71;  966,207;   60,835; 1162,138;82,20917
 424,30; 1009,269;   85,236; 1210,695;82,10275
 424,90;  962,992;   39,438; 1163,809;82,13965
 425,49; 1023,203;   70,140; 1216,242;83,15691
 426,08; 1001,403;   80,240; 1209,641;81,56202
 426,67;  982,594;   57,436; 1168,257;83,28601
 427,26; 1010,818;   60,343; 1230,391;81,23389
 427,85; 1013,236;   63,238; 1209,968;82,84405
 428,44; 1031,300;   68,442; 1218,093;83,75220
 429,03; 1052,826;   85,341; 1233,155;84,28930
 429,62; 1044,482;   78,941; 1240,296;83,13920
 430,21; 1055,624;   81,443; 1277,807;81,42841
 430,80; 1042,291;   70,445; 1235,381;83,42482
 431,39; 1034,311;   53,344; 1246,926;82,18678
 431,99; 1032,407;   78,535; 1206,838;84,54043
 432,58; 1051,154;   82,639; 1251,166;82,88341
 433,17; 1034,020;   69,735; 1238,319;82,51739
 433,76; 1075,901;   71,347; 1288,314;82,54573
 434,35; 1082,003;   88,245; 1292,462;82,52321
 434,94; 1092,368;   70,849; 1318,887;81,84999
 435,53; 1082,449;   78,643; 1278,669;83,64867
 436,12; 1065,567;   70,044; 1294,267;81,31880
 436,71; 1092,821;   87,740; 1303,239;82,68872
 437,30; 1088,695;   76,941; 1299,177;82,77895
 437,89; 1126,160;   76,245; 1320,802;84,36051
 438,48; 1109,175;   65,942; 1305,731;84,14596
 439,07; 1116,066;   95,238; 1347,147;81,54176
 439,66; 1156,619;   83,648; 1375,711;83,04325
 440,25; 1141,067;   85,844; 1390,567;80,87720
 440,84; 1189,086;   79,850; 1387,984;84,79527
 441,43; 1187,599;   78,054; 1440,985;81,40874
 442,02; 1167,260;   79,650; 1411,022;81,69092
 442,61; 1189,411;   93,344; 1397,226;84,06179
 443,20; 1206,642;   94,249; 1446,625;82,25474
 443,79; 1202,239;   74,546; 1412,957;84,25616
 444,38; 1236,850;   84,248; 1461,789;83,67094
 444,97; 1242,421;   84,146; 1466,359;83,79861
 445,56; 1279,152;  101,846; 1477,038;85,61033
 446,15; 1282,066;   81,651; 1522,539;83,31077
 446,74; 1244,954;   58,644; 1462,286;84,51661
 447,33; 1311,239;   82,646; 1538,357;84,39819
 447,92; 1327,378;   78,151; 1570,720;83,69648
 448,51; 1336,965;   89,746; 1586,019;83,35506
 449,10; 1340,134;   92,045; 1608,840;82,28461
 449,69; 1374,548;   73,950; 1627,741;83,70478
 450,28; 1400,175;   66,948; 1608,251;86,50000
 450,87; 1376,788;   78,647; 1656,333;82,28136
 451,46; 1431,837;   96,048; 1702,208;83,16660
 452,05; 1437,886;   70,950; 1715,384;83,12500
 452,64; 1459,804;   70,850; 1725,182;83,95861
 453,23; 1515,284;  113,752; 1794,936;83,36575
 453,82; 1520,235;   83,451; 1800,660;83,66970
 454,40; 1506,504;   65,450; 1786,682;83,72225
 454,99; 1587,363;  101,253; 1871,891;83,93080
 455,58; 1575,614;   69,747; 1832,095;85,44664
 456,17; 1608,702;   63,852; 1873,634;85,36111
 456,76; 1671,678;   67,751; 1918,820;86,64872
 457,35; 1671,050;   78,348; 1930,490;85,99245
 457,94; 1696,838;   66,954; 1978,929;85,24611
 458,53; 1720,991;   67,350; 2010,101;85,11854
 459,12; 1807,228;   82,657; 2111,116;85,01878
 459,71; 1784,863;   58,148; 2060,071;86,25282
 460,30; 1819,119;   84,448; 2087,511;86,60092
 460,89; 1853,078;   57,551; 2129,920;86,64132
 461,48; 1882,438;   75,954; 2173,829;86,11019
 462,06; 1938,573;   68,050; 2187,303;88,26331
 462,65; 1945,524;   48,249; 2176,527;89,14601
 463,24; 2019,736;   87,456; 2288,680;87,78204
 463,83; 2002,173;   54,450; 2229,803;89,53594
 464,42; 2083,168;   88,349; 2333,687;88,84270
 465,01; 2091,604;   73,050; 2336,482;89,18112
 465,60; 2124,160;   64,050; 2384,322;88,78744
 466,19; 2173,638;   73,354; 2462,829;87,89731
 466,77; 2206,966;   81,551; 2462,939;89,25109
 467,36; 2218,185;   69,457; 2459,256;89,91247
 467,95; 2272,209;   79,551; 2466,098;91,87575
 468,54; 2278,812;   71,954; 2513,866;90,37418
 469,13; 2313,440;   69,452; 2535,977;90,97773
 469,72; 2365,174;   67,555; 2582,723;91,35050
 470,31; 2431,561;   87,855; 2629,242;92,22152
 470,90; 2389,630;   76,750; 2652,044;89,81032
 471,48; 2434,772;   32,057; 2671,875;91,01819
 472,07; 2509,357;  125,747; 2686,454;93,08407
 472,66; 2535,833;   67,853; 2748,412;92,06958
 473,25; 2540,166;   68,351; 2723,339;93,10079
 473,84; 2575,043;   55,955; 2766,545;92,93506
 474,43; 2612,239;   55,459; 2843,049;91,72008
 475,01; 2649,856;   69,254; 2885,926;91,61883
 475,60; 2678,130;   49,755; 2882,364;92,78991
 476,19; 2742,233;   74,158; 2956,932;92,55235
 476,78; 2750,885;   71,057; 2964,456;92,61866
 477,37; 2730,830;   59,355; 2945,364;92,56642
 477,95; 2800,348;   75,656; 3018,661;92,58197
 478,54; 2830,763;   63,253; 3023,691;93,48315
 479,13; 2821,763;   56,253; 3070,291;91,75435
 479,72; 2876,425;   81,154; 3090,147;92,89721
 480,31; 2893,026;   63,459; 3167,468;91,15847
 480,89; 2880,656;   60,254; 3171,026;90,66566
 481,48; 2931,131;   46,260; 3214,084;91,06790
 482,07; 2943,612;   61,654; 3233,866;90,85010
 482,66; 2919,807;   52,853; 3253,650;89,57000
 483,25; 3000,731;   78,960; 3319,884;90,15240
 483,83; 3001,899;   59,954; 3325,385;90,09362
 484,42; 3038,738;   54,354; 3355,129;90,41465
 485,01; 3064,446;   65,958; 3400,413;89,92437
 485,60; 3096,708;   73,764; 3490,590;88,47229
 486,18; 3082,448;   66,956; 3490,761;88,07429
 486,77; 3105,384;   67,252; 3519,736;87,99842
 487,36; 3172,552;   58,464; 3561,750;88,89049
 487,95; 3168,949;   59,161; 3640,781;86,82629
 488,53; 3187,906;   54,461; 3642,522;87,32974
 489,12; 3172,834;   50,563; 3722,252;85,03636
 489,71; 3209,698;   38,062; 3680,357;87,07795
 490,30; 3238,918;   61,460; 3742,503;86,31950
 490,88; 3286,493;   87,561; 3859,141;84,81675
 491,47; 3308,878;   60,663; 3867,512;85,32555
 492,06; 3276,260;   62,563; 3920,615;83,29844
 492,65; 3356,880;   59,161; 3947,060;84,82007
 493,23; 3393,387;   54,860; 3982,825;84,99383
 493,82; 3419,720;   65,853; 4018,031;84,86123
 494,41; 3418,067;   51,361; 4066,179;83,85700
 494,99; 3470,943;   73,655; 4126,945;83,81558
 495,58; 3533,118;   86,060; 4224,403;83,29560
 496,17; 3514,336;   56,356; 4198,681;83,47921
 496,76; 3591,448;   65,356; 4276,761;83,72722
 497,34; 3562,615;   54,557; 4305,235;82,52938
 497,93; 3626,472;   66,057; 4350,675;83,09759
 498,52; 3656,513;   60,059; 4454,387;81,84310
 499,10; 3687,842;   75,862; 4533,217;81,03415
 499,69; 3720,700;   55,360; 4537,006;81,78558
 500,28; 3718,226;   37,959; 4592,068;80,81201
 500,86; 3781,011;   62,862; 4698,539;80,20725
 501,45; 3788,011;   53,462; 4730,438;79,84964
 502,04; 3841,998;   53,362; 4813,958;79,58324
 502,62; 3882,336;   70,956; 4856,181;79,64892
 503,21; 3865,323;   57,856; 4939,699;77,99240
 503,80; 3965,385;   69,662; 5015,577;78,76649
 504,38; 3995,587;   58,460; 5081,425;78,38254
 504,97; 4020,785;   49,962; 5122,776;78,27653
 505,56; 4101,395;   70,859; 5194,989;78,65795
 506,14; 4102,996;   64,064; 5263,709;77,67706
 506,73; 4094,814;   23,565; 5292,507;77,26881
 507,32; 4172,088;   62,865; 5376,045;77,34019
 507,90; 4213,631;   70,860; 5443,284;77,11176
 508,49; 4269,857;   58,865; 5500,366;77,38659
 509,08; 4301,565;   67,264; 5571,931;76,92202
 509,66; 4353,975;   69,960; 5677,644;76,39544
 510,25; 4382,136;   63,561; 5737,400;76,11381
 510,83; 4455,914;   45,165; 5855,607;75,91073
 511,42; 4475,591;   61,968; 5895,913;75,65418
 512,01; 4478,783;   59,164; 5980,328;74,64104
 512,59; 4515,385;   46,562; 6041,676;74,54109
 513,18; 4566,967;   59,961; 6114,379;74,44161
 513,77; 4570,341;   42,257; 6171,797;73,87315
 514,35; 4636,816;   37,763; 6190,255;74,75106
 514,94; 4667,441;   58,662; 6323,517;73,56562
 515,52; 4693,206;   48,166; 6358,342;73,61189
 516,11; 4773,470;   80,665; 6474,047;73,40098
 516,69; 4718,370;   41,959; 6446,727;73,01452
 517,28; 4787,290;   83,358; 6541,973;72,83190
 517,87; 4798,802;   45,558; 6604,054;72,47461
 518,45; 4872,177;   74,858; 6626,192;73,22659
 519,04; 4839,308;   54,258; 6707,970;71,91549
 519,62; 4971,560;   55,863; 6774,114;73,16929
 520,21; 4948,650;   24,466; 6828,002;72,37683
 520,79; 5072,517;   52,068; 7000,875;72,24907
 521,38; 5087,062;   52,960; 6995,363;72,51239
 521,97; 5232,948;   43,068; 7141,554;73,11249
 522,55; 5186,751;   67,759; 7195,230;71,82060
 523,14; 5245,595;   26,759; 7180,289;72,95469
 523,72; 5375,706;   77,561; 7383,422;72,51910
 524,31; 5420,214;   71,665; 7406,107;72,92373
 524,89; 5492,373;   48,468; 7526,815;72,79556
 525,48; 5577,281;   21,666; 7603,580;73,27457
 526,06; 5602,083;   56,264; 7633,128;73,19412
 526,65; 5720,646;   72,370; 7803,105;73,06259
 527,23; 5690,572;   46,262; 7840,596;72,41556
 527,82; 5835,699;   37,967; 7905,978;73,68739
 528,41; 5970,437;   67,366; 8041,021;74,03219
 528,99; 6012,458;   66,365; 8108,167;73,93981
 529,58; 6018,829;   42,562; 8168,736;73,54342
 530,16; 6129,867;   49,461; 8315,379;73,55996
 530,75; 6209,039;   73,964; 8417,069;73,53467
 531,33; 6254,781;   45,566; 8440,980;73,95960
 531,92; 6235,575;   48,560; 8567,344;72,62791
 532,50; 6384,171;   87,770; 8706,468;73,05513
 533,09; 6423,532;   65,665; 8807,204;72,73166
 533,67; 6483,564;   63,458; 8952,011;72,22892
 534,26; 6526,644;   65,760; 9007,665;72,25400
 534,84; 6585,480;   68,461; 9127,061;71,94290
 535,42; 6669,839;   61,564; 9205,969;72,26578
 536,01; 6680,060;   79,263; 9330,215;71,35262
 536,59; 6759,850;   43,366; 9482,202;71,15796
 537,18; 6790,100;   77,360; 9568,605;70,72560
 537,76; 6878,582;   56,972; 9764,700;70,26989
 538,35; 6927,204;   59,368; 9892,694;69,84245
 538,93; 6992,483;   72,664; 9941,828;70,11555
 539,52; 7005,845;   57,370;10111,405;69,11131
 540,10; 7137,896;   63,269;10309,029;69,04932
 540,69; 7225,121;   68,763;10444,071;68,97489
 541,27; 7204,642;   58,262;10514,917;68,34288
 541,85; 7283,063;   47,366;10658,783;68,18784
 542,44; 7326,231;   56,460;10765,484;67,88453
 543,02; 7434,497;   80,369;10952,729;67,64058
 543,61; 7494,555;   77,067;11102,218;67,27788
 544,19; 7516,119;   55,066;11264,023;66,56331
 544,78; 7547,793;   62,766;11296,562;66,62955
 545,36; 7649,509;   77,469;11521,011;66,16868
 545,94; 7662,139;   54,564;11563,069;66,10394
 546,53; 7746,594;   52,771;11724,882;65,91630
 547,11; 7849,535;   90,668;11879,873;65,81331
 547,70; 7797,500;   75,860;11954,706;65,00328
 548,28; 7844,857;   47,965;12093,066;64,73082
 548,86; 8006,958;   81,365;12327,767;64,71773
 549,45; 7947,348;   33,768;12364,953;64,17534
 550,03; 8088,542;   76,467;12507,537;64,45202
 550,62; 8127,006;   63,566;12662,842;63,99924
 551,20; 8280,255;   61,467;12808,418;64,47650
 551,78; 8251,052;   61,164;12952,850;63,52845
 552,37; 8340,140;   55,864;13112,469;63,44893
 552,95; 8406,271;   56,765;13214,547;63,45679
 553,54; 8468,714;   49,965;13393,207;63,09373
 554,12; 8520,786;   67,167;13498,797;62,93815
 554,70; 8654,935;   67,568;13736,973;62,82180
 555,29; 8639,545;   61,965;13856,285;62,18197
 555,87; 8757,658;   60,170;13987,786;62,44779
 556,45; 8842,198;   57,162;14154,058;62,31894
 557,04; 8918,168;   43,667;14376,600;61,91685
 557,62; 8918,968;   68,867;14525,499;61,21828
 558,20; 9048,538;   42,671;14799,940;61,02665
 558,79; 9161,917;  100,368;14905,875;61,20391
 559,37; 9206,655;   49,867;15000,418;61,24716
 559,95; 9292,522;   46,669;15169,691;61,13760
 560,54; 9345,392;   71,768;15324,613;60,79930
 561,12; 9333,894;   50,866;15485,562;60,14390
 561,70; 9511,365;   50,369;15679,551;60,53418
 562,29; 9553,604;   61,768;15810,994;60,26858
 562,87; 9584,048;   73,168;16023,953;59,62641
 563,45; 9707,048;   71,068;16194,754;59,76288
 564,04; 9686,173;   54,362;16227,195;59,55549
 564,62; 9813,278;   37,769;16438,332;59,60472
 565,20; 9815,711;   59,962;16715,838;58,57242
 565,78; 9945,301;   70,765;16797,326;59,03506
 566,37; 9987,163;   71,066;17011,283;58,53583
 566,95; 9987,097;   52,969;17124,330;58,19177
 567,53;10125,698;   67,262;17308,857;58,33820
 568,12;10138,957;   62,265;17367,766;58,22826
 568,70;10262,326;   85,264;17565,889;58,21910
 569,28;10282,365;   61,069;17745,252;57,79909
 569,86;10278,411;   67,767;17910,758;57,22496
 570,45;10359,740;   78,569;18124,689;56,97164
 571,03;10379,854;   53,962;18259,898;56,71717
 571,61;10432,532;   46,571;18424,824;56,51223
 572,19;10394,403;   54,263;18395,773;56,37562
 572,78;10464,517;   70,668;18668,975;55,88600
 573,36;10585,339;   84,264;18797,668;56,11526
 573,94;10551,052;   44,064;18892,750;55,74387
 574,52;10547,626;   54,559;19030,768;55,29591
 575,11;10556,165;   37,264;19159,830;55,00779
 575,69;10625,480;   53,566;19268,680;55,01874
 576,27;10580,049;   47,161;19391,381;54,44979
 576,85;10694,039;   43,264;19549,668;54,60143
 577,44;10730,598;   30,262;19814,158;54,08609
 578,02;10683,313;   32,159;19753,887;54,00721
 578,60;10791,809;   50,464;20073,791;53,64416
 579,18;10845,734;   51,963;20160,752;53,67688
 579,76;10875,583;   40,264;20300,129;53,48169
 580,35;10888,027;   60,170;20436,707;53,13885
 580,93;10935,229;   59,667;20641,557;52,84045
 581,51;10949,871;   24,770;20697,168;52,84874
 582,09;10945,716;   58,663;20755,756;52,60185
 582,67;10996,155;   49,567;20971,318;52,32157
 583,26;10970,591;   28,568;21227,014;51,61710
 583,84;11052,396;   14,164;21413,709;51,58162
 584,42;11055,826;   48,064;21513,287;51,28184
 585,00;11149,381;   81,366;21772,180;51,02628
 585,58;11065,968;   25,167;21912,299;50,44426
 586,17;11070,006;   46,761;21948,521;50,33041
 586,75;10943,149;    6,666;22026,902;49,66560
 587,33;11076,898;   47,767;22191,678;49,80661
 587,91;11036,850;   74,866;22390,201;49,12310
 588,49;10995,298;   63,962;22349,758;49,05069
 589,07;10875,873;   45,468;22403,215;48,44140
 589,65;10709,124;   28,267;22444,439;47,64800
 590,24;10719,854;   42,562;22447,799;47,65534
 590,82;10545,380;   28,261;22484,160;46,83455
 591,40;10459,896;   41,464;22520,209;46,34792
 591,98;10329,970;   45,759;22558,227;45,68229
 592,56;10283,380;   61,161;22699,961;45,15354
 593,14;10224,369;   43,359;22728,928;44,87880
 593,72;10142,313;   29,765;22889,107;44,23814
 594,30;10092,613;   36,759;22797,486;44,18072
 594,89;10028,083;   41,364;22862,428;43,76097
 595,47;10066,806;   38,961;22922,623;43,82098
 596,05;10038,668;   30,267;23003,799;43,56492
 596,63;10056,468;   31,167;23056,199;43,54088
 597,21;10207,906;   36,766;23145,441;44,01438
 597,79;10203,824;   35,467;23166,039;43,96068
 598,37;10278,283;   36,669;23222,748;44,17139
 598,95;10321,450;   50,766;23305,301;44,16637
 599,53;10333,341;   46,757;23207,996;44,41293
 600,11;10394,771;   48,665;23341,947;44,41669
 600,70;10391,478;   57,363;23315,111;44,43300
 601,28;10374,496;   38,564;23424,809;44,19663
 601,86;10382,050;   61,766;23355,102;44,30574
 602,44;10387,979;   23,661;23449,660;44,24280
 603,02;10417,092;   38,656;23576,521;44,09251
 603,60;10512,434;   54,858;23663,232;44,29604
 604,18;10402,646;   69,263;23594,734;43,92424
 604,76;10334,816;   59,263;23642,154;43,57207
 605,34;10228,676;   27,565;23530,764;43,40307
 605,92;10194,123;   59,561;23453,719;43,32091
 606,50;10162,854;   17,662;23498,998;43,20535
 607,08;10102,181;   31,666;23394,881;43,10415
 607,66;10100,106;   39,266;23561,643;42,77136
 608,24;10072,911;   46,067;23522,059;42,71106
 608,82;10085,765;   26,164;23532,031;42,79613
 609,40;10004,137;   46,466;23471,021;42,50954
 609,98; 9961,683;   18,864;23505,928;42,33317
 610,56; 9993,462;   43,861;23497,662;42,42213
 611,14; 9933,045;   30,765;23481,086;42,22663
 611,72; 9910,957;   42,665;23572,467;41,93955
 612,30; 9900,973;   24,962;23468,496;42,12680
 612,88; 9940,552;   60,659;23517,730;42,11904
 613,46; 9855,954;   21,862;23505,697;41,87601
 614,04; 9856,234;   30,068;23461,873;41,93517
 614,62; 9879,949;   41,561;23489,982;41,95757
 615,20; 9845,773;   52,768;23402,416;41,94070
 615,78; 9776,396;   25,569;23463,430;41,60289
 616,36; 9834,353;   41,364;23400,150;41,92422
 616,94; 9769,307;    7,666;23272,242;41,95925
 617,52; 9766,630;   24,067;23373,656;41,72477
 618,10; 9830,382;   63,559;23336,107;41,96714
 618,68; 9815,963;   17,966;23253,184;42,16873
 619,26; 9793,561;   39,268;23398,834;41,75717
 619,84; 9731,447;   18,963;23277,133;41,75945
 620,42; 9839,313;   31,165;23313,506;42,12699
 621,00; 9811,014;   28,865;23209,607;42,19946
 621,58; 9801,300;   38,760;23216,406;42,12050
 622,16; 9812,789;   49,270;23335,164;41,92890
 622,74; 9838,807;   47,066;23327,742;42,05952
 623,32; 9776,819;   42,166;23291,223;41,87118
 623,90; 9827,676;   66,971;23311,484;41,99144
 624,48; 9786,154;   32,662;23196,598;42,10637
 625,05; 9778,954;   34,562;23105,098;42,23739
 625,63; 9780,654;   52,962;23188,799;42,04599
 626,21; 9727,673;   38,262;23117,596;41,98306
 626,79; 9802,455;   53,967;23219,719;42,08147
 627,37; 9728,042;   28,162;23090,717;42,05900
 627,95; 9826,273;   72,768;23200,215;42,17286
 628,53; 9705,514;   49,365;23176,607;41,75227
 629,11; 9730,139;   48,259;23043,449;42,10393
 629,69; 9803,979;   53,369;23256,932;42,02204
 630,27; 9810,847;   80,763;23105,434;42,25938
 630,84; 9828,254;   43,862;23021,197;42,58280
 631,42; 9866,829;   54,367;23319,656;42,17640
 632,00; 9797,025;   45,459;23125,768;42,25059
 632,58; 9783,421;   50,263;23105,172;42,21729
 633,16; 9886,545;   49,870;23096,906;42,68087
 633,74; 9851,026;   56,264;23018,488;42,65598
 634,32; 9863,093;   45,661;23007,842;42,75479
 634,90; 9957,802;   51,970;23195,746;42,80128
 635,47; 9889,375;   38,860;23035,645;42,83431
 636,05; 9825,393;   37,461;22989,342;42,64544
 636,63; 9879,014;   45,965;23104,807;42,64329
 637,21; 9954,583;   67,464;23150,529;42,83278
 637,79; 9942,432;   71,465;23192,904;42,69183
 638,37; 9906,817;   54,055;23070,883;42,80678
 638,94; 9934,845;   33,265;23100,686;42,92452
 639,52; 9914,345;   41,665;23195,285;42,63990
 640,10; 9961,679;   64,264;23215,900;42,75039
 640,68; 9906,849;   54,164;23175,334;42,61326
 641,26; 9936,618;   35,864;23250,268;42,64919
 641,84; 9935,587;   39,164;23235,002;42,66465
 642,41; 9952,157;   28,264;23192,936;42,84064
 642,99; 9991,126;   48,464;23145,568;43,04722
 643,57; 9985,696;   22,064;23158,402;43,06486
 644,15; 9977,466;   27,064;23178,035;42,98049
 644,73;10062,135;   37,564;23277,568;43,13498
 645,30;10031,104;   55,264;23230,303;43,04563
 645,88;10145,574;   44,964;23362,635;43,31741
 646,46;10169,943;   59,264;23447,568;43,22964
 647,04;10200,813;   51,864;23367,902;43,52776
 647,61;10224,482;   46,564;23396,336;43,58894
 648,19;10268,752;   61,664;23433,369;43,67284
 648,77;10301,922;   26,264;23442,002;43,88355
 649,35;10336,591;   51,064;23590,137;43,69555
 649,92;10354,860;   42,464;23596,070;43,78266
 650,50;10374,330;   30,064;23551,104;43,97878
 651,08;10376,700;   39,964;23450,537;44,15413
 651,66;10493,970;   21,864;23534,770;44,53769
 652,23;10448,239;   39,064;23561,004;44,25305
 652,81;10555,809;   36,464;23644,137;44,55901
 653,39;10572,378;   56,164;23647,170;44,57722
 653,97;10687,848;   37,065;23882,504;44,66591
 654,54;10648,417;   23,565;23823,137;44,64304
 655,12;10734,286;   30,965;23831,971;44,97004
 655,70;10829,156;   42,065;23962,805;45,09514
 656,28;10839,426;   32,765;23947,037;45,18917
 656,85;10849,295;   44,065;24051,070;45,00865
 657,43;10821,465;   -1,035;23831,305;45,41098
 658,01;10900,534;   21,465;24078,539;45,22191
 658,58;11018,504;   55,165;24234,371;45,34201
 659,16;10994,873;   51,965;24154,105;45,40223
 659,74;11093,643;   59,465;24338,039;45,44821
 660,32;11126,513;   71,665;24327,672;45,57571
 660,89;11136,682;   34,265;24347,305;45,66445
 661,47;11210,251;   51,665;24464,939;45,70704
 662,05;11324,521;   25,365;24587,373;46,00258
 662,62;11450,591;   59,665;24584,006;46,44743
 663,20;11518,360;   80,665;24740,139;46,38256
 663,78;11628,729;   47,965;24902,773;46,59366
 664,35;11615,600;   52,465;24921,006;46,49704
 664,93;11696,269;   64,465;25123,539;46,41753
 665,51;11814,538;   49,565;25170,973;46,83246
 666,08;11858,708;   30,165;25185,707;47,02162
 666,66;12025,178;   47,465;25667,539;46,75128
 667,23;12131,447;   51,765;25732,773;47,03741
 667,81;12212,616;   65,865;25889,307;47,03769
 668,39;12318,086;   43,265;26047,141;47,20381
 668,96;12500,655;   54,665;26309,074;47,40533
 669,54;12540,725;   38,765;26408,408;47,41042
 670,12;12632,494;   51,165;26808,740;47,01969
 670,69;12863,564;   64,165;26950,674;47,60529
 671,27;12951,334;   25,565;27096,008;47,74864
 671,84;12966,003;   40,665;27105,240;47,75740
 672,42;13144,973;   66,265;27253,875;48,10540
 673,00;13253,342;   57,165;27531,408;48,03108
 673,57;13233,611;   59,965;27276,441;48,40320
 674,15;13400,281;   64,065;27613,475;48,40836
 674,72;13314,751;   58,565;27536,209;48,24353
 675,30;13401,521;   69,466;27513,541;48,57899
 675,88;13480,390;   36,266;27573,176;48,82220
 676,45;13516,959;   59,466;27677,309;48,72753
 677,03;13559,029;   67,866;27525,043;49,13529
 677,60;13667,799;   41,466;27770,576;49,14090
 678,18;13789,368;   59,466;27877,510;49,35610
 678,76;13815,737;   40,766;27809,143;49,60669
 679,33;13840,207;   57,666;27813,176;49,65696
 679,91;13847,076;   44,266;27813,311;49,70574
 680,48;13832,146;   28,766;27740,242;49,81106
 681,06;13831,016;   50,866;27735,176;49,77603
 681,63;13912,785;   37,566;27736,209;50,09350
 682,21;13945,555;   67,966;27797,543;50,04616
 682,78;13768,324;   20,566;27459,576;50,10297
 683,36;13876,294;   46,966;27565,510;50,25458
 683,93;13903,463;   30,466;27450,645;50,59412
 684,51;13913,232;   26,166;27477,277;50,58836
 685,08;14023,202;   38,966;27733,711;50,49419
 685,66;14046,472;   53,066;27694,045;50,62558
 686,24;14053,941;   33,766;27796,578;50,49984
 686,81;14089,911;   57,666;27899,910;50,39912
 687,39;14138,280;   38,866;27807,844;50,77398
 687,96;14284,850;   54,166;27850,479;51,19630
 688,54;14263,920;   30,866;27984,811;50,91608
 689,11;14343,489;   26,966;28043,545;51,10018
 689,69;14402,459;   29,666;28019,279;51,35045
 690,26;14547,028;   59,466;28289,313;51,32002
 690,84;14549,697;   50,066;28239,846;51,43577
 691,41;14650,667;   35,966;28403,879;51,51842
 691,98;14686,837;   31,466;28427,912;51,60988
 692,56;14830,007;   32,866;28437,445;52,09421
 693,13;14904,176;   64,866;28655,080;51,90346
 693,71;14909,646;   24,466;28657,912;51,98529
 694,28;15106,015;   41,966;28715,945;52,53560
 694,86;15225,185;   47,266;28928,879;52,55218
 695,43;15176,154;   61,366;29100,912;52,04898
 696,01;15354,224;   36,266;29145,547;52,62225
 696,58;15303,293;   42,167;29083,879;52,54899
 697,16;15397,163;   38,067;29126,414;52,80154
 697,73;15623,632;   63,467;29338,246;53,15212
 698,30;15591,202;   51,867;29223,980;53,26777
 698,88;15701,771;   40,467;29558,613;53,05653
 699,45;15757,841;   35,367;29765,848;52,88335
 700,03;15902,210;   56,067;29750,980;53,36316
 700,60;15875,380;   56,267;29850,613;53,09435
 701,18;15967,350;   61,867;29963,947;53,19189
 701,75;16251,819;   74,367;30094,682;53,88835
 702,32;16231,688;   50,367;29901,914;54,20597
 702,90;16290,058;   52,467;30254,148;53,76386
 703,47;16398,428;   51,367;30428,881;53,81303
 704,05;16526,297;   67,767;30546,715;53,99967
 704,62;16462,967;   39,867;30587,848;53,76165
 705,19;16613,736;   43,667;30586,982;54,25105
 705,77;16717,406;   29,967;30618,314;54,55489
 706,34;16890,375;   61,667;30627,049;55,05807
 706,91;16919,645;   46,367;30673,883;55,09189
 707,49;16995,715;   57,267;30976,316;54,78321
 708,06;17071,883;   66,367;31089,049;54,81639
 708,64;17179,654;   25,767;31093,582;55,21433
 709,21;17265,223;   58,167;31179,316;55,29055
 709,78;17329,992;   41,367;31281,150;55,34169
 710,36;17511,063;   61,667;31419,684;55,64572
 710,93;17533,631;   50,567;31562,416;55,48092
 711,50;17654,602;   44,467;31506,049;55,97346
 712,08;17824,670;   76,567;31925,383;55,72610
 712,65;17778,340;   73,667;31775,916;55,84674
 713,22;17806,609;   69,067;31900,250;55,72379
 713,80;17870,580;   84,167;31966,883;55,78701
 714,37;17805,748;   55,767;31827,018;55,86806
 714,94;17868,119;   53,967;31727,551;56,24293
 715,52;17880,588;   47,867;31732,984;56,28106
 716,09;17977,158;   65,467;31891,918;56,27926
 716,66;17960,826;   73,467;31935,051;56,14083
 717,23;17987,197;   66,867;31908,484;56,27958
 717,81;17938,666;   50,168;31812,018;56,32071
 718,38;17896,936;   47,468;31671,252;56,44318
 718,95;17944,305;   59,068;31618,984;56,67074
 719,53;17942,674;   56,568;31661,418;56,59292
 720,10;17858,545;   59,968;31481,252;56,64497
 720,67;17857,814;   35,768;31355,984;56,90269
 721,24;17823,383;   59,468;31256,020;56,94192
 721,82;17853,953;   49,968;31236,053;57,08952
 722,39;17938,822;   64,068;31235,885;57,34268
 722,96;17958,191;   64,968;31261,420;57,35660
 723,53;18008,662;   88,268;31151,953;57,68921
 724,11;18100,730;   61,568;31207,486;57,91822
 724,68;18053,000;   71,568;31242,020;57,68743
 725,25;18094,971;   72,768;31399,953;57,52896
 725,82;18230,740;   96,068;31564,387;57,62835
 726,40;18237,709;   62,668;31714,820;57,42119
 726,97;18357,479;   62,168;31875,354;57,50858
 727,54;18451,248;   46,968;31801,486;57,95799
 728,11;18526,617;   49,568;32045,820;57,74754
 728,69;18577,287;   39,568;31938,953;58,11309
 729,26;18729,256;   53,568;32105,088;58,26771
 729,83;18759,426;   53,268;32264,621;58,07318
 730,40;18882,996;   66,768;32291,754;58,39018
 730,97;18924,666;   44,268;32590,588;58,01085
 731,55;18969,734;   41,468;32755,820;57,85921
 732,12;19074,705;   86,268;32841,656;57,97042
 732,69;19128,174;   66,968;32889,988;58,07267
 733,26;19101,543;   55,168;32930,520;57,93512
 733,83;19263,412;   41,168;32979,055;58,35907
 734,41;19226,783;   65,468;32991,590;58,19487
 734,98;19319,053;   51,368;33155,621;58,20305
 735,55;19443,521;   43,168;33183,656;58,53973
 736,12;19445,291;   65,968;33377,289;58,17639
 736,69;19564,361;   76,968;33377,922;58,51902
 737,26;19651,730;   57,468;33552,254;58,49944
 737,84;19724,900;   70,768;33487,188;58,81579
 738,41;19596,670;   63,168;33492,422;58,43236
 738,98;19623,639;   63,569;33375,055;58,71870
 739,55;19667,709;   49,669;33377,789;58,86333
 740,12;19737,578;   62,969;33678,023;58,52916
 740,69;19666,447;   70,569;33575,656;58,48628
 741,26;19705,416;   56,269;33557,391;58,65221
 741,83;19640,086;   53,869;33719,523;58,17863
 742,41;19779,355;   56,169;33833,055;58,39256
 742,98;19891,525;   91,469;33874,590;58,60932
 743,55;19894,494;   53,569;33836,824;58,73006
 744,12;19815,865;   50,469;33859,855;58,46127
 744,69;19854,734;   59,569;33848,492;58,58478
 745,26;19689,004;   42,169;33677,723;58,41092
 745,83;19716,973;   58,769;33854,355;58,16796
 746,40;19684,543;   57,969;33844,789;58,08944
 746,97;19695,713;   44,769;33828,125;58,16753
 747,55;19733,881;   62,269;33966,957;58,02033
 748,12;19852,752;   57,869;33910,191;58,47422
 748,69;19771,221;   68,769;33877,625;58,27601
 749,26;19873,090;   65,069;33958,559;58,44196
 749,83;19761,459;   42,569;33911,992;58,22033
 750,40;19856,930;   89,669;34158,824;58,02099
 750,97;19864,498;   96,269;34144,160;58,06007
 751,54;19879,168;   40,569;33980,793;58,45159
 752,11;19731,537;   52,969;33874,727;58,18316
 752,68;19750,107;   87,869;33912,859;58,12932
 753,25;19667,678;   60,269;33774,594;58,15750
 753,82;19629,646;   65,069;33810,527;57,97692
 754,39;19744,516;   75,169;33727,160;58,44928
 754,96;19700,986;   60,069;33616,395;58,53119
 755,53;19730,654;   29,469;33796,527;58,34439
 756,10;19645,625;   64,169;33720,961;58,17980
 756,67;19651,795;   73,369;33813,395;58,02730
 757,24;19566,164;   72,769;33740,426;57,89947
 757,81;19617,133;   16,469;33677,762;58,22909
 758,38;19614,604;   54,569;33822,695;57,92455
 758,95;19599,572;   79,469;33743,426;57,98517
 759,52;19465,541;   57,469;33615,859;57,83374
 760,09;19523,412;   68,570;33306,992;58,53118
 760,66;19376,580;   59,570;33309,727;58,09600
 761,23;19369,951;   91,070;33353,961;57,95913
 761,80;19156,520;   56,270;33295,793;57,46247
 762,37;19112,490;   68,970;33167,727;57,53546
 762,94;19196,158;   70,970;33187,461;57,75125
 763,51;19122,928;   36,070;32949,793;57,99058
 764,08;19097,299;   66,270;32998,527;57,78841
 764,65;19007,867;   69,570;32798,961;57,86327
 765,22;19091,137;   54,670;32804,496;58,12692
 765,79;19014,107;   77,370;32691,928;58,06222
 766,36;19006,377;   73,170;32743,063;57,95307
 766,93;18975,346;   68,970;32551,295;58,20512
 767,50;18888,916;   89,470;32828,328;57,42242
 768,07;18791,484;   63,870;32699,262;57,38437
 768,64;18821,254;   86,470;32572,596;57,67011
 769,21;18602,424;   57,970;32359,729;57,41004
 769,78;18621,994;   78,770;32244,963;57,64818
 770,34;18373,264;   45,570;32031,195;57,29978
 770,91;18478,033;   58,470;31921,430;57,80870
 771,48;18424,902;   62,370;31836,863;57,79017
 772,05;18270,572;   66,470;31610,697;57,70977
 772,62;18062,242;   42,670;31443,029;57,38652
 773,19;18170,910;   59,370;31579,764;57,45975
 773,76;18091,980;   71,070;31506,297;57,32712
 774,33;18092,750;   74,170;31447,330;57,43310
 774,90;17904,820;   52,870;31206,064;57,30375
 775,47;17884,590;   59,970;30957,498;57,68947
 776,03;17820,658;   73,470;30984,330;57,41409
 776,60;17701,527;   55,970;30757,863;57,47384
 777,17;17665,697;   65,470;30698,098;57,45582
 777,74;17459,066;   30,870;30522,031;57,15819
 778,31;17512,336;   68,970;30582,064;57,16682
 778,88;17344,506;   30,470;30366,898;57,07341
 779,45;17296,275;   75,770;30358,131;56,86646
 780,01;17253,945;   58,370;30299,664;56,86124
 780,58;17123,115;   60,570;30177,998;56,65339
 781,15;16981,984;   38,771;29979,432;56,58931
 781,72;16886,854;   66,771;29962,266;56,26294
 782,29;16827,523;   51,771;29667,100;56,64551
 782,86;16760,893;   55,571;29617,732;56,50914
 783,42;16714,363;   56,171;29598,166;56,38818
 783,99;16595,133;   66,671;29482,100;56,18977
 784,56;16539,801;   55,171;29320,232;56,32870
 785,13;16439,771;   40,271;29247,266;56,14922
 785,70;16372,641;   49,071;29060,299;56,26639
 786,26;16220,311;   51,671;28910,732;56,02621
 786,83;16170,880;   84,371;28889,166;55,84664
 787,40;16094,149;   57,171;28783,500;55,82676
 787,97;15989,119;   43,971;28581,133;55,87503
 788,54;15977,688;   70,371;28515,268;55,92327
 789,10;15835,158;   57,971;28344,400;55,77652
 789,67;15794,228;   70,371;28245,334;55,80790
 790,24;15751,396;   51,071;28193,768;55,78828
 790,81;15603,066;   88,271;27914,400;55,75621
 791,37;15646,536;   73,671;27872,135;56,02060
 791,94;15513,006;   70,771;27886,367;55,51646
 792,51;15391,275;   46,271;27539,201;55,81436
 793,08;15423,944;   69,771;27555,234;55,86289
 793,64;15306,314;   71,271;27455,168;55,63504
 794,21;15186,783;   69,671;27250,602;55,61661
 794,78;15104,553;   53,071;27147,035;55,55290
 795,35;14902,123;   73,471;27007,969;55,05450
 795,91;14898,792;   48,071;26789,301;55,53492
 796,48;14793,162;   55,771;26710,734;55,28948
 797,05;14769,531;   57,671;26624,369;55,37707
 797,62;14720,501;   41,971;26600,701;55,26819
 798,18;14531,070;   57,471;26410,736;54,92146
 798,75;14520,340;   56,571;26279,770;55,15639
 799,32;14528,609;   60,771;26209,102;55,32987
 799,88;14321,479;   55,971;26051,535;54,87670
 800,45;14268,648;   33,971;25945,270;54,93618
 801,02;14265,118;   65,271;25880,104;55,00654
 801,58;14155,787;   90,872;25660,436;55,00647
 802,15;14015,357;   72,872;25615,270;54,58566
 802,72;13994,227;   66,172;25404,703;54,96789
 803,28;13939,496;   49,172;25288,938;55,03349
 803,85;13842,966;   41,972;25144,871;54,97769
 804,42;13786,135;   77,772;24948,004;55,11956
 804,98;13757,205;  100,672;24935,537;54,98936
 805,55;13567,874;   56,972;24702,371;54,82119
 806,12;13541,244;   83,572;24611,004;54,86784
 806,68;13352,113;   66,472;24493,738;54,38857
 807,25;13385,883;   74,972;24436,271;54,63958
 807,82;13374,553;   86,872;24407,805;54,63475
 808,38;13196,822;   73,672;24367,037;54,01948
 808,95;13186,892;   62,972;24166,971;54,44706
 809,52;13217,161;   50,272;24162,004;54,60781
 810,08;13115,131;   55,172;23994,938;54,55341
 810,65;13176,400;   77,172;24169,672;54,37057
 811,21;13122,970;   69,972;24123,404;54,26667
 811,78;13132,539;   92,472;24337,539;53,78441
 812,35;13069,908;   64,972;24173,871;53,94247
 812,91;13067,078;   90,072;24239,705;53,73583
 813,48;13053,548;   68,172;24202,738;53,80406
 814,04;12974,417;   64,172;24088,373;53,73850
 814,61;12963,687;   77,572;24176,006;53,47283
 815,18;12838,956;   67,772;23892,539;53,60465
 815,74;12806,626;   69,772;23709,172;53,87977
 816,31;12731,995;   83,372;23614,406;53,75294
 816,87;12591,765;   43,272;23489,641;53,51998
 817,44;12567,635;   76,972;23452,273;53,43530
 818,00;12442,304;   43,272;23159,506;53,63777
 818,57;12300,374;   71,872;23076,340;53,15707
 819,14;12276,243;   82,872;22924,273;53,38276
 819,70;12178,013;   72,672;22792,707;53,28047
 820,27;12112,582;   62,972;22691,941;53,24860
 820,83;12071,852;   70,072;22541,373;53,40937
 821,40;11981,421;   98,072;22431,908;53,20783
 821,96;11886,291;   75,272;22315,541;53,10646
 822,53;11877,061;   70,973;22257,574;53,21269
 823,09;11744,530;   81,073;22073,309;53,03443
 823,66;11664,300;   68,173;21862,541;53,20699
 824,22;11506,169;   77,173;21851,674;52,48798
 824,79;11485,339;   75,473;21561,408;53,10388
 825,35;11472,808;   65,173;21648,041;52,85505
 825,92;11401,577;   75,173;21398,875;53,11650
 826,48;11378,747;   87,673;21501,309;52,72843
 827,05;11211,917;   89,573;21448,242;52,07414
 827,61;11157,586;   75,273;21249,076;52,33974
 828,18;11064,855;   60,873;21191,209;52,07670
 828,74;11081,625;   91,673;21053,543;52,42830
 829,31;11068,194;   83,373;21002,176;52,51171
 829,87;10917,265;   73,073;20733,709;52,48721
 830,44;10852,834;   85,173;20631,443;52,40689
 831,00;10821,403;   91,273;20673,977;52,13178
 831,57;10744,673;  101,573;20631,609;51,84160
 832,13;10650,843;   72,073;20323,344;52,23756
 832,69;10575,412;   58,173;20309,477;51,93364
 833,26;10585,081;   85,473;20322,711;51,88261
 833,82;10491,151;   93,073;20197,744;51,71971
 834,39;10427,120;   78,773;20137,477;51,59031
 834,95;10304,290;   57,173;19959,410;51,48726
 835,52;10272,060;   87,873;19851,744;51,52931
 836,08;10199,629;   95,573;19951,877;50,88588
 836,64;10260,198;   76,273;19800,711;51,63100
 837,21;10191,769;   88,673;19552,443;51,90719
 837,77;10141,538;   91,873;19491,777;51,80265
 838,34;10073,907;   67,473;19470,012;51,57281
 838,90; 9982,577;   64,473;19306,045;51,54519
 839,46; 9902,347;   83,873;19312,479;51,06181
 840,03; 9956,315;   76,173;19300,811;51,39313
 840,59; 9852,686;   85,873;19175,645;51,16254
 841,16; 9863,955;  105,173;19156,578;51,22342
 841,72; 9729,524;   59,373;18965,512;51,14821
 842,28; 9795,194;   77,873;18857,246;51,74465
 842,85; 9747,663;   95,573;18812,578;51,56856
 843,41; 9655,933;  105,374;18740,813;51,24945
 843,97; 9623,803;   89,174;18686,846;51,26786
 844,54; 9610,672;  104,774;18624,979;51,32718
 845,10; 9461,142;   89,174;18523,713;50,83918
 845,67; 9469,011;   68,774;18413,445;51,24233
 846,23; 9446,980;   78,674;18361,080;51,24220
 846,79; 9390,050;   90,474;18265,613;51,16646
 847,36; 9226,420;   55,774;18179,047;50,60149
 847,92; 9311,390;   84,874;18034,680;51,40176
 848,48; 9161,259;   41,874;18039,213;50,67074
 849,04; 9100,528;   62,374;17949,447;50,52897
 849,61; 9093,598;   56,274;17918,580;50,59438
 850,17; 9101,268;   68,174;17819,514;50,88683
 850,73; 8987,938;   71,474;17764,848;50,39437
 851,30; 8981,507;   46,074;17669,881;50,70092
 851,86; 8914,376;   75,874;17597,914;50,44220
 852,42; 8955,646;   51,174;17568,348;50,83281
 852,99; 8991,615;   79,274;17583,082;50,91658
 853,55; 8897,385;   83,174;17542,514;50,48422
 854,11; 8843,454;   70,074;17432,049;50,53216
 854,67; 8879,424;   85,474;17420,881;50,72826
 855,24; 8805,894;   51,874;17213,414;51,00952
 855,80; 8793,863;   76,874;17244,848;50,77471
 856,36; 8743,532;   80,574;17175,881;50,67448
 856,92; 8622,402;   54,474;17027,215;50,48052
 857,49; 8678,871;   81,274;17048,248;50,67254
 858,05; 8650,741;   67,274;16968,482;50,78611
 858,61; 8590,311;   65,774;17003,316;50,32924
 859,17; 8616,980;   77,374;16904,250;50,74980
 859,74; 8591,750;   82,074;16836,883;50,78945
 860,30; 8467,819;   93,074;16663,016;50,54179
 860,86; 8411,688;   72,074;16692,350;50,17735
 861,42; 8363,658;   74,674;16545,883;50,32408
 861,99; 8365,628;   54,674;16506,717;50,51624
 862,55; 8346,897;   66,374;16393,051;50,71775
 863,11; 8353,367;   75,174;16437,283;50,59368
 863,67; 8240,736;   61,274;16290,117;50,40077
 864,23; 8265,206;   80,175;16199,351;50,77823
 864,80; 8225,075;   69,175;16081,384;50,93551
 865,36; 8173,345;   71,875;16120,817;50,47977
 865,92; 8097,915;   96,175;16088,751;50,03409
 866,48; 8110,784;   67,375;15987,384;50,52390
 867,04; 7976,054;   60,675;15891,418;50,00005
 867,60; 7976,823;   99,375;15884,451;49,90441
 868,17; 7979,593;   93,675;15884,685;49,93929
 868,73; 7920,762;   82,775;15672,618;50,27624
 869,29; 7882,832;   59,475;15470,151;50,76582
 869,85; 7898,401;  100,475;15369,685;51,06961
 870,41; 7758,671;   80,575;15293,418;50,47114
 870,97; 7776,041;   92,975;15232,252;50,74922
 871,54; 7686,710;   84,175;15178,686;50,36622
 872,10; 7701,679;   84,275;15055,419;50,88058
 872,66; 7512,049;   66,775;14910,652;50,15720
 873,22; 7566,119;   81,975;14890,586;50,53913
 873,78; 7377,188;   65,275;14742,419;49,81836
 874,34; 7424,158;   95,075;14662,652;50,31092
 874,90; 7383,558;  109,775;14536,053;50,42037
 875,46; 7335,658;   96,375;14412,952;50,56574
 876,03; 7310,458;   86,475;14363,353;50,59918
 876,59; 7206,257;   64,475;14153,253;50,69128
 877,15; 7178,458;  101,475;14166,853;50,31491
 877,71; 7140,158;   78,275;14064,652;50,49115
 878,27; 7083,458;   95,675;13910,553;50,58157
 878,83; 7097,658;  114,275;13971,753;50,39433
 879,39; 7096,058;   91,075;14082,753;50,06535
 879,95; 7022,458;   86,275;13964,253;49,97978
 880,51; 7036,958;   75,175;13927,253;50,25804
 881,07; 7068,058;   82,375;13978,753;50,26981
 881,63; 7055,558;   92,575;13971,253;50,17036
 882,19; 7095,958;   82,675;13921,553;50,67812
 882,75; 7127,658;   86,275;14019,553;50,53644
 883,31; 7165,158;   95,575;14187,853;50,16636
 883,88; 7093,857;   96,375;14174,353;49,70517
 884,44; 7114,558;   76,175;14175,753;49,91910
 885,00; 7267,158;  106,075;14266,952;50,56949
 885,56; 7218,558;  101,675;14299,452;50,12674
 886,12; 7315,658;  109,875;14421,152;50,35038
 886,68; 7207,257;   90,775;14436,753;49,60612
 887,24; 7365,058;  102,475;14574,952;50,18203
 887,80; 7384,158;   86,975;14671,753;50,03287
 888,36; 7424,857;  106,275;14715,652;50,09510
 888,92; 7456,058;   98,975;14773,353;50,13557
 889,48; 7544,558;   99,575;14973,853;50,05273
 890,04; 7522,458;   95,275;14803,053;50,49833
 890,60; 7543,558;  117,475;15014,652;49,84892
 891,16; 7597,757;   99,875;15075,853;50,06606
 891,72; 7643,658;  113,275;15058,452;50,38671
 892,28; 7626,357;  112,475;15126,053;50,04725
 892,84; 7577,857;   93,775;15039,853;50,07389
 893,39; 7637,958;  117,575;15112,952;50,15134
 893,95; 7614,458;  112,975;15044,753;50,23837
 894,51; 7464,558;   66,375;14891,253;49,90383
 895,07; 7541,757;  127,375;14906,353;50,16844
 895,63; 7373,158;   74,275;14689,952;49,93872
 896,19; 7337,857;   90,375;14601,952;49,94276
 896,75; 7240,257;  105,175;14460,152;49,70459
 897,31; 7215,757;   82,775;14295,853;50,18605
 897,87; 7121,857;   98,175;14146,853;49,99533
 898,43; 7039,857;   87,775;14075,753;49,70041
 898,99; 6980,658;  109,175;14002,753;49,45798
 899,55; 6958,058;  109,475;13940,652;49,51554
 900,11; 6901,658;  104,975;13747,553;49,81964
 900,67; 6823,558;   91,375;13658,652;49,62073
 901,22; 6793,158;  108,375;13601,952;49,54048
 901,78; 6688,558;   91,275;13560,053;48,98204
 902,34; 6630,958;  103,075;13451,152;48,90504
 902,90; 6595,857;   73,575;13350,652;49,12438
 903,46; 6556,357;   95,775;13236,353;49,16513
 904,02; 6474,958;   88,075;13091,553;49,11673
 904,58; 6381,958;   67,075;12918,152;49,13893
 905,14; 6365,857;   63,975;12874,553;49,19280
 905,70; 6298,658;   66,775;12696,053;49,34473
 906,25; 6251,257;   84,375;12708,452;48,85016
 906,81; 6212,058;   87,675;12732,152;48,43524
 907,37; 6183,558;   79,275;12616,152;48,69061
 907,93; 6169,857;   74,775;12588,152;48,70853
 908,49; 6071,658;  101,875;12497,652;48,15981
 909,05; 6031,458;   89,675;12425,553;48,16668
 909,60; 6057,357;   86,575;12340,452;48,72566
 910,16; 6014,357;   67,675;12291,853;48,64689
 910,72; 5929,757;  100,475;12207,753;48,14693
 911,28; 5939,458;   90,875;12156,053;48,47490
 911,84; 5946,357;   79,575;12106,753;48,77938
 912,39; 5856,158;   73,475;12049,353;48,28609
 912,95; 5828,058;  104,475;12001,452;48,10955
 913,51; 5794,857;   85,375;11945,253;48,14116
 914,07; 5660,658;   83,775;11813,452;47,54507
 914,63; 5671,357;   64,775;11748,053;47,98810
 915,18; 5578,257;   77,475;11617,853;47,66553
 915,74; 5559,357;   63,975;11632,652;47,50225
 916,30; 5494,357;   61,475;11588,553;47,13148
 916,86; 5463,058;   83,575;11514,652;47,06015
 917,42; 5447,658;   82,275;11425,152;47,30178
 917,97; 5373,458;   75,375;11265,452;47,34626
 918,53; 5299,458;   67,775;11196,253;47,01166
 919,09; 5309,158;   88,975;11223,753;46,88179
 919,65; 5194,458;   83,375;11083,452;46,46406
 920,20; 5177,357;   61,875;10983,053;46,84003
 920,76; 5090,958;   65,475;10849,452;46,60138
 921,32; 5090,458;   82,675;10770,952;46,85304
 921,87; 5052,257;   97,475;10670,253;46,86358
 922,43; 4926,257;   64,675;10561,353;46,31544
 922,99; 4889,458;   61,875;10406,753;46,66640
 923,55; 4820,857;   63,775;10357,353;46,21408
 924,10; 4786,357;   73,575;10282,853;46,16176
 924,66; 4724,558;   78,675;10170,152;46,03769
 925,22; 4627,558;   43,275;10093,952;45,61168
 925,77; 4560,257;   66,075; 9927,053;45,57542
 926,33; 4567,257;   90,375; 9903,253;45,62252
 926,89; 4466,458;   71,975; 9692,753;45,67700
 927,44; 4385,757;   52,175; 9580,553;45,48080
 928,00; 4364,458;   66,875; 9533,753;45,39599
 928,56; 4296,158;   80,375; 9372,253;45,37062
 929,12; 4269,958;   72,775; 9275,152;45,60976
 929,67; 4173,257;   67,575; 9091,053;45,50000
 930,23; 4072,857;   50,975; 8915,253;45,37180
 930,78; 4082,558;  100,675; 8842,553;45,54951
 931,34; 3927,857;   61,975; 8632,152;45,10855
 931,90; 3823,558;   61,675; 8494,353;44,61077
 932,45; 3715,657;   78,775; 8290,753;44,28753
 933,01; 3575,157;   52,975; 8024,453;44,18481
 933,57; 3483,157;   72,175; 7753,252;44,40760
 934,12; 3395,058;   70,475; 7399,553;45,36154
 934,68; 3176,458;   59,075; 7020,252;44,78240
 935,24; 2984,357;   67,875; 6614,752;44,54769
 935,79; 2794,958;   72,975; 6254,853;44,03165
 936,35; 2645,657;   91,375; 5812,252;44,64844
 936,90; 2426,058;   80,275; 5348,752;44,52487
 937,46; 2245,458;   72,775; 4956,953;44,48410
 938,02; 2078,458;   63,375; 4549,152;44,92159
 938,57; 1959,057;   73,175; 4265,053;44,98897
 939,13; 1834,458;   70,575; 3986,752;45,04092
 939,68; 1673,057;   57,375; 3713,452;44,19169
 940,24; 1623,958;   68,775; 3504,052;45,27094
 940,79; 1558,858;   91,875; 3391,052;44,46510
 941,35; 1499,157;   79,675; 3217,552;45,23703
 941,91; 1408,958;   71,375; 3122,252;43,84255
 942,46; 1403,858;   75,075; 3063,552;44,46353
 943,02; 1379,157;   65,375; 3050,752;44,00725
 943,57; 1319,557;   61,275; 2982,452;43,07450
 944,13; 1359,057;   67,375; 2974,452;44,43234
 944,68; 1355,458;   65,975; 3041,752;43,33263
 945,24; 1381,657;   82,275; 3060,052;43,63598
 945,79; 1384,157;   68,775; 3104,052;43,33648
 946,35; 1410,557;   51,775; 3194,752;43,23233
 946,90; 1465,057;   98,575; 3283,552;42,90399
 947,46; 1452,757;   52,175; 3311,052;42,97745
 948,01; 1464,458;   51,575; 3390,052;42,32116
 948,57; 1532,557;   86,775; 3552,952;41,71115
 949,12; 1522,057;   65,875; 3613,353;41,04839
 949,68; 1601,458;   76,275; 3732,653;41,71294
 950,23; 1620,757;   70,075; 3833,252;41,20673
 950,79; 1656,358;   75,775; 3933,452;40,97239
 951,34; 1710,757;   83,275; 4070,952;40,81279
 951,90; 1746,757;   57,475; 4140,853;41,36973
 952,45; 1783,657;   81,075; 4292,152;40,43104
 953,01; 1779,557;   65,975; 4364,252;39,86673
 953,56; 1840,057;   87,975; 4500,853;39,70385
 954,12; 1860,757;   42,075; 4567,553;40,18763
 954,67; 1889,757;   70,875; 4720,453;39,11930
 955,23; 1924,958;   61,975; 4804,553;39,28207
 955,78; 1969,157;   67,175; 4882,953;39,49482
 956,33; 1936,757;   58,575; 4947,252;38,41903
 956,89; 1967,057;   53,475; 5038,553;38,38621
 957,44; 1976,458;   53,675; 5170,752;37,57579
 958,00; 2034,458;   49,475; 5238,353;38,25456
 958,55; 2054,657;   70,475; 5313,953;37,84096
 959,10; 2061,958;   52,375; 5370,252;37,78918
 959,66; 2084,558;   74,275; 5488,752;37,12792
 960,21; 2096,458;   78,475; 5567,453;36,76427
 960,77; 2104,657;   54,275; 5606,152;36,93134
 961,32; 2119,458;   48,375; 5663,453;36,88431
 961,87; 2139,157;   79,775; 5738,752;36,39142
 962,43; 2142,157;   68,975; 5780,652;36,29726
 962,98; 2175,657;   76,175; 5828,652;36,49701
 963,54; 2098,857;   27,075; 5820,652;35,75999
 964,09; 2142,958;   56,275; 5873,953;35,86796
 964,64; 2146,857;   64,975; 5901,053;35,67263
 965,20; 2140,157;   44,375; 5966,652;35,38812
 965,75; 2138,458;   66,575; 5976,353;35,05855
 966,30; 2138,258;   75,275; 6068,553;34,42161
 966,86; 2144,157;   62,975; 6121,953;34,34874
 967,41; 2117,058;   81,075; 6084,453;33,91395
 967,96; 2168,558;   75,175; 6108,953;34,69439
 968,52; 2169,558;   81,775; 6126,353;34,53976
 969,07; 2112,058;   72,975; 6120,152;33,71958
 969,62; 2084,058;   77,175; 6134,953;33,12902
 970,18; 2094,857;   57,575; 6147,652;33,45249
 970,73; 2081,558;   66,475; 6203,553;32,83456
 971,28; 2091,857;   95,775; 6197,053;32,71581
 971,84; 2063,857;   55,075; 6118,752;33,12812
 972,39; 2064,958;   95,875; 6148,652;32,53188
 972,94; 2074,458;   54,975; 6140,652;33,18419
 973,49; 2029,257;   64,575; 6141,252;32,33152
 974,05; 2034,657;   64,375; 6178,053;32,22745
 974,60; 2024,458;   88,575; 6213,252;31,60791
 975,15; 2013,958;   77,675; 6231,553;31,46443
 975,71; 1995,657;   62,375; 6121,453;31,90721
 976,26; 1973,958;   77,575; 6110,252;31,43517
 976,81; 1992,358;   90,675; 6134,152;31,46669
 977,36; 1973,458;   84,775; 6156,953;31,10387
 977,92; 1978,458;   90,175; 6209,353;30,85844
 978,47; 1937,757;   77,175; 6060,252;31,09742
 979,02; 1932,958;   95,475; 6085,652;30,67493
 979,57; 1883,757;   86,775; 6058,453;30,09175
 980,13; 1873,657;   76,175; 6038,752;30,14606
 980,68; 1882,157;   77,075; 6010,553;30,42200
 981,23; 1854,157;   89,175; 6054,652;29,58661
 981,78; 1830,057;   82,075; 5974,152;29,66666
 982,33; 1810,657;   79,275; 5893,252;29,77966
 982,89; 1801,057;   94,375; 5938,152;29,20513
 983,44; 1771,557;   65,675; 5935,853;29,06015
 983,99; 1802,157;  104,775; 5949,453;29,04151
 984,54; 1762,358;   81,475; 5900,053;28,88820
 985,09; 1743,757;   87,275; 5873,752;28,62678
 985,65; 1705,358;   69,375; 5811,853;28,48914
 986,20; 1718,657;  106,575; 5791,152;28,35888
 986,75; 1729,557;   95,875; 5823,953;28,52061
 987,30; 1686,257;   97,175; 5726,053;28,23089
 987,85; 1639,358;   92,475; 5721,353;27,48119
 988,40; 1613,458;   96,675; 5693,953;27,09858
 988,96; 1631,358;  114,875; 5666,553;27,31575
 989,51; 1608,157;  108,875; 5644,053;27,08644
 990,06; 1614,657;  128,275; 5680,853;26,76923
 990,61; 1529,557;   93,575; 5569,053;26,22570
 991,16; 1572,657;  104,375; 5558,053;26,92279
 991,71; 1529,458;   79,875; 5505,853;26,71560
 992,26; 1522,458;   93,475; 5457,252;26,64135
 992,81; 1493,358;   75,075; 5427,053;26,50016
 993,37; 1508,557;  113,475; 5390,553;26,43665
 993,92; 1462,358;  108,375; 5368,953;25,73829
 994,47; 1467,257;  117,475; 5329,652;25,89671
 995,02; 1451,257;  118,475; 5313,252;25,65620
 995,57; 1417,858;   90,875; 5274,652;25,59876
 996,12; 1438,858;  133,575; 5247,553;25,52382
 996,67; 1402,858;  132,375; 5191,652;25,11194
 997,22; 1365,958;   99,875; 5128,652;25,17675
 997,77; 1383,557;  115,275; 5110,553;25,38963
 998,32; 1359,858;  103,775; 5015,652;25,57235
 998,87; 1341,757;  114,275; 5018,752;25,02779
 999,42; 1324,858;  101,675; 4972,553;25,11216
 999,97; 1297,858;  109,975; 4956,353;24,51073
1000,53; 1311,458;  123,475; 4993,752;24,39250
1001,08; 1269,057;   98,375; 4879,053;24,48779
1001,63; 1279,557;  144,475; 4878,053;23,97938
1002,18; 1202,557;   85,075; 4777,453;23,81485
1002,73; 1261,557;  131,375; 4813,853;24,13642
1003,28; 1229,057;  103,575; 4811,953;23,90383
1003,83; 1201,358;  119,075; 4691,752;23,66846
1004,38; 1212,657;  137,775; 4703,152;23,54422
1004,93; 1166,657;  114,375; 4680,953;23,04313
1005,48; 1153,458;  104,075; 4573,053;23,48149
1006,03; 1101,057;  112,775; 4525,652;22,39542
1006,58; 1113,858;  111,475; 4486,553;22,91119
1007,13; 1078,657;   94,475; 4466,252;22,51218
1007,68; 1081,257;  104,975; 4462,453;22,40476
1008,23; 1077,358;  114,575; 4425,853;22,33172
1008,78; 1064,958;  107,375; 4384,152;22,39028
1009,33; 1046,858;  121,875; 4307,752;22,09770
1009,88; 1004,857;   84,775; 4329,553;21,67563
1010,43; 1021,157;  118,875; 4320,752;21,47332
1010,98; 1009,157;  100,675; 4310,053;21,58235
1011,52;  992,458;   97,075; 4264,953;21,48294
1012,07; 1011,357;  144,475; 4319,252;20,76476
1012,62;  968,057;  103,875; 4259,152;20,79723
1013,17;  972,357;   97,175; 4172,053;21,47752
1013,72;  941,057;   94,575; 4143,453;20,90660
1014,27;  936,258;  100,275; 4105,853;20,87046
1014,82;  927,458;   86,875; 4042,952;21,24788
1015,37;  867,057;   84,375; 3964,853;20,16975
1015,92;  880,958;  109,475; 3894,252;20,38383
1016,47;  838,258;   90,275; 3819,452;20,05757
1017,02;  812,157;   81,075; 3732,153;20,02375
1017,57;  838,857;   96,475; 3718,853;20,49434
1018,11;  801,557;   77,275; 3656,252;20,23713
1018,66;  824,958;  120,175; 3636,552;20,04286
1019,21;  789,557;  109,675; 3579,552;19,59385
1019,76;  750,157;   77,675; 3497,353;19,66508
1020,31;  737,258;   71,975; 3446,452;19,71513
1020,86;  747,258;   96,175; 3448,052;19,42441
1021,41;  719,958;   80,175; 3387,052;19,34703
1021,96;  720,857;   83,675; 3385,853;19,29583
1022,50;  730,958;  105,975; 3332,952;19,36743
1023,05;  706,057;   94,675; 3288,052;19,14532
1023,60;  695,958;   97,975; 3251,353;18,96324
1024,15;  659,357;   81,075; 3184,853;18,63157
1024,70;  681,657;   95,075; 3176,252;19,03761
1025,25;  643,057;   81,175; 3127,452;18,44489
1025,79;  651,258;  101,175; 3110,752;18,27773
1026,34;  650,758;   83,475; 3044,653;19,15733
1026,89;  639,258;  102,175; 3039,052;18,28754
1027,44;  596,157;   95,875; 2952,952;17,51029
1027,99;  605,857;   93,475; 2944,552;17,97154
1028,53;  594,958;   89,675; 2900,052;17,97917
1029,08;  599,458;  114,775; 2876,653;17,54902
1029,63;  592,057;  114,875; 2854,952;17,41493
1030,18;  566,458;   92,075; 2788,552;17,59268
1030,73;  545,157;   91,175; 2739,552;17,14191
1031,27;  536,258;   85,875; 2715,252;17,12886
1031,82;  526,958;   81,875; 2686,452;17,08847
1032,37;  534,258;   98,875; 2688,853;16,81028
1032,92;  535,057;  100,575; 2675,452;16,87391
1033,46;  501,557;   99,775; 2599,252;16,07466
1034,01;  493,758;   78,375; 2582,952;16,58493
1034,56;  506,858;   98,875; 2559,252;16,58211
1035,11;  508,258;   92,375; 2523,552;17,10622
1035,65;  476,258;   87,575; 2478,052;16,25962
1036,20;  480,957;   99,375; 2454,452;16,20255
1036,75;  494,158;  118,675; 2446,353;16,13121
1037,29;  465,658;   90,275; 2398,252;16,26457
1037,84;  438,457;   78,375; 2347,252;15,87051
1038,39;  460,658;   91,075; 2329,952;16,50749
1038,94;  426,758;   73,075; 2277,153;16,04674
1039,48;  433,057;   83,575; 2278,552;15,92192
1040,03;  444,457;  102,875; 2245,252;15,94409
1040,58;  433,057;  101,175; 2194,552;15,85392
1041,12;  408,057;   91,375; 2191,653;15,07813
1041,67;  412,758;  101,075; 2166,752;15,08863
1042,22;  439,858;  118,475; 2145,252;15,85682
1042,76;  404,258;   99,275; 2118,452;15,10429
1043,31;  387,158;   90,675; 2060,653;15,05004
1043,86;  393,858;   98,875; 2044,252;15,16325
1044,40;  399,457;   92,975; 2018,052;15,92053
1044,95;  379,758;   94,175; 1988,552;15,07527
1045,50;  352,957;   75,375; 1934,353;14,93200
1046,04;  390,258;  114,375; 1930,453;15,19112
1046,59;  362,158;   96,175; 1878,353;14,92458
1047,13;  371,858;  121,075; 1879,453;14,26215
1047,68;  351,658;  115,675; 1860,052;13,52818
1048,23;  347,457;  118,775; 1866,752;13,08269
1048,77;  337,057;   90,175; 1784,953;14,56725
1049,32;  340,957;  104,175; 1785,953;14,07930
1049,86;  332,658;   92,675; 1760,552;14,38850
1050,41;  307,258;   82,475; 1735,552;13,59782
1050,96;  316,858;  100,875; 1698,652;13,51768
1051,50;  316,957;  101,675; 1663,252;13,78622
1052,05;  313,957;   94,675; 1664,052;13,97258
1052,59;  304,858;   82,975; 1624,152;14,39695
1053,14;  287,358;   84,475; 1582,652;13,54195
1053,69;  292,658;   98,475; 1571,453;13,18299
1054,23;  306,358;  104,575; 1569,052;13,77846
1054,78;  292,957;  100,775; 1550,152;13,25966
1055,32;  316,358;  123,075; 1550,453;13,54109
1055,87;  255,557;   68,875; 1491,752;13,12007
1056,41;  254,158;   78,775; 1469,552;12,61039
1056,96;  274,758;   96,775; 1451,052;13,14225
1057,50;  306,858;  113,375; 1470,853;14,25309
1058,05;  257,758;   82,075; 1401,953;13,31052
1058,59;  272,557;   95,875; 1396,552;13,58388
1059,14;  281,258;  103,575; 1370,453;14,02523
1059,68;  232,357;   75,975; 1329,353;12,47689
1060,23;  280,258;  126,875; 1383,752;12,20346
1060,77;  267,358;   97,375; 1317,052;13,93668
1061,32;  268,658;  108,575; 1320,652;13,20728
1061,86;  255,758;  111,175; 1289,752;12,26754
1062,41;  246,958;   93,975; 1242,953;13,31466
1062,95;  244,857;  109,575; 1230,853;12,06503
1063,50;  245,857;  111,075; 1230,052;12,04515
1064,04;  229,658;   90,475; 1197,453;12,57320
1064,59;  247,958;  114,775; 1210,052;12,15970
1065,13;  232,357;  103,475; 1170,552;12,07808
1065,68;  235,658;  107,275; 1161,353;12,17961
1066,22;  245,658;  115,875; 1166,453;12,35344
1066,76;  249,158;  130,175; 1145,252;11,72152
1067,31;  230,857;   99,875; 1110,552;12,95987
1067,85;  233,357;  100,975; 1090,252;13,38174
1068,40;  224,557;  110,275; 1095,353;11,60137
1068,94;  221,958;   99,175; 1079,353;12,52656
1069,49;  219,458;   98,175; 1041,652;12,85484
1070,03;  224,357;  111,175; 1034,353;12,26010
1070,57;  207,357;   88,775; 1012,852;12,83253
1071,12;  186,758;   75,875;  987,153;12,16781
1071,66;  249,958;  131,775; 1039,953;13,01315
1072,21;  212,057;  112,475; 1011,352;11,07854
1072,75;  206,658;  104,475;  978,552;11,69033
1073,29;  192,658;   77,075;  942,453;13,35631
1073,84;  207,857;   95,975;  941,153;13,23775
1074,38;  193,357;   93,875;  928,253;11,92296
1074,92;  211,158;  107,275;  940,153;12,47272
1075,47;  214,658;  112,775;  938,852;12,33329
1076,01;  221,658;  121,775;  926,253;12,41582
1076,56;  191,857;   97,275;  891,953;11,90200
1077,10;  188,658;   86,075;  865,253;13,16549
1077,64;  186,758;   97,875;  884,453;11,29990
1078,19;  214,458;  123,175;  887,753;11,93895
1078,73;  201,958;   98,775;  853,852;13,66515
1079,27;  218,357;  121,075;  875,552;12,89402
1079,81;  217,057;  121,375;  860,953;12,93745
1080,36;  192,557;  105,975;  836,052;11,85936
1080,90;  189,258;   96,375;  819,753;12,84012
1081,44;  172,458;   82,475;  789,552;12,72598
1081,99;  153,158;   70,375;  771,753;11,80285
1082,53;  189,158;  113,075;  798,653;11,09758
1083,07;  188,658;  104,175;  791,453;12,29234
1083,62;  180,958;  101,275;  772,552;11,87028
1084,16;  175,857;   98,975;  782,453;11,24872
1084,70;  190,258;  107,475;  767,153;12,54894
1085,24;  196,658;  108,775;  750,653;13,69147
1085,79;  175,758;  109,175;  747,552;10,42996
1086,33;  165,458;   99,075;  711,453;10,84013
1086,87;  183,458;  102,075;  714,852;13,28092
1087,41;  167,557;   84,475;  686,852;13,79243
1087,96;  184,057;  124,575;  732,552; 9,78367
1088,50;  174,057;  112,075;  696,953;10,59752
1089,04;  194,958;  121,775;  715,153;12,33321
1089,58;  149,857;   82,375;  655,953;11,76519
1090,13;  158,958;  102,975;  653,153;10,17535
1090,67;  162,057;  101,775;  678,753;10,44798
1091,21;  163,758;   92,075;  651,852;12,80554
1091,75;  166,158;  106,875;  647,153;10,97260
1092,29;  181,357;  105,875;  642,552;14,06478
1092,84;  158,057;  105,975;  628,352; 9,97028
1093,38;  193,958;  128,175;  662,753;12,30551
1093,92;  184,758;  113,475;  640,052;13,53695
1094,46;  192,857;  128,175;  638,852;12,66602
1095,00;  172,158;   93,975;  602,052;15,38791
1095,54;  150,958;   89,975;  591,352;12,16299
1096,09;  160,057;  114,975;  597,352; 9,34590
1096,63;  186,958;  117,175;  598,453;14,49943
1097,17;  149,458;  102,575;  573,052; 9,96488
1097,71;  182,857;  122,875;  582,453;13,05166
1098,25;  144,758;  103,275;  553,653; 9,21061
1098,79;  166,958;  104,775;  568,753;13,40205
1099,33;  166,557;  111,975;  572,052;11,86376
1099,88;  152,758;  110,775;  562,253; 9,29891
1100,42;  126,957;   83,275;  521,253; 9,97368

