PE UV       SUBTECH     SPECTRUM    ASCII       PEDS        4.00        
   -1
CICIMAUCR0205-4.ASC
24/06/06
14:47:53.00
24/06/06
14:47:53.00
Vinicio Soto Monge
C. cupreomarginata. Sex F. Ventral
250,000000
1
Lambda 1050
1050L1511233
PerkinElmer UV WinLab 6.3.2.0749 / 2.02.05 Lambda 900 UV/VIS/NIR, Aug  7 2015 09:38:08

0
0
3350/servo 860,8/2
0
0
UV/VIS
1
1
1
DoubleDePol,CommonBeamDepol,RBeamAtt,SBeamAtt,60mm sphere, WB InGaAs Detector
0
0
0
0
Program
Program
3350/servo 860,8/2
3350/0,2 860,8/0,2
3350/0,2 860,8/0,2
0
15.00
 
 
 
0
 
860,8
319,2
860,8
Front
100
on
S:100 R:100
0
0
0
0
 
0
 
 
 
0
 
 
0
0
0
0
0
 
 
 
 
0
0


0
0
#HDR
-1
-1
#GR
nm
%R
1.0
0.0
2500,000000
-1,000000
2251
8
59,445600
4,483100
#DATA
2482.000000	10.628379
2481.000000	10.636748
2480.000000	10.666966
2479.000000	10.607575
2478.000000	10.651741
2477.000000	10.625009
2476.000000	10.691722
2475.000000	10.660574
2474.000000	10.707762
2473.000000	10.670104
2472.000000	10.720198
2471.000000	10.694047
2470.000000	10.765642
2469.000000	10.770988
2468.000000	10.815503
2467.000000	10.834099
2466.000000	10.814922
2465.000000	10.797372
2464.000000	10.866061
2463.000000	10.892561
2462.000000	10.948698
2461.000000	10.991585
2460.000000	10.999837
2459.000000	11.051674
2458.000000	11.082590
2457.000000	11.137448
2456.000000	11.175338
2455.000000	11.220317
2454.000000	11.289355
2453.000000	11.335381
2452.000000	11.338286
2451.000000	11.434289
2450.000000	11.504140
2449.000000	11.546098
2448.000000	11.595726
2447.000000	11.673365
2446.000000	11.696262
2445.000000	11.763672
2444.000000	11.845147
2443.000000	11.920926
2442.000000	11.985664
2441.000000	12.041220
2440.000000	12.104330
2439.000000	12.153377
2438.000000	12.221021
2437.000000	12.295405
2436.000000	12.331203
2435.000000	12.407563
2434.000000	12.478693
2433.000000	12.519953
2432.000000	12.575509
2431.000000	12.668839
2430.000000	12.717305
2429.000000	12.762749
2428.000000	12.819700
2427.000000	12.847710
2426.000000	12.894200
2425.000000	12.954289
2424.000000	13.011937
2423.000000	13.048432
2422.000000	13.119562
2421.000000	13.147224
2420.000000	13.197898
2419.000000	13.232533
2418.000000	13.285997
2417.000000	13.316216
2416.000000	13.359917
2415.000000	13.400247
2414.000000	13.436510
2413.000000	13.461731
2412.000000	13.495087
2411.000000	13.547738
2410.000000	13.583419
2409.000000	13.595390
2408.000000	13.632118
2407.000000	13.659082
2406.000000	13.683722
2405.000000	13.695693
2404.000000	13.716497
2403.000000	13.746251
2402.000000	13.766010
2401.000000	13.782514
2400.000000	13.788209
2399.000000	13.799831
2398.000000	13.821217
2397.000000	13.827958
2396.000000	13.836442
2395.000000	13.852946
2394.000000	13.875610
2393.000000	13.872240
2392.000000	13.882352
2391.000000	13.888047
2390.000000	13.892231
2389.000000	13.906178
2388.000000	13.896647
2387.000000	13.913151
2386.000000	13.923147
2385.000000	13.925471
2384.000000	13.923263
2383.000000	13.908154
2382.000000	13.895718
2381.000000	13.895950
2380.000000	13.888860
2379.000000	13.877005
2378.000000	13.867010
2377.000000	13.863988
2376.000000	13.855387
2375.000000	13.848995
2374.000000	13.840510
2373.000000	13.825982
2372.000000	13.816219
2371.000000	13.818079
2370.000000	13.810408
2369.000000	13.796693
2368.000000	13.776586
2367.000000	13.767521
2366.000000	13.764382
2365.000000	13.759966
2364.000000	13.759617
2363.000000	13.743927
2362.000000	13.729398
2361.000000	13.707664
2360.000000	13.711500
2359.000000	13.722541
2358.000000	13.708827
2357.000000	13.701039
2356.000000	13.679886
2355.000000	13.681978
2354.000000	13.682560
2353.000000	13.640951
2352.000000	13.629444
2351.000000	13.643856
2350.000000	13.640602
2349.000000	13.622122
2348.000000	13.616543
2347.000000	13.599458
2346.000000	13.584233
2345.000000	13.574237
2344.000000	13.556338
2343.000000	13.553433
2342.000000	13.576562
2341.000000	13.581327
2340.000000	13.557384
2339.000000	13.548784
2338.000000	13.562615
2337.000000	13.546692
2336.000000	13.549830
2335.000000	13.564823
2334.000000	13.570867
2333.000000	13.563777
2332.000000	13.569588
2331.000000	13.577956
2330.000000	13.578421
2329.000000	13.589811
2328.000000	13.600853
2327.000000	13.624447
2326.000000	13.621425
2325.000000	13.628166
2324.000000	13.625376
2323.000000	13.619681
2322.000000	13.638161
2321.000000	13.644902
2320.000000	13.645251
2319.000000	13.632582
2318.000000	13.616078
2317.000000	13.625260
2316.000000	13.603294
2315.000000	13.583419
2314.000000	13.563079
2313.000000	13.534372
2312.000000	13.509499
2311.000000	13.497877
2310.000000	13.456617
2309.000000	13.440926
2308.000000	13.409894
2307.000000	13.396877
2306.000000	13.374678
2305.000000	13.368750
2304.000000	13.334696
2303.000000	13.312264
2302.000000	13.297736
2301.000000	13.300293
2300.000000	13.300874
2299.000000	13.303315
2298.000000	13.303896
2297.000000	13.273445
2296.000000	13.293320
2295.000000	13.308894
2294.000000	13.315054
2293.000000	13.345737
2292.000000	13.370958
2291.000000	13.387346
2290.000000	13.403385
2289.000000	13.425584
2288.000000	13.449992
2287.000000	13.468007
2286.000000	13.478932
2285.000000	13.496947
2284.000000	13.529374
2283.000000	13.560987
2282.000000	13.583768
2281.000000	13.623633
2280.000000	13.639440
2279.000000	13.661755
2278.000000	13.707897
2277.000000	13.718008
2276.000000	13.739045
2275.000000	13.772867
2274.000000	13.795298
2273.000000	13.804945
2272.000000	13.842951
2271.000000	13.875843
2270.000000	13.891533
2269.000000	13.927215
2268.000000	13.927447
2267.000000	13.995439
2266.000000	14.026123
2265.000000	14.062501
2264.000000	14.110386
2263.000000	14.186863
2262.000000	14.250903
2261.000000	14.315409
2260.000000	14.383982
2259.000000	14.481147
2258.000000	14.541352
2257.000000	14.649558
2256.000000	14.723361
2255.000000	14.837960
2254.000000	14.957788
2253.000000	15.039263
2252.000000	15.163276
2251.000000	15.241147
2250.000000	15.356094
2249.000000	15.468949
2248.000000	15.580642
2247.000000	15.661070
2246.000000	15.756027
2245.000000	15.824600
2244.000000	15.938734
2243.000000	16.018929
2242.000000	16.076461
2241.000000	16.157703
2240.000000	16.207099
2239.000000	16.244756
2238.000000	16.301242
2237.000000	16.315886
2236.000000	16.339248
2235.000000	16.372372
2234.000000	16.416770
2233.000000	16.406310
2232.000000	16.411540
2231.000000	16.415957
2230.000000	16.396896
2229.000000	16.395733
2228.000000	16.346686
2227.000000	16.350754
2226.000000	16.302172
2225.000000	16.280205
2224.000000	16.232552
2223.000000	16.196871
2222.000000	16.169790
2221.000000	16.108539
2220.000000	16.067396
2219.000000	16.007772
2218.000000	15.967209
2217.000000	15.930947
2216.000000	15.853308
2215.000000	15.801355
2214.000000	15.755911
2213.000000	15.710699
2212.000000	15.678504
2211.000000	15.627597
2210.000000	15.552980
2209.000000	15.522994
2208.000000	15.507769
2207.000000	15.442915
2206.000000	15.424086
2205.000000	15.388637
2204.000000	15.379455
2203.000000	15.347261
2202.000000	15.322621
2201.000000	15.290659
2200.000000	15.284731
2199.000000	15.268344
2198.000000	15.267995
2197.000000	15.219296
2196.000000	15.196981
2195.000000	15.170714
2194.000000	15.167925
2193.000000	15.157697
2192.000000	15.129686
2191.000000	15.116553
2190.000000	15.094586
2189.000000	15.103535
2188.000000	15.117715
2187.000000	15.069598
2186.000000	15.072155
2185.000000	15.055186
2184.000000	15.033916
2183.000000	15.023107
2182.000000	15.016017
2181.000000	14.993470
2180.000000	14.993702
2179.000000	15.011020
2178.000000	14.998816
2177.000000	14.971968
2176.000000	14.989286
2175.000000	14.969760
2174.000000	14.976966
2173.000000	14.966505
2172.000000	14.987077
2171.000000	14.978128
2170.000000	15.001954
2169.000000	15.005325
2168.000000	15.027175
2167.000000	15.032986
2166.000000	15.058440
2165.000000	15.093656
2164.000000	15.117366
2163.000000	15.139914
2162.000000	15.176177
2161.000000	15.200816
2160.000000	15.246377
2159.000000	15.293681
2158.000000	15.335755
2157.000000	15.383756
2156.000000	15.438266
2155.000000	15.486848
2154.000000	15.563092
2153.000000	15.649448
2152.000000	15.709885
2151.000000	15.782991
2150.000000	15.872950
2149.000000	15.919556
2148.000000	15.992198
2147.000000	16.054262
2146.000000	16.130622
2145.000000	16.202682
2144.000000	16.269396
2143.000000	16.349127
2142.000000	16.420489
2141.000000	16.481973
2140.000000	16.569142
2139.000000	16.623071
2138.000000	16.687227
2137.000000	16.768353
2136.000000	16.839367
2135.000000	16.888647
2134.000000	16.961753
2133.000000	17.048457
2132.000000	17.085417
2131.000000	17.116914
2130.000000	17.171540
2129.000000	17.237091
2128.000000	17.274749
2127.000000	17.304619
2126.000000	17.348319
2125.000000	17.391323
2124.000000	17.440487
2123.000000	17.476516
2122.000000	17.500110
2121.000000	17.526261
2120.000000	17.554853
2119.000000	17.558921
2118.000000	17.582979
2117.000000	17.602970
2116.000000	17.632259
2115.000000	17.656899
2114.000000	17.666429
2113.000000	17.665383
2112.000000	17.680493
2111.000000	17.699205
2110.000000	17.699554
2109.000000	17.708736
2108.000000	17.717452
2107.000000	17.719893
2106.000000	17.721404
2105.000000	17.722101
2104.000000	17.713849
2103.000000	17.715477
2102.000000	17.730237
2101.000000	17.717104
2100.000000	17.713966
2099.000000	17.703738
2098.000000	17.701646
2097.000000	17.706411
2096.000000	17.712571
2095.000000	17.705249
2094.000000	17.703854
2093.000000	17.708038
2092.000000	17.703622
2091.000000	17.707341
2090.000000	17.718498
2089.000000	17.708619
2088.000000	17.710014
2087.000000	17.700135
2086.000000	17.686653
2085.000000	17.663524
2084.000000	17.648531
2083.000000	17.630051
2082.000000	17.582049
2081.000000	17.548460
2080.000000	17.523704
2079.000000	17.478027
2078.000000	17.442346
2077.000000	17.400505
2076.000000	17.336232
2075.000000	17.272657
2074.000000	17.203967
2073.000000	17.121331
2072.000000	17.039973
2071.000000	16.974770
2070.000000	16.895039
2069.000000	16.811589
2068.000000	16.720468
2067.000000	16.639924
2066.000000	16.557868
2065.000000	16.461168
2064.000000	16.377718
2063.000000	16.292874
2062.000000	16.203961
2061.000000	16.134458
2060.000000	16.080762
2059.000000	16.018813
2058.000000	15.949775
2057.000000	15.916535
2056.000000	15.884456
2055.000000	15.861676
2054.000000	15.844242
2053.000000	15.837036
2052.000000	15.857492
2051.000000	15.888640
2050.000000	15.928273
2049.000000	16.000914
2048.000000	16.060887
2047.000000	16.135039
2046.000000	16.204658
2045.000000	16.286714
2044.000000	16.378299
2043.000000	16.491503
2042.000000	16.586576
2041.000000	16.660728
2040.000000	16.770445
2039.000000	16.862612
2038.000000	16.932696
2037.000000	17.025096
2036.000000	17.107848
2035.000000	17.186649
2034.000000	17.262894
2033.000000	17.328910
2032.000000	17.400970
2031.000000	17.467335
2030.000000	17.515917
2029.000000	17.560315
2028.000000	17.596926
2027.000000	17.663524
2026.000000	17.715244
2025.000000	17.731748
2024.000000	17.759294
2023.000000	17.801484
2022.000000	17.851112
2021.000000	17.867616
2020.000000	17.867849
2019.000000	17.897137
2018.000000	17.923288
2017.000000	17.925729
2016.000000	17.924915
2015.000000	17.950485
2014.000000	17.948974
2013.000000	17.936189
2012.000000	17.918755
2011.000000	17.902368
2010.000000	17.895975
2009.000000	17.901786
2008.000000	17.881679
2007.000000	17.842046
2006.000000	17.822637
2005.000000	17.794859
2004.000000	17.767778
2003.000000	17.705133
2002.000000	17.669335
2001.000000	17.637605
2000.000000	17.585420
1999.000000	17.531375
1998.000000	17.466521
1997.000000	17.412127
1996.000000	17.369705
1995.000000	17.310779
1994.000000	17.240462
1993.000000	17.179676
1992.000000	17.112265
1991.000000	17.047179
1990.000000	16.972097
1989.000000	16.910497
1988.000000	16.824141
1987.000000	16.765215
1986.000000	16.699780
1985.000000	16.595293
1984.000000	16.535320
1983.000000	16.444897
1982.000000	16.363423
1981.000000	16.317630
1980.000000	16.237085
1979.000000	16.166420
1978.000000	16.102380
1977.000000	16.016372
1976.000000	15.954540
1975.000000	15.894103
1974.000000	15.798217
1973.000000	15.739639
1972.000000	15.688616
1971.000000	15.625622
1970.000000	15.556467
1969.000000	15.472552
1968.000000	15.430362
1967.000000	15.357837
1966.000000	15.301468
1965.000000	15.253350
1964.000000	15.196632
1963.000000	15.115855
1962.000000	15.072271
1961.000000	15.009044
1960.000000	14.928848
1959.000000	14.872595
1958.000000	14.804487
1957.000000	14.732892
1956.000000	14.705462
1955.000000	14.641422
1954.000000	14.553555
1953.000000	14.506716
1952.000000	14.448255
1951.000000	14.382239
1950.000000	14.343768
1949.000000	14.293558
1948.000000	14.209062
1947.000000	14.156644
1946.000000	14.140140
1945.000000	14.061572
1944.000000	14.040767
1943.000000	13.998345
1942.000000	13.948135
1941.000000	13.933142
1940.000000	13.884444
1939.000000	13.885373
1938.000000	13.885838
1937.000000	13.885373
1936.000000	13.881887
1935.000000	13.858758
1934.000000	13.864569
1933.000000	13.890255
1932.000000	13.919660
1931.000000	13.902924
1930.000000	13.965802
1929.000000	13.998229
1928.000000	14.037164
1927.000000	14.073892
1926.000000	14.147346
1925.000000	14.203367
1924.000000	14.280425
1923.000000	14.344465
1922.000000	14.447557
1921.000000	14.555182
1920.000000	14.721037
1919.000000	14.814482
1918.000000	14.920015
1917.000000	15.058672
1916.000000	15.219413
1915.000000	15.328549
1914.000000	15.496030
1913.000000	15.690708
1912.000000	15.903285
1911.000000	16.128763
1910.000000	16.339829
1909.000000	16.525093
1908.000000	16.732904
1907.000000	16.947689
1906.000000	17.231978
1905.000000	17.580887
1904.000000	17.951647
1903.000000	18.302882
1902.000000	18.660857
1901.000000	19.004420
1900.000000	19.397031
1899.000000	19.852403
1898.000000	20.358334
1897.000000	20.823818
1896.000000	21.238046
1895.000000	21.672382
1894.000000	22.044072
1893.000000	22.515600
1892.000000	23.024901
1891.000000	23.629740
1890.000000	24.181580
1889.000000	24.743647
1888.000000	25.263990
1887.000000	25.751208
1886.000000	26.257255
1885.000000	26.743544
1884.000000	27.242966
1883.000000	27.785043
1882.000000	28.276213
1881.000000	28.693812
1880.000000	29.129426
1879.000000	29.482752
1878.000000	29.831313
1877.000000	30.217183
1876.000000	30.552494
1875.000000	30.901287
1874.000000	31.242991
1873.000000	31.570166
1872.000000	31.928723
1871.000000	32.203248
1870.000000	32.495440
1869.000000	32.790653
1868.000000	33.052510
1867.000000	33.233241
1866.000000	33.382475
1865.000000	33.465808
1864.000000	33.576920
1863.000000	33.661765
1862.000000	33.748702
1861.000000	33.862371
1860.000000	33.989057
1859.000000	34.120857
1858.000000	34.247891
1857.000000	34.346451
1856.000000	34.412351
1855.000000	34.454192
1854.000000	34.506494
1853.000000	34.584830
1852.000000	34.613189
1851.000000	34.622022
1850.000000	34.640502
1849.000000	34.638177
1848.000000	34.660260
1847.000000	34.738713
1846.000000	34.775324
1845.000000	34.734296
1844.000000	34.688852
1843.000000	34.601101
1842.000000	34.569953
1841.000000	34.589246
1840.000000	34.611097
1839.000000	34.596104
1838.000000	34.554727
1837.000000	34.514397
1836.000000	34.487084
1835.000000	34.469534
1834.000000	34.413281
1833.000000	34.331806
1832.000000	34.248937
1831.000000	34.179318
1830.000000	34.135152
1829.000000	34.118416
1828.000000	34.088081
1827.000000	34.042056
1826.000000	34.022646
1825.000000	34.009280
1824.000000	33.953492
1823.000000	33.892241
1822.000000	33.844704
1821.000000	33.869228
1820.000000	33.913626
1819.000000	33.912231
1818.000000	33.874226
1817.000000	33.825759
1816.000000	33.765787
1815.000000	33.738823
1814.000000	33.726038
1813.000000	33.700003
1812.000000	33.669668
1811.000000	33.647818
1810.000000	33.630035
1809.000000	33.576571
1808.000000	33.523573
1807.000000	33.497073
1806.000000	33.454883
1805.000000	33.423851
1804.000000	33.396770
1803.000000	33.353534
1802.000000	33.326919
1801.000000	33.319713
1800.000000	33.287402
1799.000000	33.252883
1798.000000	33.222199
1797.000000	33.179893
1796.000000	33.140609
1795.000000	33.112947
1794.000000	33.090399
1793.000000	33.073895
1792.000000	33.063551
1791.000000	33.037749
1790.000000	33.016015
1789.000000	33.001835
1788.000000	32.995443
1787.000000	32.981612
1786.000000	32.962202
1785.000000	32.949185
1784.000000	32.923848
1783.000000	32.907576
1782.000000	32.898046
1781.000000	32.873871
1780.000000	32.832611
1779.000000	32.790188
1778.000000	32.762061
1777.000000	32.704414
1776.000000	32.652809
1775.000000	32.582260
1774.000000	32.524845
1773.000000	32.482306
1772.000000	32.420242
1771.000000	32.343765
1770.000000	32.267405
1769.000000	32.182676
1768.000000	32.106897
1767.000000	32.019030
1766.000000	31.942786
1765.000000	31.883976
1764.000000	31.815635
1763.000000	31.760428
1762.000000	31.713938
1761.000000	31.699409
1760.000000	31.679070
1759.000000	31.640018
1758.000000	31.600036
1757.000000	31.593877
1756.000000	31.580627
1755.000000	31.571096
1754.000000	31.572723
1753.000000	31.576559
1752.000000	31.539832
1751.000000	31.517632
1750.000000	31.495666
1749.000000	31.471026
1748.000000	31.440575
1747.000000	31.414773
1746.000000	31.365144
1745.000000	31.304126
1744.000000	31.250778
1743.000000	31.204172
1742.000000	31.146175
1741.000000	31.056681
1740.000000	30.983110
1739.000000	30.904658
1738.000000	30.830855
1737.000000	30.754262
1736.000000	30.685340
1735.000000	30.611537
1734.000000	30.547380
1733.000000	30.494730
1732.000000	30.424646
1731.000000	30.359908
1730.000000	30.296797
1729.000000	30.245774
1728.000000	30.208117
1727.000000	30.172784
1726.000000	30.150120
1725.000000	30.139776
1724.000000	30.152677
1723.000000	30.187313
1722.000000	30.219042
1721.000000	30.317369
1720.000000	30.430573
1719.000000	30.550402
1718.000000	30.685921
1717.000000	30.874439
1716.000000	31.045523
1715.000000	31.227068
1714.000000	31.398966
1713.000000	31.556568
1712.000000	31.680348
1711.000000	31.825282
1710.000000	31.951387
1709.000000	32.088068
1708.000000	32.181746
1707.000000	32.287628
1706.000000	32.382584
1705.000000	32.440930
1704.000000	32.504970
1703.000000	32.535770
1702.000000	32.598532
1701.000000	32.677682
1700.000000	32.733470
1699.000000	32.787747
1698.000000	32.858180
1697.000000	32.883401
1696.000000	32.918966
1695.000000	32.973011
1694.000000	32.990213
1693.000000	32.998697
1692.000000	33.011947
1691.000000	32.998000
1690.000000	33.038679
1689.000000	33.080055
1688.000000	33.159437
1687.000000	33.263808
1686.000000	33.413623
1685.000000	33.589705
1684.000000	33.801236
1683.000000	34.053329
1682.000000	34.283573
1681.000000	34.569139
1680.000000	34.818908
1679.000000	35.094945
1678.000000	35.353198
1677.000000	35.628305
1676.000000	35.841695
1675.000000	36.044625
1674.000000	36.252553
1673.000000	36.495465
1672.000000	36.721873
1671.000000	36.929452
1670.000000	37.142377
1669.000000	37.339264
1668.000000	37.571250
1667.000000	37.774180
1666.000000	37.946776
1665.000000	38.140292
1664.000000	38.302426
1663.000000	38.484436
1662.000000	38.630648
1661.000000	38.763610
1660.000000	38.916563
1659.000000	39.064751
1658.000000	39.204803
1657.000000	39.327073
1656.000000	39.426213
1655.000000	39.501295
1654.000000	39.581375
1653.000000	39.621356
1652.000000	39.653899
1651.000000	39.674820
1650.000000	39.696554
1649.000000	39.705387
1648.000000	39.688535
1647.000000	39.701784
1646.000000	39.696671
1645.000000	39.681910
1644.000000	39.669241
1643.000000	39.648204
1642.000000	39.622983
1641.000000	39.591370
1640.000000	39.591602
1639.000000	39.575215
1638.000000	39.550807
1637.000000	39.532095
1636.000000	39.504898
1635.000000	39.468287
1634.000000	39.448993
1633.000000	39.416102
1632.000000	39.389602
1631.000000	39.346715
1630.000000	39.287556
1629.000000	39.214799
1628.000000	39.170517
1627.000000	39.116472
1626.000000	39.057894
1625.000000	39.021864
1624.000000	38.956080
1623.000000	38.889715
1622.000000	38.849734
1621.000000	38.798827
1620.000000	38.776395
1619.000000	38.711192
1618.000000	38.654009
1617.000000	38.619955
1616.000000	38.580322
1615.000000	38.533251
1614.000000	38.506519
1613.000000	38.438411
1612.000000	38.385528
1611.000000	38.327415
1610.000000	38.264188
1609.000000	38.184109
1608.000000	38.131575
1607.000000	38.040221
1606.000000	37.963047
1605.000000	37.863209
1604.000000	37.786617
1603.000000	37.713743
1602.000000	37.619716
1601.000000	37.530455
1600.000000	37.466531
1599.000000	37.361114
1598.000000	37.272318
1597.000000	37.186543
1596.000000	37.096584
1595.000000	37.005580
1594.000000	36.927127
1593.000000	36.839842
1592.000000	36.752324
1591.000000	36.694560
1590.000000	36.627149
1589.000000	36.555902
1588.000000	36.504995
1587.000000	36.431889
1586.000000	36.370522
1585.000000	36.318918
1584.000000	36.257202
1583.000000	36.193743
1582.000000	36.148531
1581.000000	36.068684
1580.000000	36.016266
1579.000000	35.978958
1578.000000	35.936768
1577.000000	35.912360
1576.000000	35.868194
1575.000000	35.839952
1574.000000	35.808571
1573.000000	35.802876
1572.000000	35.793810
1571.000000	35.784280
1570.000000	35.764172
1569.000000	35.773238
1568.000000	35.774981
1567.000000	35.788464
1566.000000	35.790672
1565.000000	35.805549
1564.000000	35.797529
1563.000000	35.799854
1562.000000	35.796483
1561.000000	35.767078
1560.000000	35.749760
1559.000000	35.719077
1558.000000	35.683628
1557.000000	35.626445
1556.000000	35.558569
1555.000000	35.484766
1554.000000	35.411427
1553.000000	35.339484
1552.000000	35.244295
1551.000000	35.140854
1550.000000	35.023117
1549.000000	34.925139
1548.000000	34.824720
1547.000000	34.727787
1546.000000	34.644105
1545.000000	34.547405
1544.000000	34.458260
1543.000000	34.383759
1542.000000	34.309491
1541.000000	34.244986
1540.000000	34.191057
1539.000000	34.130387
1538.000000	34.081107
1537.000000	34.028225
1536.000000	33.975923
1535.000000	33.914788
1534.000000	33.862022
1533.000000	33.801701
1532.000000	33.742774
1531.000000	33.692216
1530.000000	33.646772
1529.000000	33.582267
1528.000000	33.508347
1527.000000	33.451977
1526.000000	33.374222
1525.000000	33.301698
1524.000000	33.250907
1523.000000	33.192445
1522.000000	33.119688
1521.000000	33.048558
1520.000000	32.976266
1519.000000	32.905949
1518.000000	32.850742
1517.000000	32.800765
1516.000000	32.742536
1515.000000	32.660480
1514.000000	32.579238
1513.000000	32.519382
1512.000000	32.467894
1511.000000	32.409549
1510.000000	32.356899
1509.000000	32.299134
1508.000000	32.226028
1507.000000	32.161407
1506.000000	32.110732
1505.000000	32.063893
1504.000000	32.005316
1503.000000	31.945576
1502.000000	31.901061
1501.000000	31.856314
1500.000000	31.825166
1499.000000	31.790414
1498.000000	31.737996
1497.000000	31.715216
1496.000000	31.693250
1495.000000	31.678489
1494.000000	31.694528
1493.000000	31.681511
1492.000000	31.686276
1491.000000	31.689530
1490.000000	31.700456
1489.000000	31.732301
1488.000000	31.735323
1487.000000	31.749387
1486.000000	31.779373
1485.000000	31.803896
1484.000000	31.823655
1483.000000	31.846319
1482.000000	31.868402
1481.000000	31.884557
1480.000000	31.911057
1479.000000	31.924190
1478.000000	31.941275
1477.000000	31.972075
1476.000000	31.986371
1475.000000	32.010546
1474.000000	32.049017
1473.000000	32.070286
1472.000000	32.114219
1471.000000	32.156177
1470.000000	32.189998
1469.000000	32.233699
1468.000000	32.269381
1467.000000	32.319125
1466.000000	32.378168
1465.000000	32.427796
1464.000000	32.483933
1463.000000	32.539605
1462.000000	32.606435
1461.000000	32.683842
1460.000000	32.774846
1459.000000	32.837724
1458.000000	32.900370
1457.000000	32.999859
1456.000000	33.095629
1455.000000	33.182799
1454.000000	33.265900
1453.000000	33.346677
1452.000000	33.443028
1451.000000	33.529384
1450.000000	33.635963
1449.000000	33.730222
1448.000000	33.801120
1447.000000	33.870623
1446.000000	33.969996
1445.000000	34.083083
1444.000000	34.180480
1443.000000	34.258119
1442.000000	34.357608
1441.000000	34.468837
1440.000000	34.555773
1439.000000	34.659331
1438.000000	34.796012
1437.000000	34.931183
1436.000000	35.038924
1435.000000	35.161426
1434.000000	35.284160
1433.000000	35.433162
1432.000000	35.599597
1431.000000	35.766729
1430.000000	35.924564
1429.000000	36.095532
1428.000000	36.266384
1427.000000	36.460365
1426.000000	36.675963
1425.000000	36.884472
1424.000000	37.104372
1423.000000	37.356465
1422.000000	37.597052
1421.000000	37.843335
1420.000000	38.129831
1419.000000	38.474092
1418.000000	38.811147
1417.000000	39.098922
1416.000000	39.387742
1415.000000	39.731190
1414.000000	40.133331
1413.000000	40.584635
1412.000000	40.946911
1411.000000	41.325807
1410.000000	41.763280
1409.000000	42.270606
1408.000000	42.794900
1407.000000	43.305364
1406.000000	43.790141
1405.000000	44.292469
1404.000000	44.909976
1403.000000	45.414280
1402.000000	45.873488
1401.000000	46.351059
1400.000000	47.010873
1399.000000	47.680333
1398.000000	48.123153
1397.000000	48.467414
1396.000000	48.927668
1395.000000	49.544710
1394.000000	50.093412
1393.000000	50.456617
1392.000000	50.861199
1391.000000	51.381426
1390.000000	51.860857
1389.000000	52.266833
1388.000000	52.795544
1387.000000	53.382252
1386.000000	53.870632
1385.000000	54.329375
1384.000000	54.724892
1383.000000	55.236517
1382.000000	55.674456
1381.000000	56.115998
1380.000000	56.467464
1379.000000	56.708865
1378.000000	56.947709
1377.000000	57.165167
1376.000000	57.416680
1375.000000	57.651688
1374.000000	57.855897
1373.000000	58.095787
1372.000000	58.334166
1371.000000	58.609621
1370.000000	58.887401
1369.000000	59.084868
1368.000000	59.325455
1367.000000	59.580106
1366.000000	59.787918
1365.000000	59.934594
1364.000000	60.160421
1363.000000	60.327437
1362.000000	60.534552
1361.000000	60.727835
1360.000000	60.902871
1359.000000	60.953429
1358.000000	61.102198
1357.000000	61.230395
1356.000000	61.424957
1355.000000	61.613940
1354.000000	61.858363
1353.000000	62.134748
1352.000000	62.254112
1351.000000	62.567456
1350.000000	62.825245
1349.000000	63.088031
1348.000000	63.353607
1347.000000	63.639406
1346.000000	63.863373
1345.000000	64.125230
1344.000000	64.373023
1343.000000	64.637437
1342.000000	64.858847
1341.000000	65.083046
1340.000000	65.312011
1339.000000	65.537605
1338.000000	65.751344
1337.000000	65.948347
1336.000000	66.133378
1335.000000	66.305276
1334.000000	66.486705
1333.000000	66.647212
1332.000000	66.823294
1331.000000	66.973342
1330.000000	67.125016
1329.000000	67.263093
1328.000000	67.399658
1327.000000	67.503796
1326.000000	67.635829
1325.000000	67.736829
1324.000000	67.845616
1323.000000	67.934412
1322.000000	68.029136
1321.000000	68.123860
1320.000000	68.219166
1319.000000	68.287971
1318.000000	68.386879
1317.000000	68.463588
1316.000000	68.507405
1315.000000	68.574003
1314.000000	68.646411
1313.000000	68.722074
1312.000000	68.787742
1311.000000	68.836440
1310.000000	68.878398
1309.000000	68.929189
1308.000000	68.965102
1307.000000	69.006827
1306.000000	69.023913
1305.000000	69.033559
1304.000000	69.048436
1303.000000	69.076447
1302.000000	69.088767
1301.000000	69.089464
1300.000000	69.083304
1299.000000	69.091091
1298.000000	69.083769
1297.000000	69.060059
1296.000000	69.056921
1295.000000	69.048552
1294.000000	69.045879
1293.000000	69.025772
1292.000000	69.012755
1291.000000	68.979979
1290.000000	68.926515
1289.000000	68.879212
1288.000000	68.863637
1287.000000	68.816798
1286.000000	68.777746
1285.000000	68.717890
1284.000000	68.662799
1283.000000	68.608638
1282.000000	68.557266
1281.000000	68.504267
1280.000000	68.439762
1279.000000	68.399199
1278.000000	68.372816
1277.000000	68.331788
1276.000000	68.299942
1275.000000	68.278441
1274.000000	68.257752
1273.000000	68.246827
1272.000000	68.236832
1271.000000	68.225558
1270.000000	68.225790
1269.000000	68.247292
1268.000000	68.244619
1267.000000	68.236599
1266.000000	68.245549
1265.000000	68.255079
1264.000000	68.236134
1263.000000	68.229626
1262.000000	68.213354
1261.000000	68.190225
1260.000000	68.176627
1259.000000	68.145246
1258.000000	68.104102
1257.000000	68.064353
1256.000000	68.016933
1255.000000	67.953241
1254.000000	67.884784
1253.000000	67.826090
1252.000000	67.758795
1251.000000	67.669418
1250.000000	67.571788
1249.000000	67.463698
1248.000000	67.361536
1247.000000	67.262976
1246.000000	67.155932
1245.000000	67.040520
1244.000000	66.909766
1243.000000	66.792146
1242.000000	66.676501
1241.000000	66.554348
1240.000000	66.444980
1239.000000	66.340841
1238.000000	66.218456
1237.000000	66.097116
1236.000000	66.001462
1235.000000	65.891861
1234.000000	65.775752
1233.000000	65.658015
1232.000000	65.525750
1231.000000	65.391277
1230.000000	65.255525
1229.000000	65.108616
1228.000000	64.956128
1227.000000	64.798409
1226.000000	64.625233
1225.000000	64.430904
1224.000000	64.228090
1223.000000	64.023300
1222.000000	63.820951
1221.000000	63.603028
1220.000000	63.384756
1219.000000	63.180431
1218.000000	62.966924
1217.000000	62.766783
1216.000000	62.564551
1215.000000	62.376149
1214.000000	62.205878
1213.000000	62.042929
1212.000000	61.882654
1211.000000	61.734118
1210.000000	61.582211
1209.000000	61.441113
1208.000000	61.312683
1207.000000	61.199479
1206.000000	61.075118
1205.000000	60.971328
1204.000000	60.880207
1203.000000	60.775604
1202.000000	60.672744
1201.000000	60.581275
1200.000000	60.487132
1199.000000	60.389153
1198.000000	60.281180
1197.000000	60.170881
1196.000000	60.055237
1195.000000	59.924948
1194.000000	59.798610
1193.000000	59.683663
1192.000000	59.580687
1191.000000	59.467599
1190.000000	59.371016
1189.000000	59.288379
1188.000000	59.232823
1187.000000	59.217714
1186.000000	59.218528
1185.000000	59.266413
1184.000000	59.319644
1183.000000	59.401932
1182.000000	59.509673
1181.000000	59.640660
1180.000000	59.759326
1179.000000	59.891126
1178.000000	60.016301
1177.000000	60.132759
1176.000000	60.251891
1175.000000	60.352310
1174.000000	60.469233
1173.000000	60.588364
1172.000000	60.693432
1171.000000	60.788505
1170.000000	60.917051
1169.000000	61.028627
1168.000000	61.157406
1167.000000	61.295598
1166.000000	61.431350
1165.000000	61.603015
1164.000000	61.805015
1163.000000	61.994696
1162.000000	62.186468
1161.000000	62.408576
1160.000000	62.629986
1159.000000	62.869759
1158.000000	63.080012
1157.000000	63.292356
1156.000000	63.474831
1155.000000	63.652656
1154.000000	63.818161
1153.000000	63.945777
1152.000000	64.093849
1151.000000	64.227741
1150.000000	64.342107
1149.000000	64.459030
1148.000000	64.563401
1147.000000	64.697293
1146.000000	64.831534
1145.000000	64.971121
1144.000000	65.089904
1143.000000	65.220425
1142.000000	65.339556
1141.000000	65.452179
1140.000000	65.603273
1139.000000	65.756807
1138.000000	65.889537
1137.000000	66.038887
1136.000000	66.206484
1135.000000	66.383612
1134.000000	66.549931
1133.000000	66.680918
1132.000000	66.773085
1131.000000	66.878850
1130.000000	66.968228
1129.000000	67.084337
1128.000000	67.155816
1127.000000	67.193241
1126.000000	67.232641
1125.000000	67.262860
1124.000000	67.255073
1123.000000	67.290987
1122.000000	67.286105
1121.000000	67.233223
1120.000000	67.199982
1119.000000	67.153027
1118.000000	67.104444
1117.000000	67.059000
1116.000000	66.980896
1115.000000	66.929525
1114.000000	66.843866
1113.000000	66.784940
1112.000000	66.720318
1111.000000	66.679058
1110.000000	66.607231
1109.000000	66.530522
1108.000000	66.449396
1107.000000	66.385123
1106.000000	66.308182
1105.000000	66.235541
1104.000000	66.158134
1103.000000	66.082471
1102.000000	66.006460
1101.000000	65.929635
1100.000000	65.848277
1099.000000	65.777844
1098.000000	65.687769
1097.000000	65.625007
1096.000000	65.529004
1095.000000	65.435791
1094.000000	65.348041
1093.000000	65.263080
1092.000000	65.175213
1091.000000	65.043181
1090.000000	64.979489
1089.000000	64.878838
1088.000000	64.764820
1087.000000	64.663471
1086.000000	64.530625
1085.000000	64.455079
1084.000000	64.346175
1083.000000	64.226579
1082.000000	64.103147
1081.000000	64.000055
1080.000000	63.879180
1079.000000	63.784107
1078.000000	63.678109
1077.000000	63.516091
1076.000000	63.439847
1075.000000	63.313044
1074.000000	63.187637
1073.000000	63.077803
1072.000000	62.944957
1071.000000	62.823269
1070.000000	62.686820
1069.000000	62.585936
1068.000000	62.435540
1067.000000	62.329310
1066.000000	62.176008
1065.000000	62.054784
1064.000000	61.944602
1063.000000	61.831399
1062.000000	61.706107
1061.000000	61.571518
1060.000000	61.433442
1059.000000	61.283046
1058.000000	61.149037
1057.000000	61.035368
1056.000000	60.891713
1055.000000	60.745269
1054.000000	60.645547
1053.000000	60.502590
1052.000000	60.370906
1051.000000	60.242128
1050.000000	60.126948
1049.000000	60.001192
1048.000000	59.874041
1047.000000	59.727015
1046.000000	59.628340
1045.000000	59.509441
1044.000000	59.361020
1043.000000	59.236078
1042.000000	59.122177
1041.000000	58.986541
1040.000000	58.847651
1039.000000	58.731658
1038.000000	58.627636
1037.000000	58.497696
1036.000000	58.377053
1035.000000	58.225030
1034.000000	58.114848
1033.000000	57.995135
1032.000000	57.865311
1031.000000	57.727119
1030.000000	57.630652
1029.000000	57.493273
1028.000000	57.360659
1027.000000	57.246525
1026.000000	57.115655
1025.000000	56.987110
1024.000000	56.861237
1023.000000	56.734783
1022.000000	56.607168
1021.000000	56.500007
1020.000000	56.369021
1019.000000	56.237454
1018.000000	56.112162
1017.000000	55.989195
1016.000000	55.853909
1015.000000	55.746284
1014.000000	55.632615
1013.000000	55.523246
1012.000000	55.409578
1011.000000	55.300790
1010.000000	55.210948
1009.000000	55.092165
1008.000000	54.959784
1007.000000	54.872847
1006.000000	54.746277
1005.000000	54.616453
1004.000000	54.509293
1003.000000	54.418056
1002.000000	54.304503
1001.000000	54.181420
1000.000000	54.062173
999.000000	53.945714
998.000000	53.836811
997.000000	53.726861
996.000000	53.584950
995.000000	53.466167
994.000000	53.347152
993.000000	53.246500
992.000000	53.145965
991.000000	53.022649
990.000000	52.895615
989.000000	52.770788
988.000000	52.661652
987.000000	52.533455
986.000000	52.417578
985.000000	52.294611
984.000000	52.183500
983.000000	52.077850
982.000000	51.962903
981.000000	51.832847
980.000000	51.734868
979.000000	51.612831
978.000000	51.500441
977.000000	51.380961
976.000000	51.277869
975.000000	51.156296
974.000000	51.051112
973.000000	50.942906
972.000000	50.818777
971.000000	50.692904
970.000000	50.593183
969.000000	50.494507
968.000000	50.374562
967.000000	50.250433
966.000000	50.136299
965.000000	50.051455
964.000000	49.954522
963.000000	49.829928
962.000000	49.705683
961.000000	49.610726
960.000000	49.537272
959.000000	49.446732
958.000000	49.338874
957.000000	49.219511
956.000000	49.118975
955.000000	49.041104
954.000000	48.955097
953.000000	48.850494
952.000000	48.741590
951.000000	48.632338
950.000000	48.549585
949.000000	48.458697
948.000000	48.356651
947.000000	48.267970
946.000000	48.170108
945.000000	48.059810
944.000000	47.950558
943.000000	47.845141
942.000000	47.757739
941.000000	47.667665
940.000000	47.542024
939.000000	47.439978
938.000000	47.362804
937.000000	47.262734
936.000000	47.161734
935.000000	47.052365
934.000000	46.942881
933.000000	46.871867
932.000000	46.786790
931.000000	46.682884
930.000000	46.590833
929.000000	46.527606
928.000000	46.455081
927.000000	46.361752
926.000000	46.270631
925.000000	46.205312
924.000000	46.137204
923.000000	46.063982
922.000000	45.977394
921.000000	45.918816
920.000000	45.857565
919.000000	45.801195
918.000000	45.750056
917.000000	45.688108
916.000000	45.668001
915.000000	45.617442
914.000000	45.553053
913.000000	45.503192
912.000000	45.454959
911.000000	45.416023
910.000000	45.386734
909.000000	45.395800
908.000000	45.368022
907.000000	45.339895
906.000000	45.295265
905.000000	45.255980
904.000000	45.245288
903.000000	45.238082
902.000000	45.217626
901.000000	45.212163
900.000000	45.201703
899.000000	45.219718
898.000000	45.182409
897.000000	45.150447
896.000000	45.156724
895.000000	45.171484
894.000000	45.171368
893.000000	45.148588
892.000000	45.144636
891.000000	45.163697
890.000000	45.142195
889.000000	45.134641
888.000000	45.145450
887.000000	45.141033
886.000000	45.146961
885.000000	45.126737
884.000000	45.126970
883.000000	45.104422
882.000000	45.108141
881.000000	45.101981
880.000000	45.090359
879.000000	45.057583
878.000000	45.067578
877.000000	45.049563
876.000000	44.994124
875.000000	44.924272
874.000000	44.899516
873.000000	44.811533
872.000000	44.749933
871.000000	44.767019
870.000000	44.863486
869.000000	44.978782
868.000000	45.149634
867.000000	45.289221
866.000000	45.444382
865.000000	45.594081
864.000000	45.746221
863.000000	45.906031
862.000000	46.054916
861.000000	46.219492
860.000000	46.383370
859.000000	46.535858
858.000000	46.704967
857.000000	45.786200
856.000000	47.253200
855.000000	47.075500
854.000000	47.363600
853.000000	47.446900
852.000000	47.787700
851.000000	47.555200
850.000000	48.149100
849.000000	47.956100
848.000000	48.412600
847.000000	48.876100
846.000000	49.062600
845.000000	49.087600
844.000000	49.459600
843.000000	49.553100
842.000000	49.682300
841.000000	49.864800
840.000000	50.140900
839.000000	50.070700
838.000000	50.379600
837.000000	50.449200
836.000000	50.570200
835.000000	50.796100
834.000000	50.830200
833.000000	50.748000
832.000000	51.027600
831.000000	51.384400
830.000000	51.248300
829.000000	51.360500
828.000000	51.406900
827.000000	51.490000
826.000000	51.450600
825.000000	51.589800
824.000000	51.793900
823.000000	51.846800
822.000000	51.995400
821.000000	51.872700
820.000000	51.964900
819.000000	51.969100
818.000000	51.931600
817.000000	51.937600
816.000000	52.101400
815.000000	52.239800
814.000000	52.313300
813.000000	52.245300
812.000000	52.316700
811.000000	52.258800
810.000000	52.288900
809.000000	52.312900
808.000000	52.302800
807.000000	52.138800
806.000000	52.304800
805.000000	52.433600
804.000000	52.350600
803.000000	52.228800
802.000000	52.272300
801.000000	52.132200
800.000000	52.053600
799.000000	52.117500
798.000000	52.096700
797.000000	52.108900
796.000000	52.063600
795.000000	52.042200
794.000000	51.944100
793.000000	51.969500
792.000000	51.898200
791.000000	51.903500
790.000000	51.715600
789.000000	51.865500
788.000000	51.816200
787.000000	51.588000
786.000000	51.590700
785.000000	51.420800
784.000000	51.436800
783.000000	51.318200
782.000000	51.294800
781.000000	51.161700
780.000000	51.041500
779.000000	51.016700
778.000000	50.878000
777.000000	50.759800
776.000000	50.763100
775.000000	50.661400
774.000000	50.593500
773.000000	50.535400
772.000000	50.419600
771.000000	50.323600
770.000000	50.172900
769.000000	50.143100
768.000000	49.911300
767.000000	49.891300
766.000000	49.817000
765.000000	49.584800
764.000000	49.448600
763.000000	49.419400
762.000000	49.237700
761.000000	49.084000
760.000000	48.935600
759.000000	48.859500
758.000000	48.727500
757.000000	48.506800
756.000000	48.375900
755.000000	48.238900
754.000000	48.179000
753.000000	48.001500
752.000000	47.725000
751.000000	47.639600
750.000000	47.599700
749.000000	47.359000
748.000000	47.187900
747.000000	47.104100
746.000000	46.900900
745.000000	46.717800
744.000000	46.555000
743.000000	46.402600
742.000000	46.220200
741.000000	45.936400
740.000000	45.816900
739.000000	45.567100
738.000000	45.319800
737.000000	45.135400
736.000000	44.899100
735.000000	44.714200
734.000000	44.473900
733.000000	44.228300
732.000000	43.917000
731.000000	43.717500
730.000000	43.464300
729.000000	43.217000
728.000000	42.937300
727.000000	42.679400
726.000000	42.325900
725.000000	42.105300
724.000000	41.862300
723.000000	41.519400
722.000000	41.238000
721.000000	40.988700
720.000000	40.666900
719.000000	40.411000
718.000000	40.094000
717.000000	39.805500
716.000000	39.521200
715.000000	39.228500
714.000000	38.951200
713.000000	38.598600
712.000000	38.287600
711.000000	37.986700
710.000000	37.678700
709.000000	37.296000
708.000000	36.944600
707.000000	36.600200
706.000000	36.256300
705.000000	35.901700
704.000000	35.614800
703.000000	35.262700
702.000000	34.899300
701.000000	34.569800
700.000000	34.240200
699.000000	33.924000
698.000000	33.624700
697.000000	33.291100
696.000000	33.001200
695.000000	32.704200
694.000000	32.370900
693.000000	32.089600
692.000000	31.768100
691.000000	31.494400
690.000000	31.210300
689.000000	30.950100
688.000000	30.660400
687.000000	30.380400
686.000000	30.119200
685.000000	29.881500
684.000000	29.623000
683.000000	29.369200
682.000000	29.108500
681.000000	28.881400
680.000000	28.665500
679.000000	28.496100
678.000000	28.298900
677.000000	28.110900
676.000000	27.945500
675.000000	27.782900
674.000000	27.631600
673.000000	27.503500
672.000000	27.357600
671.000000	27.214100
670.000000	27.107300
669.000000	27.003500
668.000000	26.913600
667.000000	26.835200
666.000000	26.764400
665.000000	26.706600
664.000000	26.659900
663.000000	26.614600
662.000000	26.584400
661.000000	26.565300
660.000000	26.531500
659.000000	26.537600
658.000000	26.540200
657.000000	26.524700
656.000000	26.548000
655.000000	26.612400
654.000000	26.688900
653.000000	26.745000
652.000000	26.812400
651.000000	26.908200
650.000000	26.996900
649.000000	27.124600
648.000000	27.260000
647.000000	27.381700
646.000000	27.539800
645.000000	27.692400
644.000000	27.860100
643.000000	28.042900
642.000000	28.244400
641.000000	28.437600
640.000000	28.634100
639.000000	28.842400
638.000000	29.068000
637.000000	29.279000
636.000000	29.467600
635.000000	29.686600
634.000000	29.899800
633.000000	30.112200
632.000000	30.323900
631.000000	30.508400
630.000000	30.710900
629.000000	30.905700
628.000000	31.089600
627.000000	31.270300
626.000000	31.454400
625.000000	31.636900
624.000000	31.808800
623.000000	31.985400
622.000000	32.154700
621.000000	32.307300
620.000000	32.445300
619.000000	32.617700
618.000000	32.785800
617.000000	32.924300
616.000000	33.063600
615.000000	33.215500
614.000000	33.359300
613.000000	33.483400
612.000000	33.622300
611.000000	33.762500
610.000000	33.867700
609.000000	33.983000
608.000000	34.091700
607.000000	34.195200
606.000000	34.295800
605.000000	34.374900
604.000000	34.444300
603.000000	34.534000
602.000000	34.590700
601.000000	34.634000
600.000000	34.679300
599.000000	34.741700
598.000000	34.778900
597.000000	34.816300
596.000000	34.838800
595.000000	34.849000
594.000000	34.828300
593.000000	34.831300
592.000000	34.845800
591.000000	34.821500
590.000000	34.787500
589.000000	34.750200
588.000000	34.711400
587.000000	34.671300
586.000000	34.620500
585.000000	34.576100
584.000000	34.510600
583.000000	34.415900
582.000000	34.352100
581.000000	34.264800
580.000000	34.178400
579.000000	34.075500
578.000000	33.974700
577.000000	33.855000
576.000000	33.723500
575.000000	33.587700
574.000000	33.450200
573.000000	33.315700
572.000000	33.166400
571.000000	32.985400
570.000000	32.810300
569.000000	32.633800
568.000000	32.443200
567.000000	32.234000
566.000000	32.033900
565.000000	31.834600
564.000000	31.587300
563.000000	31.360500
562.000000	31.108000
561.000000	30.859700
560.000000	30.605000
559.000000	30.297600
558.000000	30.008700
557.000000	29.740700
556.000000	29.470800
555.000000	29.210500
554.000000	28.908800
553.000000	28.616900
552.000000	28.295500
551.000000	27.987600
550.000000	27.683800
549.000000	27.354600
548.000000	27.054800
547.000000	26.732900
546.000000	26.416300
545.000000	26.077200
544.000000	25.762600
543.000000	25.447200
542.000000	25.119000
541.000000	24.797200
540.000000	24.451200
539.000000	24.128200
538.000000	23.814400
537.000000	23.499000
536.000000	23.165900
535.000000	22.863500
534.000000	22.536600
533.000000	22.205600
532.000000	21.897000
531.000000	21.579600
530.000000	21.268400
529.000000	20.957200
528.000000	20.651900
527.000000	20.352400
526.000000	20.047300
525.000000	19.745000
524.000000	19.453000
523.000000	19.153500
522.000000	18.871200
521.000000	18.593400
520.000000	18.313800
519.000000	18.036900
518.000000	17.789500
517.000000	17.542500
516.000000	17.298100
515.000000	17.048600
514.000000	16.813300
513.000000	16.600500
512.000000	16.389600
511.000000	16.157700
510.000000	15.983500
509.000000	15.803000
508.000000	15.637100
507.000000	15.461100
506.000000	15.305900
505.000000	15.145300
504.000000	14.994100
503.000000	14.863800
502.000000	14.749100
501.000000	14.613100
500.000000	14.507600
499.000000	14.387800
498.000000	14.287400
497.000000	14.206700
496.000000	14.117900
495.000000	14.012100
494.000000	13.932200
493.000000	13.856400
492.000000	13.774500
491.000000	13.668000
490.000000	13.625500
489.000000	13.542800
488.000000	13.517900
487.000000	13.439100
486.000000	13.347600
485.000000	13.287600
484.000000	13.228900
483.000000	13.155400
482.000000	13.077600
481.000000	13.026200
480.000000	12.914600
479.000000	12.834200
478.000000	12.734900
477.000000	12.643600
476.000000	12.579700
475.000000	12.467600
474.000000	12.375600
473.000000	12.297300
472.000000	12.204400
471.000000	12.125600
470.000000	12.026100
469.000000	11.935100
468.000000	11.855600
467.000000	11.776800
466.000000	11.677700
465.000000	11.585200
464.000000	11.510600
463.000000	11.407700
462.000000	11.349200
461.000000	11.237700
460.000000	11.147300
459.000000	11.043700
458.000000	10.949600
457.000000	10.874600
456.000000	10.770800
455.000000	10.687500
454.000000	10.568700
453.000000	10.486200
452.000000	10.385600
451.000000	10.275400
450.000000	10.157600
449.000000	10.050100
448.000000	9.939100
447.000000	9.842200
446.000000	9.722800
445.000000	9.624900
444.000000	9.503200
443.000000	9.399200
442.000000	9.281200
441.000000	9.142200
440.000000	9.026200
439.000000	8.933900
438.000000	8.814600
437.000000	8.692100
436.000000	8.590000
435.000000	8.461800
434.000000	8.357700
433.000000	8.251100
432.000000	8.145200
431.000000	8.037500
430.000000	7.935100
429.000000	7.841400
428.000000	7.741300
427.000000	7.646500
426.000000	7.548700
425.000000	7.437800
424.000000	7.365000
423.000000	7.294100
422.000000	7.193400
421.000000	7.108000
420.000000	7.030400
419.000000	6.949200
418.000000	6.895800
417.000000	6.800800
416.000000	6.721800
415.000000	6.650200
414.000000	6.585300
413.000000	6.514600
412.000000	6.448300
411.000000	6.382100
410.000000	6.333300
409.000000	6.261400
408.000000	6.191000
407.000000	6.116600
406.000000	6.093300
405.000000	6.029500
404.000000	5.972900
403.000000	5.911800
402.000000	5.888800
401.000000	5.847900
400.000000	5.809400
399.000000	5.750300
398.000000	5.715000
397.000000	5.667300
396.000000	5.630600
395.000000	5.593000
394.000000	5.549700
393.000000	5.491900
392.000000	5.479600
391.000000	5.453700
390.000000	5.421900
389.000000	5.392100
388.000000	5.375400
387.000000	5.341800
386.000000	5.304900
385.000000	5.285500
384.000000	5.261800
383.000000	5.228600
382.000000	5.220100
381.000000	5.217000
380.000000	5.195500
379.000000	5.166900
378.000000	5.119300
377.000000	5.135300
376.000000	5.060700
375.000000	4.725700
374.000000	4.483100
373.000000	4.612800
372.000000	4.645800
371.000000	4.659100
370.000000	4.742300
369.000000	4.869300
368.000000	4.903900
367.000000	4.844500
366.000000	4.899300
365.000000	4.893900
364.000000	4.854400
363.000000	4.942500
362.000000	4.812900
361.000000	4.844200
360.000000	4.918200
359.000000	4.967800
358.000000	4.987800
357.000000	4.977400
356.000000	5.120800
355.000000	5.107500
354.000000	4.922200
353.000000	4.869300
352.000000	4.907000
351.000000	5.007000
350.000000	5.039900
349.000000	4.937400
348.000000	5.018900
347.000000	5.094900
346.000000	5.031500
345.000000	5.065700
344.000000	5.141100
343.000000	5.150400
342.000000	5.117900
341.000000	4.982300
340.000000	5.157400
339.000000	5.207700
338.000000	5.027400
337.000000	5.130700
336.000000	5.109600
335.000000	5.068800
334.000000	5.152400
333.000000	5.232300
332.000000	5.310400
331.000000	5.262900
330.000000	5.241700
329.000000	5.356700
328.000000	5.440400
327.000000	5.511200
326.000000	5.842000
325.000000	5.573900
324.000000	5.135800
323.000000	5.402000
322.000000	5.790800
321.000000	6.276300
320.000000	6.210600
319.000000	5.703600
318.000000	6.186700
317.000000	6.432300
316.000000	5.544000
315.000000	5.081700
314.000000	5.092400
313.000000	5.073700
312.000000	5.102400
311.000000	5.062200
310.000000	5.082500
309.000000	5.128200
308.000000	5.118800
307.000000	5.103000
306.000000	5.093200
305.000000	5.080200
304.000000	5.111200
303.000000	5.131900
302.000000	5.136100
301.000000	5.116500
300.000000	5.124600
299.000000	5.156600
298.000000	5.172600
297.000000	5.166400
296.000000	5.135300
295.000000	5.134100
294.000000	5.153600
293.000000	5.198900
292.000000	5.172400
291.000000	5.165600
290.000000	5.209900
289.000000	5.220200
288.000000	5.228200
287.000000	5.210200
286.000000	5.199000
285.000000	5.196400
284.000000	5.212600
283.000000	5.229300
282.000000	5.226700
281.000000	5.248600
280.000000	5.277400
279.000000	5.248700
278.000000	5.276900
277.000000	5.297400
276.000000	5.293000
275.000000	5.296800
274.000000	5.311300
273.000000	5.323300
272.000000	5.334000
271.000000	5.365000
270.000000	5.396800
269.000000	5.381000
268.000000	5.376600
267.000000	5.399300
266.000000	5.420200
265.000000	5.470100
264.000000	5.478500
263.000000	5.509800
262.000000	5.522500
261.000000	5.592600
260.000000	5.570200
259.000000	5.591800
258.000000	5.579300
257.000000	5.598500
256.000000	5.668800
255.000000	5.674500
254.000000	5.654400
253.000000	5.661100
252.000000	5.683100
251.000000	5.713200
250.000000	5.722400
