PE UV       SUBTECH     SPECTRUM    ASCII       PEDS        4.00        
   -1
CICIMAUCR0019-5.Sample.ASC
24/04/25
14:12:17.00
24/04/25
14:12:17.00
Vinicio Soto Monge
C. cupreomarginata
250,000000
1
Lambda 1050
1050L1511233
PerkinElmer UV WinLab 6.3.2.0749 / 2.02.05 Lambda 900 UV/VIS/NIR, Aug  7 2015 09:38:08

0
0
3350/servo 860,8/2
0
0
UV/VIS
1
1
1
DoubleDePol,CommonBeamDepol,RBeamAtt,SBeamAtt,60mm sphere, WB InGaAs Detector
0
0
0
0
Program
Program
3350/servo 860,8/2
3350/0,2 860,8/0,2
3350/0,2 860,8/0,2
0
15.00
 
 
 
0
 
860,8
319,2
860,8
Front
100
on
S:100 R:100
0
0
0
0
 
0
 
 
 
0
 
 
0
0
0
0
0
 
 
 
 
0
0


0
0
#HDR
-1
-1
#GR
nm
%R
1.0
0.0
2500,000000
-1,000000
2251
8
69,269700
4,960200
#DATA
2482.000000	7.003157
2481.000000	6.902332
2480.000000	6.957941
2479.000000	6.994202
2478.000000	6.923558
2477.000000	6.926211
2476.000000	6.943347
2475.000000	6.960262
2474.000000	6.938483
2473.000000	7.015981
2472.000000	6.944895
2471.000000	6.917367
2470.000000	6.893266
2469.000000	6.945890
2468.000000	6.965348
2467.000000	6.972534
2466.000000	6.991438
2465.000000	7.004042
2464.000000	7.028363
2463.000000	7.027147
2462.000000	7.056997
2461.000000	7.088947
2460.000000	7.089721
2459.000000	7.139139
2458.000000	7.162023
2457.000000	7.240074
2456.000000	7.234547
2455.000000	7.270919
2454.000000	7.340679
2453.000000	7.369312
2452.000000	7.391423
2451.000000	7.451343
2450.000000	7.484841
2449.000000	7.564440
2448.000000	7.569304
2447.000000	7.633094
2446.000000	7.712582
2445.000000	7.754704
2444.000000	7.808322
2443.000000	7.835076
2442.000000	7.875981
2441.000000	7.936897
2440.000000	8.001460
2439.000000	8.033742
2438.000000	8.094878
2437.000000	8.145070
2436.000000	8.174146
2435.000000	8.221463
2434.000000	8.283705
2433.000000	8.321514
2432.000000	8.349705
2431.000000	8.383535
2430.000000	8.433948
2429.000000	8.463687
2428.000000	8.497295
2427.000000	8.526150
2426.000000	8.564291
2425.000000	8.597125
2424.000000	8.601437
2423.000000	8.621005
2422.000000	8.676172
2421.000000	8.687448
2420.000000	8.714976
2419.000000	8.742725
2418.000000	8.756323
2417.000000	8.770143
2416.000000	8.808173
2415.000000	8.836143
2414.000000	8.847973
2413.000000	8.865882
2412.000000	8.897611
2411.000000	8.908998
2410.000000	8.926024
2409.000000	8.971904
2408.000000	9.027070
2407.000000	9.061342
2406.000000	9.104458
2405.000000	9.128006
2404.000000	9.151443
2403.000000	9.171122
2402.000000	9.181846
2401.000000	9.215565
2400.000000	9.252158
2399.000000	9.270842
2398.000000	9.306330
2397.000000	9.330209
2396.000000	9.368682
2395.000000	9.403949
2394.000000	9.413346
2393.000000	9.431477
2392.000000	9.456573
2391.000000	9.479900
2390.000000	9.497035
2389.000000	9.520473
2388.000000	9.536945
2387.000000	9.549880
2386.000000	9.555740
2385.000000	9.551539
2384.000000	9.558614
2383.000000	9.567237
2382.000000	9.555297
2381.000000	9.555408
2380.000000	9.575639
2379.000000	9.565247
2378.000000	9.552091
2377.000000	9.552202
2376.000000	9.547669
2375.000000	9.524563
2374.000000	9.520805
2373.000000	9.506433
2372.000000	9.484875
2371.000000	9.471829
2370.000000	9.458452
2369.000000	9.429155
2368.000000	9.391788
2367.000000	9.367687
2366.000000	9.340933
2365.000000	9.313516
2364.000000	9.279686
2363.000000	9.228057
2362.000000	9.188147
2361.000000	9.148348
2360.000000	9.117725
2359.000000	9.074166
2358.000000	9.029723
2357.000000	9.004628
2356.000000	8.974778
2355.000000	8.953883
2354.000000	8.930335
2353.000000	8.920164
2352.000000	8.917843
2351.000000	8.920054
2350.000000	8.942275
2349.000000	8.954215
2348.000000	8.977210
2347.000000	9.001311
2346.000000	9.037794
2345.000000	9.078478
2344.000000	9.112971
2343.000000	9.135192
2342.000000	9.168027
2341.000000	9.207384
2340.000000	9.235022
2339.000000	9.251827
2338.000000	9.263877
2337.000000	9.279133
2336.000000	9.276701
2335.000000	9.264209
2334.000000	9.264540
2333.000000	9.254369
2332.000000	9.247294
2331.000000	9.223083
2330.000000	9.198540
2329.000000	9.173444
2328.000000	9.115624
2327.000000	9.067312
2326.000000	9.031050
2325.000000	8.983512
2324.000000	8.939511
2323.000000	8.889430
2322.000000	8.831390
2321.000000	8.781861
2320.000000	8.711549
2319.000000	8.625759
2318.000000	8.568824
2317.000000	8.506139
2316.000000	8.425767
2315.000000	8.356670
2314.000000	8.291886
2313.000000	8.219362
2312.000000	8.159663
2311.000000	8.124728
2310.000000	8.073099
2309.000000	8.039822
2308.000000	8.000797
2307.000000	7.982334
2306.000000	7.966636
2305.000000	7.977802
2304.000000	7.989410
2303.000000	8.022797
2302.000000	8.064808
2301.000000	8.102728
2300.000000	8.147060
2299.000000	8.223342
2298.000000	8.271102
2297.000000	8.351585
2296.000000	8.409073
2295.000000	8.477727
2294.000000	8.519738
2293.000000	8.564291
2292.000000	8.610834
2291.000000	8.648865
2290.000000	8.667106
2289.000000	8.679820
2288.000000	8.687890
2287.000000	8.705247
2286.000000	8.682363
2285.000000	8.675729
2284.000000	8.658262
2283.000000	8.648201
2282.000000	8.597568
2281.000000	8.579879
2280.000000	8.536100
2279.000000	8.495637
2278.000000	8.481154
2277.000000	8.447877
2276.000000	8.417586
2275.000000	8.372148
2274.000000	8.385193
2273.000000	8.363856
2272.000000	8.353464
2271.000000	8.356670
2270.000000	8.371264
2269.000000	8.399234
2268.000000	8.455948
2267.000000	8.499506
2266.000000	8.557879
2265.000000	8.639578
2264.000000	8.735097
2263.000000	8.844435
2262.000000	8.966708
2261.000000	9.113081
2260.000000	9.286983
2259.000000	9.460663
2258.000000	9.614002
2257.000000	9.804597
2256.000000	9.993755
2255.000000	10.210109
2254.000000	10.395729
2253.000000	10.593842
2252.000000	10.783995
2251.000000	10.974922
2250.000000	11.145507
2249.000000	11.321730
2248.000000	11.488446
2247.000000	11.649302
2246.000000	11.821213
2245.000000	11.917285
2244.000000	12.042100
2243.000000	12.179740
2242.000000	12.285430
2241.000000	12.377853
2240.000000	12.503995
2239.000000	12.578509
2238.000000	12.653796
2237.000000	12.730852
2236.000000	12.834441
2235.000000	12.891819
2234.000000	12.953840
2233.000000	13.010996
2232.000000	13.073459
2231.000000	13.100987
2230.000000	13.154164
2229.000000	13.171078
2228.000000	13.211431
2227.000000	13.241944
2226.000000	13.239843
2225.000000	13.232325
2224.000000	13.261843
2223.000000	13.258858
2222.000000	13.245260
2221.000000	13.236637
2220.000000	13.225582
2219.000000	13.231883
2218.000000	13.187219
2217.000000	13.161350
2216.000000	13.135701
2215.000000	13.126967
2214.000000	13.099550
2213.000000	13.095238
2212.000000	13.065499
2211.000000	13.076223
2210.000000	13.053338
2209.000000	13.027137
2208.000000	12.982363
2207.000000	12.981368
2206.000000	12.968433
2205.000000	12.936262
2204.000000	12.944774
2203.000000	12.930955
2202.000000	12.933608
2201.000000	12.886954
2200.000000	12.874683
2199.000000	12.890713
2198.000000	12.865618
2197.000000	12.845607
2196.000000	12.831788
2195.000000	12.829909
2194.000000	12.847929
2193.000000	12.810119
2192.000000	12.810672
2191.000000	12.808129
2190.000000	12.779275
2189.000000	12.783586
2188.000000	12.765677
2187.000000	12.765124
2186.000000	12.737706
2185.000000	12.715264
2184.000000	12.710068
2183.000000	12.685967
2182.000000	12.680661
2181.000000	12.670711
2180.000000	12.659545
2179.000000	12.630358
2178.000000	12.626379
2177.000000	12.612228
2176.000000	12.619524
2175.000000	12.623946
2174.000000	12.630469
2173.000000	12.630690
2172.000000	12.610790
2171.000000	12.603383
2170.000000	12.624720
2169.000000	12.662751
2168.000000	12.672037
2167.000000	12.682540
2166.000000	12.702440
2165.000000	12.728199
2164.000000	12.723777
2163.000000	12.755285
2162.000000	12.759817
2161.000000	12.775405
2160.000000	12.810783
2159.000000	12.823386
2158.000000	12.835215
2157.000000	12.869376
2156.000000	12.900774
2155.000000	12.926533
2154.000000	12.953619
2153.000000	12.977056
2152.000000	13.000936
2151.000000	13.023157
2150.000000	13.059972
2149.000000	13.098113
2148.000000	13.128626
2147.000000	13.138686
2146.000000	13.155380
2145.000000	13.198385
2144.000000	13.221933
2143.000000	13.218174
2142.000000	13.248687
2141.000000	13.265160
2140.000000	13.268476
2139.000000	13.313140
2138.000000	13.325080
2137.000000	13.316125
2136.000000	13.311924
2135.000000	13.327512
2134.000000	13.334367
2133.000000	13.339784
2132.000000	13.337241
2131.000000	13.346085
2130.000000	13.330718
2129.000000	13.325743
2128.000000	13.324638
2127.000000	13.317452
2126.000000	13.304296
2125.000000	13.281632
2124.000000	13.276879
2123.000000	13.250898
2122.000000	13.208888
2121.000000	13.196174
2120.000000	13.185893
2119.000000	13.169199
2118.000000	13.140676
2117.000000	13.110163
2116.000000	13.069479
2115.000000	13.020725
2114.000000	12.988885
2113.000000	12.962352
2112.000000	12.921116
2111.000000	12.893367
2110.000000	12.866944
2109.000000	12.837647
2108.000000	12.814984
2107.000000	12.782039
2106.000000	12.746993
2105.000000	12.723887
2104.000000	12.699013
2103.000000	12.666510
2102.000000	12.632570
2101.000000	12.602941
2100.000000	12.580941
2099.000000	12.556177
2098.000000	12.520689
2097.000000	12.489955
2096.000000	12.463311
2095.000000	12.435120
2094.000000	12.410798
2093.000000	12.393331
2092.000000	12.382496
2091.000000	12.373873
2090.000000	12.356406
2089.000000	12.341812
2088.000000	12.312516
2087.000000	12.275591
2086.000000	12.257570
2085.000000	12.242424
2084.000000	12.227389
2083.000000	12.205831
2082.000000	12.178745
2081.000000	12.159067
2080.000000	12.144584
2079.000000	12.126232
2078.000000	12.087759
2077.000000	12.064543
2076.000000	12.029276
2075.000000	12.009929
2074.000000	11.992130
2073.000000	11.965929
2072.000000	11.931989
2071.000000	11.897385
2070.000000	11.870852
2069.000000	11.845756
2068.000000	11.832379
2067.000000	11.798660
2066.000000	11.760409
2065.000000	11.732991
2064.000000	11.710217
2063.000000	11.705021
2062.000000	11.687332
2061.000000	11.675282
2060.000000	11.665774
2059.000000	11.652950
2058.000000	11.651845
2057.000000	11.672518
2056.000000	11.668649
2055.000000	11.695845
2054.000000	11.718619
2053.000000	11.749685
2052.000000	11.785394
2051.000000	11.837907
2050.000000	11.883455
2049.000000	11.953104
2048.000000	12.029166
2047.000000	12.122031
2046.000000	12.191680
2045.000000	12.267299
2044.000000	12.354858
2043.000000	12.457452
2042.000000	12.537825
2041.000000	12.625384
2040.000000	12.717586
2039.000000	12.801938
2038.000000	12.873577
2037.000000	12.961800
2036.000000	13.033881
2035.000000	13.125972
2034.000000	13.194626
2033.000000	13.260627
2032.000000	13.301974
2031.000000	13.360568
2030.000000	13.441051
2029.000000	13.477976
2028.000000	13.536460
2027.000000	13.563214
2026.000000	13.604340
2025.000000	13.667687
2024.000000	13.688582
2023.000000	13.716552
2022.000000	13.743527
2021.000000	13.800352
2020.000000	13.819478
2019.000000	13.850654
2018.000000	13.890011
2017.000000	13.888353
2016.000000	13.916434
2015.000000	13.935781
2014.000000	13.934786
2013.000000	13.924504
2012.000000	13.931911
2011.000000	13.954907
2010.000000	13.934012
2009.000000	13.906373
2008.000000	13.915992
2007.000000	13.888132
2006.000000	13.868122
2005.000000	13.846785
2004.000000	13.813176
2003.000000	13.782111
2002.000000	13.745407
2001.000000	13.719979
2000.000000	13.669124
1999.000000	13.610973
1998.000000	13.564982
1997.000000	13.536681
1996.000000	13.480630
1995.000000	13.418941
1994.000000	13.358799
1993.000000	13.287713
1992.000000	13.253883
1991.000000	13.210546
1990.000000	13.150958
1989.000000	13.084736
1988.000000	13.014976
1987.000000	12.926533
1986.000000	12.894914
1985.000000	12.818743
1984.000000	12.730299
1983.000000	12.684309
1982.000000	12.602609
1981.000000	12.532076
1980.000000	12.459995
1979.000000	12.381722
1978.000000	12.323682
1977.000000	12.251379
1976.000000	12.177419
1975.000000	12.102242
1974.000000	12.047186
1973.000000	11.981296
1972.000000	11.924029
1971.000000	11.870852
1970.000000	11.787273
1969.000000	11.724810
1968.000000	11.679151
1967.000000	11.639241
1966.000000	11.553009
1965.000000	11.486677
1964.000000	11.459259
1963.000000	11.370042
1962.000000	11.338424
1961.000000	11.268664
1960.000000	11.212061
1959.000000	11.165407
1958.000000	11.111125
1957.000000	11.083818
1956.000000	10.997586
1955.000000	10.923957
1954.000000	10.914338
1953.000000	10.864257
1952.000000	10.820478
1951.000000	10.761000
1950.000000	10.737010
1949.000000	10.706607
1948.000000	10.655642
1947.000000	10.617280
1946.000000	10.615843
1945.000000	10.550837
1944.000000	10.550837
1943.000000	10.508605
1942.000000	10.524857
1941.000000	10.502746
1940.000000	10.509821
1939.000000	10.531490
1938.000000	10.482072
1937.000000	10.501861
1936.000000	10.496665
1935.000000	10.513359
1934.000000	10.560565
1933.000000	10.597933
1932.000000	10.639501
1931.000000	10.663049
1930.000000	10.726507
1929.000000	10.795493
1928.000000	10.857735
1927.000000	10.908037
1926.000000	10.968399
1925.000000	11.063365
1924.000000	11.167286
1923.000000	11.267227
1922.000000	11.370927
1921.000000	11.501491
1920.000000	11.596789
1919.000000	11.711875
1918.000000	11.850400
1917.000000	11.990582
1916.000000	12.124131
1915.000000	12.296596
1914.000000	12.470276
1913.000000	12.636328
1912.000000	12.793868
1911.000000	12.947870
1910.000000	13.169420
1909.000000	13.371845
1908.000000	13.577696
1907.000000	13.805438
1906.000000	14.030194
1905.000000	14.282257
1904.000000	14.519396
1903.000000	14.757640
1902.000000	15.008708
1901.000000	15.289957
1900.000000	15.560815
1899.000000	15.877773
1898.000000	16.154711
1897.000000	16.429659
1896.000000	16.716326
1895.000000	17.049757
1894.000000	17.380424
1893.000000	17.712971
1892.000000	18.122131
1891.000000	18.510729
1890.000000	18.890261
1889.000000	19.296878
1888.000000	19.751145
1887.000000	20.191150
1886.000000	20.700915
1885.000000	21.272922
1884.000000	21.877873
1883.000000	22.496755
1882.000000	23.114752
1881.000000	23.796539
1880.000000	24.405029
1879.000000	25.000252
1878.000000	25.617254
1877.000000	26.195673
1876.000000	26.764805
1875.000000	27.289052
1874.000000	27.798927
1873.000000	28.279064
1872.000000	28.680154
1871.000000	29.034037
1870.000000	29.366252
1869.000000	29.670939
1868.000000	29.896138
1867.000000	30.087839
1866.000000	30.238966
1865.000000	30.394958
1864.000000	30.520326
1863.000000	30.637403
1862.000000	30.787535
1861.000000	30.916220
1860.000000	30.991729
1859.000000	31.031970
1858.000000	31.057398
1857.000000	31.074091
1856.000000	31.076192
1855.000000	31.063810
1854.000000	31.002342
1853.000000	30.921416
1852.000000	30.860169
1851.000000	30.830099
1850.000000	30.819485
1849.000000	30.771394
1848.000000	30.680187
1847.000000	30.557804
1846.000000	30.428677
1845.000000	30.354937
1844.000000	30.333821
1843.000000	30.336585
1842.000000	30.320665
1841.000000	30.242504
1840.000000	30.171086
1839.000000	30.126975
1838.000000	30.068049
1837.000000	29.982702
1836.000000	29.879334
1835.000000	29.745784
1834.000000	29.634125
1833.000000	29.536284
1832.000000	29.438997
1831.000000	29.337619
1830.000000	29.230492
1829.000000	29.111536
1828.000000	28.993906
1827.000000	28.884237
1826.000000	28.759642
1825.000000	28.664566
1824.000000	28.610394
1823.000000	28.613490
1822.000000	28.583972
1821.000000	28.522504
1820.000000	28.465347
1819.000000	28.411286
1818.000000	28.384090
1817.000000	28.376794
1816.000000	28.360653
1815.000000	28.331135
1814.000000	28.314994
1813.000000	28.302722
1812.000000	28.266129
1811.000000	28.211294
1810.000000	28.160218
1809.000000	28.109695
1808.000000	28.056961
1807.000000	28.009201
1806.000000	27.926507
1805.000000	27.839390
1804.000000	27.773389
1803.000000	27.723530
1802.000000	27.652112
1801.000000	27.569970
1800.000000	27.486723
1799.000000	27.413536
1798.000000	27.360249
1797.000000	27.296349
1796.000000	27.226921
1795.000000	27.156387
1794.000000	27.088397
1793.000000	27.026155
1792.000000	26.944124
1791.000000	26.860545
1790.000000	26.772875
1789.000000	26.687085
1788.000000	26.616662
1787.000000	26.516943
1786.000000	26.410811
1785.000000	26.331765
1784.000000	26.219994
1783.000000	26.086003
1782.000000	25.984625
1781.000000	25.883357
1780.000000	25.769708
1779.000000	25.659707
1778.000000	25.552580
1777.000000	25.422126
1776.000000	25.258395
1775.000000	25.118876
1774.000000	24.949507
1773.000000	24.789646
1772.000000	24.626137
1771.000000	24.456547
1770.000000	24.292816
1769.000000	24.139809
1768.000000	23.986139
1767.000000	23.857786
1766.000000	23.748116
1765.000000	23.672276
1764.000000	23.620869
1763.000000	23.613240
1762.000000	23.629824
1761.000000	23.686869
1760.000000	23.771775
1759.000000	23.890731
1758.000000	23.981164
1757.000000	24.058552
1756.000000	24.113829
1755.000000	24.163026
1754.000000	24.194313
1753.000000	24.176734
1752.000000	24.157940
1751.000000	24.129086
1750.000000	24.050482
1749.000000	23.975526
1748.000000	23.879676
1747.000000	23.759946
1746.000000	23.603069
1745.000000	23.409158
1744.000000	23.211487
1743.000000	22.992369
1742.000000	22.740416
1741.000000	22.445016
1740.000000	22.154369
1739.000000	21.871572
1738.000000	21.608011
1737.000000	21.409456
1736.000000	21.244288
1735.000000	21.125000
1734.000000	21.089844
1733.000000	21.098799
1732.000000	21.189785
1731.000000	21.274912
1730.000000	21.419074
1729.000000	21.551628
1728.000000	21.704967
1727.000000	21.864165
1726.000000	21.970739
1725.000000	22.051775
1724.000000	22.141103
1723.000000	22.184772
1722.000000	22.206993
1721.000000	22.230651
1720.000000	22.232310
1719.000000	22.273878
1718.000000	22.311024
1717.000000	22.366522
1716.000000	22.434181
1715.000000	22.495981
1714.000000	22.579781
1713.000000	22.654405
1712.000000	22.723833
1711.000000	22.738868
1710.000000	22.762195
1709.000000	22.752024
1708.000000	22.729029
1707.000000	22.686797
1706.000000	22.633842
1705.000000	22.551479
1704.000000	22.465689
1703.000000	22.344412
1702.000000	22.226340
1701.000000	22.050227
1700.000000	21.839953
1699.000000	21.642504
1698.000000	21.452130
1697.000000	21.312279
1696.000000	21.256891
1695.000000	21.245062
1694.000000	21.340470
1693.000000	21.480100
1692.000000	21.677550
1691.000000	21.882738
1690.000000	22.063051
1689.000000	22.204118
1688.000000	22.294994
1687.000000	22.315557
1686.000000	22.330924
1685.000000	22.390955
1684.000000	22.532575
1683.000000	22.808075
1682.000000	23.252392
1681.000000	23.840208
1680.000000	24.503753
1679.000000	25.226777
1678.000000	25.930011
1677.000000	26.583496
1676.000000	27.172749
1675.000000	27.747299
1674.000000	28.178238
1673.000000	28.555449
1672.000000	28.876166
1671.000000	29.180632
1670.000000	29.441319
1669.000000	29.658336
1668.000000	29.838208
1667.000000	30.022170
1666.000000	30.137588
1665.000000	30.263841
1664.000000	30.374616
1663.000000	30.455541
1662.000000	30.525412
1661.000000	30.578478
1660.000000	30.627785
1659.000000	30.661393
1658.000000	30.696549
1657.000000	30.710037
1656.000000	30.695886
1655.000000	30.692901
1654.000000	30.669685
1653.000000	30.640056
1652.000000	30.605010
1651.000000	30.564990
1650.000000	30.531824
1649.000000	30.454215
1648.000000	30.396506
1647.000000	30.321439
1646.000000	30.238413
1645.000000	30.158262
1644.000000	30.080542
1643.000000	30.007797
1642.000000	29.917806
1641.000000	29.851142
1640.000000	29.748990
1639.000000	29.644738
1638.000000	29.568456
1637.000000	29.449168
1636.000000	29.354423
1635.000000	29.252161
1634.000000	29.127787
1633.000000	29.037022
1632.000000	28.941835
1631.000000	28.816909
1630.000000	28.714757
1629.000000	28.590495
1628.000000	28.465568
1627.000000	28.358220
1626.000000	28.250320
1625.000000	28.134791
1624.000000	28.018377
1623.000000	27.899753
1622.000000	27.791963
1621.000000	27.669911
1620.000000	27.556704
1619.000000	27.451014
1618.000000	27.339354
1617.000000	27.243614
1616.000000	27.143563
1615.000000	27.027371
1614.000000	26.932958
1613.000000	26.815549
1612.000000	26.709638
1611.000000	26.640763
1610.000000	26.555637
1609.000000	26.443535
1608.000000	26.334528
1607.000000	26.247633
1606.000000	26.146255
1605.000000	26.066103
1604.000000	25.984514
1603.000000	25.873850
1602.000000	25.778442
1601.000000	25.690993
1600.000000	25.627535
1599.000000	25.538208
1598.000000	25.451644
1597.000000	25.374035
1596.000000	25.287139
1595.000000	25.218375
1594.000000	25.156133
1593.000000	25.090132
1592.000000	25.029880
1591.000000	24.968191
1590.000000	24.915899
1589.000000	24.873999
1588.000000	24.819385
1587.000000	24.759133
1586.000000	24.702751
1585.000000	24.661403
1584.000000	24.618840
1583.000000	24.596398
1582.000000	24.557262
1581.000000	24.526306
1580.000000	24.508839
1579.000000	24.495572
1578.000000	24.476778
1577.000000	24.465723
1576.000000	24.455220
1575.000000	24.444275
1574.000000	24.459200
1573.000000	24.465944
1572.000000	24.478989
1571.000000	24.490155
1570.000000	24.496788
1569.000000	24.512819
1568.000000	24.543111
1567.000000	24.571634
1566.000000	24.594629
1565.000000	24.608669
1564.000000	24.631222
1563.000000	24.669032
1562.000000	24.685173
1561.000000	24.687826
1560.000000	24.708942
1559.000000	24.722982
1558.000000	24.726741
1557.000000	24.728841
1556.000000	24.730279
1555.000000	24.731495
1554.000000	24.719113
1553.000000	24.709605
1552.000000	24.689816
1551.000000	24.675444
1550.000000	24.662841
1549.000000	24.641835
1548.000000	24.618840
1547.000000	24.601483
1546.000000	24.583573
1545.000000	24.574176
1544.000000	24.565885
1543.000000	24.551181
1542.000000	24.537804
1541.000000	24.523543
1540.000000	24.507291
1539.000000	24.494246
1538.000000	24.482969
1537.000000	24.478547
1536.000000	24.463954
1535.000000	24.453451
1534.000000	24.416858
1533.000000	24.371641
1532.000000	24.357269
1531.000000	24.326314
1530.000000	24.290826
1529.000000	24.266947
1528.000000	24.238092
1527.000000	24.204152
1526.000000	24.167337
1525.000000	24.133950
1524.000000	24.082432
1523.000000	24.041527
1522.000000	24.001396
1521.000000	23.966903
1520.000000	23.898912
1519.000000	23.848610
1518.000000	23.822630
1517.000000	23.768016
1516.000000	23.726669
1515.000000	23.671281
1514.000000	23.634356
1513.000000	23.577531
1512.000000	23.531762
1511.000000	23.491852
1510.000000	23.439339
1509.000000	23.381961
1508.000000	23.321709
1507.000000	23.255930
1506.000000	23.201427
1505.000000	23.164723
1504.000000	23.116963
1503.000000	23.078380
1502.000000	23.026641
1501.000000	22.977112
1500.000000	22.946047
1499.000000	22.889885
1498.000000	22.857714
1497.000000	22.832065
1496.000000	22.792045
1495.000000	22.750145
1494.000000	22.721954
1493.000000	22.718637
1492.000000	22.681049
1491.000000	22.676405
1490.000000	22.644124
1489.000000	22.622344
1488.000000	22.632958
1487.000000	22.615269
1486.000000	22.602555
1485.000000	22.571821
1484.000000	22.550816
1483.000000	22.567289
1482.000000	22.589620
1481.000000	22.595369
1480.000000	22.601671
1479.000000	22.599681
1478.000000	22.619802
1477.000000	22.622344
1476.000000	22.625993
1475.000000	22.635169
1474.000000	22.670546
1473.000000	22.693873
1472.000000	22.716868
1471.000000	22.746276
1470.000000	22.767502
1469.000000	22.787954
1468.000000	22.822779
1467.000000	22.847985
1466.000000	22.884579
1465.000000	22.915423
1464.000000	22.980540
1463.000000	23.030399
1462.000000	23.093415
1461.000000	23.149356
1460.000000	23.214583
1459.000000	23.306674
1458.000000	23.389037
1457.000000	23.510646
1456.000000	23.613462
1455.000000	23.707432
1454.000000	23.804831
1453.000000	23.933405
1452.000000	24.074583
1451.000000	24.209901
1450.000000	24.272695
1449.000000	24.406245
1448.000000	24.578598
1447.000000	24.716570
1446.000000	24.888371
1445.000000	24.996051
1444.000000	25.163429
1443.000000	25.332909
1442.000000	25.466016
1441.000000	25.669214
1440.000000	25.819015
1439.000000	25.985178
1438.000000	26.154215
1437.000000	26.317171
1436.000000	26.462771
1435.000000	26.647396
1434.000000	26.826936
1433.000000	27.033230
1432.000000	27.218298
1431.000000	27.409888
1430.000000	27.632544
1429.000000	27.891572
1428.000000	28.156238
1427.000000	28.395588
1426.000000	28.676948
1425.000000	28.968921
1424.000000	29.274714
1423.000000	29.590898
1422.000000	29.888841
1421.000000	30.227800
1420.000000	30.595835
1419.000000	30.925064
1418.000000	31.236274
1417.000000	31.543283
1416.000000	31.890091
1415.000000	32.257904
1414.000000	32.587687
1413.000000	32.897570
1412.000000	33.222709
1411.000000	33.652433
1410.000000	34.128810
1409.000000	34.582856
1408.000000	35.097927
1407.000000	35.624607
1406.000000	36.166764
1405.000000	36.714780
1404.000000	37.236595
1403.000000	37.812361
1402.000000	38.379172
1401.000000	38.973289
1400.000000	39.506491
1399.000000	39.878948
1398.000000	40.245766
1397.000000	40.690083
1396.000000	41.106982
1395.000000	41.441077
1394.000000	41.725753
1393.000000	42.025465
1392.000000	42.392063
1391.000000	42.724167
1390.000000	43.088774
1389.000000	43.537403
1388.000000	44.050373
1387.000000	44.540238
1386.000000	45.101743
1385.000000	45.719187
1384.000000	46.347466
1383.000000	46.932628
1382.000000	47.406242
1381.000000	47.750839
1380.000000	47.966861
1379.000000	48.137667
1378.000000	48.256624
1377.000000	48.428646
1376.000000	48.649754
1375.000000	48.948692
1374.000000	49.360174
1373.000000	49.848160
1372.000000	50.387332
1371.000000	50.933137
1370.000000	51.417696
1369.000000	51.871631
1368.000000	52.265866
1367.000000	52.612343
1366.000000	52.926427
1365.000000	53.215636
1364.000000	53.482845
1363.000000	53.734135
1362.000000	53.946841
1361.000000	54.085476
1360.000000	54.180994
1359.000000	54.271538
1358.000000	54.456605
1357.000000	54.753664
1356.000000	55.226836
1355.000000	55.861195
1354.000000	56.556248
1353.000000	57.261915
1352.000000	58.100246
1351.000000	58.867381
1350.000000	59.545409
1349.000000	60.178220
1348.000000	60.752327
1347.000000	61.267951
1346.000000	61.764228
1345.000000	62.277531
1344.000000	62.766954
1343.000000	63.190155
1342.000000	63.595888
1341.000000	63.994435
1340.000000	64.386902
1339.000000	64.744766
1338.000000	65.062609
1337.000000	65.414944
1336.000000	65.755893
1335.000000	66.055716
1334.000000	66.344704
1333.000000	66.620647
1332.000000	66.884208
1331.000000	67.138040
1330.000000	67.389440
1329.000000	67.631111
1328.000000	67.837184
1327.000000	68.029216
1326.000000	68.235952
1325.000000	68.423562
1324.000000	68.607746
1323.000000	68.771697
1322.000000	68.923598
1321.000000	69.074836
1320.000000	69.219331
1319.000000	69.354649
1318.000000	69.481012
1317.000000	69.607817
1316.000000	69.738050
1315.000000	69.856122
1314.000000	69.962364
1313.000000	70.050918
1312.000000	70.139140
1311.000000	70.240408
1310.000000	70.318459
1309.000000	70.389103
1308.000000	70.455878
1307.000000	70.508391
1306.000000	70.567427
1305.000000	70.608111
1304.000000	70.629448
1303.000000	70.642161
1302.000000	70.657860
1301.000000	70.661950
1300.000000	70.657639
1299.000000	70.669579
1298.000000	70.665378
1297.000000	70.656865
1296.000000	70.639618
1295.000000	70.618282
1294.000000	70.608442
1293.000000	70.579367
1292.000000	70.531828
1291.000000	70.486943
1290.000000	70.442501
1289.000000	70.391867
1288.000000	70.326198
1287.000000	70.247594
1286.000000	70.165563
1285.000000	70.081210
1284.000000	69.983922
1283.000000	69.899680
1282.000000	69.803166
1281.000000	69.684874
1280.000000	69.606270
1279.000000	69.533636
1278.000000	69.440770
1277.000000	69.352990
1276.000000	69.277371
1275.000000	69.203964
1274.000000	69.140727
1273.000000	69.067982
1272.000000	69.004192
1271.000000	68.957317
1270.000000	68.904473
1269.000000	68.835708
1268.000000	68.766059
1267.000000	68.699505
1266.000000	68.638369
1265.000000	68.574469
1264.000000	68.497413
1263.000000	68.427874
1262.000000	68.358446
1261.000000	68.282385
1260.000000	68.213841
1259.000000	68.143750
1258.000000	68.074764
1257.000000	67.988974
1256.000000	67.913134
1255.000000	67.819495
1254.000000	67.714690
1253.000000	67.603583
1252.000000	67.511713
1251.000000	67.394525
1250.000000	67.280544
1249.000000	67.142904
1248.000000	66.981164
1247.000000	66.841202
1246.000000	66.686869
1245.000000	66.496053
1244.000000	66.301809
1243.000000	66.114862
1242.000000	65.905583
1241.000000	65.700616
1240.000000	65.476855
1239.000000	65.239606
1238.000000	65.019050
1237.000000	64.777932
1236.000000	64.545990
1235.000000	64.294590
1234.000000	64.056898
1233.000000	63.795217
1232.000000	63.556420
1231.000000	63.281251
1230.000000	63.035047
1229.000000	62.772371
1228.000000	62.497533
1227.000000	62.220706
1226.000000	61.950070
1225.000000	61.693584
1224.000000	61.448154
1223.000000	61.189016
1222.000000	60.928108
1221.000000	60.691744
1220.000000	60.448746
1219.000000	60.224874
1218.000000	60.024550
1217.000000	59.811291
1216.000000	59.606434
1215.000000	59.410864
1214.000000	59.224912
1213.000000	59.068147
1212.000000	58.913924
1211.000000	58.737037
1210.000000	58.612443
1209.000000	58.482763
1208.000000	58.367566
1207.000000	58.260328
1206.000000	58.186810
1205.000000	58.125895
1204.000000	58.087753
1203.000000	58.039220
1202.000000	58.014124
1201.000000	57.950556
1200.000000	57.868635
1199.000000	57.737629
1198.000000	57.576551
1197.000000	57.344609
1196.000000	57.051751
1195.000000	56.679847
1194.000000	56.206676
1193.000000	55.630137
1192.000000	54.967807
1191.000000	54.349257
1190.000000	53.743642
1189.000000	53.238853
1188.000000	52.869823
1187.000000	52.682876
1186.000000	52.686193
1185.000000	52.878889
1184.000000	53.255988
1183.000000	53.810749
1182.000000	54.471199
1181.000000	55.206936
1180.000000	55.917246
1179.000000	56.652320
1178.000000	57.226980
1177.000000	57.761951
1176.000000	58.242197
1175.000000	58.669710
1174.000000	59.124640
1173.000000	59.568735
1172.000000	60.064460
1171.000000	60.546807
1170.000000	61.064753
1169.000000	61.541351
1168.000000	62.066483
1167.000000	62.563645
1166.000000	63.125038
1165.000000	63.607165
1164.000000	64.148437
1163.000000	64.688715
1162.000000	65.203123
1161.000000	65.713330
1160.000000	66.193687
1159.000000	66.647401
1158.000000	67.075245
1157.000000	67.494356
1156.000000	67.802138
1155.000000	68.043035
1154.000000	68.215500
1153.000000	68.317099
1152.000000	68.342416
1151.000000	68.377572
1150.000000	68.369280
1149.000000	68.362537
1148.000000	68.402004
1147.000000	68.495423
1146.000000	68.709013
1145.000000	68.985840
1144.000000	69.318276
1143.000000	69.754633
1142.000000	70.198176
1141.000000	70.653991
1140.000000	71.135453
1139.000000	71.625761
1138.000000	72.122369
1137.000000	72.660215
1136.000000	73.167990
1135.000000	73.685714
1134.000000	74.096975
1133.000000	74.439693
1132.000000	74.842331
1131.000000	75.137952
1130.000000	75.452479
1129.000000	75.684089
1128.000000	75.880655
1127.000000	76.021279
1126.000000	76.143110
1125.000000	76.238076
1124.000000	76.357916
1123.000000	76.420822
1122.000000	76.466702
1121.000000	76.512139
1120.000000	76.538893
1119.000000	76.569185
1118.000000	76.580462
1117.000000	76.557798
1116.000000	76.535024
1115.000000	76.513466
1114.000000	76.502189
1113.000000	76.487596
1112.000000	76.466149
1111.000000	76.435194
1110.000000	76.410098
1109.000000	76.390972
1108.000000	76.355926
1107.000000	76.343434
1106.000000	76.296780
1105.000000	76.276438
1104.000000	76.246588
1103.000000	76.214970
1102.000000	76.178155
1101.000000	76.126306
1100.000000	76.103863
1099.000000	76.063179
1098.000000	76.023490
1097.000000	75.966555
1096.000000	75.926866
1095.000000	75.868494
1094.000000	75.810895
1093.000000	75.757829
1092.000000	75.674913
1091.000000	75.630802
1090.000000	75.581495
1089.000000	75.493605
1088.000000	75.430036
1087.000000	75.364699
1086.000000	75.293612
1085.000000	75.233029
1084.000000	75.150998
1083.000000	75.067308
1082.000000	74.990584
1081.000000	74.921709
1080.000000	74.856703
1079.000000	74.792471
1078.000000	74.717515
1077.000000	74.648198
1076.000000	74.585956
1075.000000	74.515975
1074.000000	74.445221
1073.000000	74.370928
1072.000000	74.306696
1071.000000	74.237821
1070.000000	74.166514
1069.000000	74.104051
1068.000000	74.031638
1067.000000	73.950934
1066.000000	73.868460
1065.000000	73.783112
1064.000000	73.716448
1063.000000	73.634970
1062.000000	73.541994
1061.000000	73.452003
1060.000000	73.365550
1059.000000	73.287278
1058.000000	73.206241
1057.000000	73.099667
1056.000000	73.001716
1055.000000	72.901112
1054.000000	72.802387
1053.000000	72.731522
1052.000000	72.651039
1051.000000	72.557952
1050.000000	72.479017
1049.000000	72.409036
1048.000000	72.330211
1047.000000	72.259125
1046.000000	72.188481
1045.000000	72.119384
1044.000000	72.040559
1043.000000	71.956538
1042.000000	71.899824
1041.000000	71.827743
1040.000000	71.761079
1039.000000	71.702375
1038.000000	71.619680
1037.000000	71.533116
1036.000000	71.447990
1035.000000	71.362642
1034.000000	71.257395
1033.000000	71.175363
1032.000000	71.095101
1031.000000	70.986427
1030.000000	70.884385
1029.000000	70.792183
1028.000000	70.698433
1027.000000	70.593849
1026.000000	70.495567
1025.000000	70.390872
1024.000000	70.284187
1023.000000	70.186015
1022.000000	70.081652
1021.000000	69.992324
1020.000000	69.899459
1019.000000	69.804714
1018.000000	69.733849
1017.000000	69.642310
1016.000000	69.554420
1015.000000	69.491294
1014.000000	69.445856
1013.000000	69.394006
1012.000000	69.360840
1011.000000	69.321372
1010.000000	69.293623
1009.000000	69.290748
1008.000000	69.287100
1007.000000	69.278588
1006.000000	69.270517
1005.000000	69.265874
1004.000000	69.264658
1003.000000	69.250507
1002.000000	69.227401
1001.000000	69.209160
1000.000000	69.221873
999.000000	69.218999
998.000000	69.213692
997.000000	69.209712
996.000000	69.194677
995.000000	69.195561
994.000000	69.212145
993.000000	69.218446
992.000000	69.202084
991.000000	69.207612
990.000000	69.216014
989.000000	69.238346
988.000000	69.243100
987.000000	69.254266
986.000000	69.278698
985.000000	69.296055
984.000000	69.314075
983.000000	69.340166
982.000000	69.378086
981.000000	69.375101
980.000000	69.387594
979.000000	69.422197
978.000000	69.437785
977.000000	69.470620
976.000000	69.489967
975.000000	69.490741
974.000000	69.495163
973.000000	69.515726
972.000000	69.558842
971.000000	69.586038
970.000000	69.572993
969.000000	69.580842
968.000000	69.597647
967.000000	69.613566
966.000000	69.634903
965.000000	69.662542
964.000000	69.670612
963.000000	69.714502
962.000000	69.720251
961.000000	69.774422
960.000000	69.786583
959.000000	69.826272
958.000000	69.880112
957.000000	69.889841
956.000000	69.896806
955.000000	69.944676
954.000000	69.941249
953.000000	69.951530
952.000000	69.987350
951.000000	69.953520
950.000000	69.988013
949.000000	69.983480
948.000000	69.992988
947.000000	69.985138
946.000000	70.014878
945.000000	69.985028
944.000000	69.997410
943.000000	70.008465
942.000000	70.018305
941.000000	70.011119
940.000000	70.065069
939.000000	70.058325
938.000000	70.052024
937.000000	70.060426
936.000000	70.082979
935.000000	70.085190
934.000000	70.086848
933.000000	70.144889
932.000000	70.124989
931.000000	70.163794
930.000000	70.167774
929.000000	70.190880
928.000000	70.212327
927.000000	70.211443
926.000000	70.258539
925.000000	70.260971
924.000000	70.288499
923.000000	70.282197
922.000000	70.296680
921.000000	70.297675
920.000000	70.354610
919.000000	70.322218
918.000000	70.307956
917.000000	70.307846
916.000000	70.293695
915.000000	70.265835
914.000000	70.235654
913.000000	70.248036
912.000000	70.215754
911.000000	70.219403
910.000000	70.205030
909.000000	70.198618
908.000000	70.216749
907.000000	70.210558
906.000000	70.236759
905.000000	70.245493
904.000000	70.294800
903.000000	70.320228
902.000000	70.342891
901.000000	70.408450
900.000000	70.363786
899.000000	70.361243
898.000000	70.405023
897.000000	70.435204
896.000000	70.436862
895.000000	70.445817
894.000000	70.456209
893.000000	70.429455
892.000000	70.332057
891.000000	70.280539
890.000000	70.273795
889.000000	70.233775
888.000000	70.096909
887.000000	70.025048
886.000000	69.936052
885.000000	69.818312
884.000000	69.739045
883.000000	69.615667
882.000000	69.480349
881.000000	69.337955
880.000000	69.154435
879.000000	69.016353
878.000000	68.848864
877.000000	68.701274
876.000000	68.504709
875.000000	68.343411
874.000000	68.150494
873.000000	67.978251
872.000000	67.761454
871.000000	67.553060
870.000000	67.232895
869.000000	66.892942
868.000000	66.516616
867.000000	66.186612
866.000000	66.005414
865.000000	65.998559
864.000000	65.996127
863.000000	66.021776
862.000000	66.051515
861.000000	66.059143
860.000000	66.054057
859.000000	66.027524
858.000000	67.090833
857.000000	66.431800
856.000000	67.433300
855.000000	67.407400
854.000000	67.650300
853.000000	67.714100
852.000000	67.402600
851.000000	67.203900
850.000000	67.163900
849.000000	67.496500
848.000000	67.295500
847.000000	67.309600
846.000000	67.554900
845.000000	67.209600
844.000000	67.190400
843.000000	67.077100
842.000000	67.260400
841.000000	67.208000
840.000000	67.162000
839.000000	67.010100
838.000000	66.890500
837.000000	66.870100
836.000000	66.680300
835.000000	66.555300
834.000000	66.614500
833.000000	66.597000
832.000000	66.659800
831.000000	66.291100
830.000000	66.194000
829.000000	66.359000
828.000000	66.262000
827.000000	66.187400
826.000000	65.990400
825.000000	65.902700
824.000000	65.938100
823.000000	65.669300
822.000000	65.542000
821.000000	65.478800
820.000000	65.296000
819.000000	65.171500
818.000000	65.076200
817.000000	64.960500
816.000000	64.824700
815.000000	64.669600
814.000000	64.586000
813.000000	64.300500
812.000000	64.223600
811.000000	63.939200
810.000000	63.900800
809.000000	63.874100
808.000000	63.735900
807.000000	63.489700
806.000000	63.544400
805.000000	63.371100
804.000000	63.242300
803.000000	63.191200
802.000000	63.007800
801.000000	62.882700
800.000000	62.808400
799.000000	62.741400
798.000000	62.668200
797.000000	62.591400
796.000000	62.479300
795.000000	62.321000
794.000000	62.275400
793.000000	62.225400
792.000000	62.146400
791.000000	62.159500
790.000000	62.083500
789.000000	62.052600
788.000000	61.947100
787.000000	61.772600
786.000000	61.776300
785.000000	61.728900
784.000000	61.666200
783.000000	61.686800
782.000000	61.576900
781.000000	61.439700
780.000000	61.363100
779.000000	61.306500
778.000000	61.305200
777.000000	61.257500
776.000000	61.147500
775.000000	61.072500
774.000000	61.062800
773.000000	60.932000
772.000000	60.920700
771.000000	60.867700
770.000000	60.751600
769.000000	60.635700
768.000000	60.513200
767.000000	60.491500
766.000000	60.399300
765.000000	60.286500
764.000000	60.231400
763.000000	60.202600
762.000000	60.075100
761.000000	59.947100
760.000000	59.904300
759.000000	59.795700
758.000000	59.729400
757.000000	59.595900
756.000000	59.572800
755.000000	59.505800
754.000000	59.361100
753.000000	59.263400
752.000000	59.223800
751.000000	59.175600
750.000000	59.002900
749.000000	58.840800
748.000000	58.788400
747.000000	58.729600
746.000000	58.624500
745.000000	58.532600
744.000000	58.464500
743.000000	58.391200
742.000000	58.310300
741.000000	58.234500
740.000000	58.141100
739.000000	58.056500
738.000000	58.051200
737.000000	57.971600
736.000000	57.837700
735.000000	57.701000
734.000000	57.615100
733.000000	57.505400
732.000000	57.401600
731.000000	57.371000
730.000000	57.294100
729.000000	57.216300
728.000000	57.219700
727.000000	57.194000
726.000000	57.074400
725.000000	56.982300
724.000000	56.954500
723.000000	56.918000
722.000000	56.854800
721.000000	56.846500
720.000000	56.787100
719.000000	56.695900
718.000000	56.663600
717.000000	56.608800
716.000000	56.597200
715.000000	56.537600
714.000000	56.471200
713.000000	56.449900
712.000000	56.361900
711.000000	56.276300
710.000000	56.244000
709.000000	56.161600
708.000000	56.062000
707.000000	55.995000
706.000000	55.923200
705.000000	55.832000
704.000000	55.752100
703.000000	55.640900
702.000000	55.537500
701.000000	55.451300
700.000000	55.278600
699.000000	55.139600
698.000000	54.993800
697.000000	54.829400
696.000000	54.644500
695.000000	54.428200
694.000000	54.223600
693.000000	53.989500
692.000000	53.808500
691.000000	53.599400
690.000000	53.397400
689.000000	53.223800
688.000000	53.006800
687.000000	52.775200
686.000000	52.571400
685.000000	52.335300
684.000000	52.120600
683.000000	51.901100
682.000000	51.716600
681.000000	51.493300
680.000000	51.281600
679.000000	51.104400
678.000000	50.916400
677.000000	50.674100
676.000000	50.486100
675.000000	50.298600
674.000000	50.150800
673.000000	49.983400
672.000000	49.821400
671.000000	49.700500
670.000000	49.545400
669.000000	49.402900
668.000000	49.349200
667.000000	49.264800
666.000000	49.177000
665.000000	49.083700
664.000000	49.056000
663.000000	49.023200
662.000000	48.945400
661.000000	48.938100
660.000000	48.905800
659.000000	48.899200
658.000000	48.892200
657.000000	48.844000
656.000000	48.882900
655.000000	48.816900
654.000000	48.748800
653.000000	48.638700
652.000000	48.574600
651.000000	48.480500
650.000000	48.399300
649.000000	48.331200
648.000000	48.252200
647.000000	48.126300
646.000000	48.042700
645.000000	47.918800
644.000000	47.798700
643.000000	47.649100
642.000000	47.448900
641.000000	47.294500
640.000000	47.101200
639.000000	46.856700
638.000000	46.619700
637.000000	46.379900
636.000000	46.118100
635.000000	45.843400
634.000000	45.597500
633.000000	45.366700
632.000000	45.167100
631.000000	44.962600
630.000000	44.848500
629.000000	44.764000
628.000000	44.724400
627.000000	44.759200
626.000000	44.783700
625.000000	44.944300
624.000000	45.198000
623.000000	45.402400
622.000000	45.729800
621.000000	46.065800
620.000000	46.441100
619.000000	46.821300
618.000000	47.267700
617.000000	47.724500
616.000000	48.215000
615.000000	48.767000
614.000000	49.293500
613.000000	49.859800
612.000000	50.442800
611.000000	51.058900
610.000000	51.684000
609.000000	52.375900
608.000000	52.971200
607.000000	53.693800
606.000000	54.289000
605.000000	55.035600
604.000000	55.666600
603.000000	56.311300
602.000000	57.001200
601.000000	57.600300
600.000000	58.213600
599.000000	58.758300
598.000000	59.308000
597.000000	59.825000
596.000000	60.247000
595.000000	60.768500
594.000000	61.177100
593.000000	61.599300
592.000000	61.968200
591.000000	62.346200
590.000000	62.677600
589.000000	62.971000
588.000000	63.292300
587.000000	63.531500
586.000000	63.862200
585.000000	64.110700
584.000000	64.349800
583.000000	64.601500
582.000000	64.848700
581.000000	65.026500
580.000000	65.231000
579.000000	65.511500
578.000000	65.680500
577.000000	65.871400
576.000000	66.041800
575.000000	66.225700
574.000000	66.358400
573.000000	66.524200
572.000000	66.611000
571.000000	66.681300
570.000000	66.853300
569.000000	66.899000
568.000000	67.012600
567.000000	67.048200
566.000000	67.033400
565.000000	67.029600
564.000000	66.980800
563.000000	66.984100
562.000000	66.885900
561.000000	66.801600
560.000000	66.712000
559.000000	66.404700
558.000000	66.260500
557.000000	66.122500
556.000000	65.942000
555.000000	65.834300
554.000000	65.675200
553.000000	65.440900
552.000000	65.225800
551.000000	64.997300
550.000000	64.781200
549.000000	64.548200
548.000000	64.250500
547.000000	63.924800
546.000000	63.587400
545.000000	63.223500
544.000000	62.729300
543.000000	62.224600
542.000000	61.704200
541.000000	61.090800
540.000000	60.428800
539.000000	59.720700
538.000000	58.992200
537.000000	58.191500
536.000000	57.385600
535.000000	56.525100
534.000000	55.656400
533.000000	54.744700
532.000000	53.841200
531.000000	52.892200
530.000000	51.953700
529.000000	50.992000
528.000000	50.030000
527.000000	49.065200
526.000000	48.103300
525.000000	47.099800
524.000000	46.083700
523.000000	45.107100
522.000000	44.151400
521.000000	43.174300
520.000000	42.205300
519.000000	41.293600
518.000000	40.410000
517.000000	39.550100
516.000000	38.675900
515.000000	37.845200
514.000000	37.068700
513.000000	36.290900
512.000000	35.531700
511.000000	34.799800
510.000000	34.106400
509.000000	33.431100
508.000000	32.774300
507.000000	32.119400
506.000000	31.523900
505.000000	30.959300
504.000000	30.417000
503.000000	29.840800
502.000000	29.267900
501.000000	28.743400
500.000000	28.225400
499.000000	27.744500
498.000000	27.291500
497.000000	26.820500
496.000000	26.387800
495.000000	25.930500
494.000000	25.503500
493.000000	25.101000
492.000000	24.711300
491.000000	24.346000
490.000000	23.986900
489.000000	23.649700
488.000000	23.314900
487.000000	23.008900
486.000000	22.705000
485.000000	22.398500
484.000000	22.087600
483.000000	21.780200
482.000000	21.502900
481.000000	21.228100
480.000000	20.940900
479.000000	20.639900
478.000000	20.349100
477.000000	20.056700
476.000000	19.756200
475.000000	19.472500
474.000000	19.190000
473.000000	18.911400
472.000000	18.629500
471.000000	18.345500
470.000000	18.081700
469.000000	17.811600
468.000000	17.540900
467.000000	17.294200
466.000000	17.046900
465.000000	16.805300
464.000000	16.546500
463.000000	16.289600
462.000000	16.045000
461.000000	15.816600
460.000000	15.586300
459.000000	15.353900
458.000000	15.140900
457.000000	14.942900
456.000000	14.738200
455.000000	14.545200
454.000000	14.387600
453.000000	14.211600
452.000000	14.052800
451.000000	13.927300
450.000000	13.800200
449.000000	13.678300
448.000000	13.557600
447.000000	13.448600
446.000000	13.358500
445.000000	13.265900
444.000000	13.187600
443.000000	13.129700
442.000000	13.072400
441.000000	13.014200
440.000000	12.952900
439.000000	12.896100
438.000000	12.857800
437.000000	12.824800
436.000000	12.787300
435.000000	12.740800
434.000000	12.695200
433.000000	12.652200
432.000000	12.607500
431.000000	12.551900
430.000000	12.510300
429.000000	12.463300
428.000000	12.402000
427.000000	12.354800
426.000000	12.304300
425.000000	12.234400
424.000000	12.144400
423.000000	12.066400
422.000000	11.980300
421.000000	11.891800
420.000000	11.814400
419.000000	11.721000
418.000000	11.618200
417.000000	11.516000
416.000000	11.389600
415.000000	11.253300
414.000000	11.129100
413.000000	11.025600
412.000000	10.881200
411.000000	10.747500
410.000000	10.621000
409.000000	10.483300
408.000000	10.349200
407.000000	10.203900
406.000000	10.062800
405.000000	9.890300
404.000000	9.720500
403.000000	9.576100
402.000000	9.414500
401.000000	9.252300
400.000000	9.092500
399.000000	8.932100
398.000000	8.765600
397.000000	8.612800
396.000000	8.450900
395.000000	8.276800
394.000000	8.107200
393.000000	7.955900
392.000000	7.799900
391.000000	7.633300
390.000000	7.489300
389.000000	7.340300
388.000000	7.194100
387.000000	7.064500
386.000000	6.931100
385.000000	6.782200
384.000000	6.674300
383.000000	6.565500
382.000000	6.452800
381.000000	6.342100
380.000000	6.247400
379.000000	6.151400
378.000000	6.063100
377.000000	5.991000
376.000000	5.879800
375.000000	5.771100
374.000000	5.709800
373.000000	5.747300
372.000000	5.687600
371.000000	5.624900
370.000000	5.610300
369.000000	5.564700
368.000000	5.445300
367.000000	5.362300
366.000000	5.384200
365.000000	5.452400
364.000000	5.387000
363.000000	5.346600
362.000000	5.397400
361.000000	5.366400
360.000000	5.324400
359.000000	5.294100
358.000000	5.251200
357.000000	5.276100
356.000000	5.224800
355.000000	5.186400
354.000000	5.202900
353.000000	5.194100
352.000000	5.235300
351.000000	5.168100
350.000000	5.191700
349.000000	5.200400
348.000000	5.176300
347.000000	5.193100
346.000000	5.118500
345.000000	5.148100
344.000000	5.147600
343.000000	5.069700
342.000000	5.093700
341.000000	5.078200
340.000000	5.114000
339.000000	5.114700
338.000000	5.083900
337.000000	5.041300
336.000000	5.129700
335.000000	5.046300
334.000000	5.051200
333.000000	5.164900
332.000000	5.057900
331.000000	5.184400
330.000000	5.175200
329.000000	5.133800
328.000000	4.960200
327.000000	5.112400
326.000000	5.034100
325.000000	5.107200
324.000000	5.247200
323.000000	5.186500
322.000000	5.170400
321.000000	5.100200
320.000000	5.116200
319.000000	5.402100
318.000000	5.155300
317.000000	5.137300
316.000000	5.164600
315.000000	5.159700
314.000000	5.190800
313.000000	5.187000
312.000000	5.233500
311.000000	5.242200
310.000000	5.194600
309.000000	5.209400
308.000000	5.206500
307.000000	5.230900
306.000000	5.258500
305.000000	5.252900
304.000000	5.234000
303.000000	5.244700
302.000000	5.245200
301.000000	5.306400
300.000000	5.311400
299.000000	5.303600
298.000000	5.295300
297.000000	5.306200
296.000000	5.365000
295.000000	5.322600
294.000000	5.309600
293.000000	5.326100
292.000000	5.360200
291.000000	5.388900
290.000000	5.394400
289.000000	5.361800
288.000000	5.433700
287.000000	5.476500
286.000000	5.401300
285.000000	5.428300
284.000000	5.432100
283.000000	5.483400
282.000000	5.493800
281.000000	5.491200
280.000000	5.504800
279.000000	5.510000
278.000000	5.526800
277.000000	5.528000
276.000000	5.553900
275.000000	5.562100
274.000000	5.590300
273.000000	5.583600
272.000000	5.591500
271.000000	5.615000
270.000000	5.670600
269.000000	5.669300
268.000000	5.656100
267.000000	5.704200
266.000000	5.723000
265.000000	5.751900
264.000000	5.789700
263.000000	5.806700
262.000000	5.833900
261.000000	5.850100
260.000000	5.890600
259.000000	5.907300
258.000000	5.938400
257.000000	5.956000
256.000000	5.985400
255.000000	6.001100
254.000000	6.020900
253.000000	6.028500
252.000000	6.112300
251.000000	6.111200
250.000000	6.078200
