PE UV       SUBTECH     SPECTRUM    ASCII       PEDS        4.00        
   -1
CICIMAUCR0225-3.Sample.ASC
24/05/27
16:32:59.00
24/05/27
16:32:59.00
Vinicio Soto Monge
C. resplendens, F
250,000000
1
Lambda 1050
1050L1511233
PerkinElmer UV WinLab 6.3.2.0749 / 2.02.05 Lambda 900 UV/VIS/NIR, Aug  7 2015 09:38:08

0
0
3350/servo 860,8/2
0
0
UV/VIS
1
1
1
DoubleDePol,CommonBeamDepol,RBeamAtt,SBeamAtt,60mm sphere, WB InGaAs Detector
0
0
0
0
Program
Program
3350/servo 860,8/2
3350/0,2 860,8/0,2
3350/0,2 860,8/0,2
0
15.00
 
 
 
0
 
860,8
319,2
860,8
Front
100
on
S:100 R:100
0
0
0
0
 
0
 
 
 
0
 
 
0
0
0
0
0
 
 
 
 
0
0


0
0
#HDR
-1
-1
#GR
nm
%R
1.0
0.0
2500,000000
-1,000000
2251
8
72,869500
5,660100
#DATA
250.000000	6.505036
251.000000	6.483352
252.000000	6.472988
253.000000	6.448349
254.000000	6.430904
255.000000	6.414207
256.000000	6.375278
257.000000	6.354886
258.000000	6.351545
259.000000	6.359228
260.000000	6.309011
261.000000	6.291699
262.000000	6.281050
263.000000	6.247824
264.000000	6.221435
265.000000	6.166956
266.000000	6.128348
267.000000	6.107082
268.000000	6.097233
269.000000	6.088353
270.000000	6.060742
271.000000	6.056552
272.000000	6.039779
273.000000	6.021701
274.000000	6.001107
275.000000	5.992673
276.000000	5.981544
277.000000	5.974778
278.000000	5.942245
279.000000	5.954289
280.000000	5.930334
281.000000	5.909290
282.000000	5.890399
283.000000	5.879569
284.000000	5.889769
285.000000	5.891447
286.000000	5.876182
287.000000	5.865162
288.000000	5.856391
289.000000	5.855581
290.000000	5.850545
291.000000	5.847093
292.000000	5.825767
293.000000	5.825215
294.000000	5.813455
295.000000	5.811373
296.000000	5.807499
297.000000	5.798362
298.000000	5.771325
299.000000	5.773798
300.000000	5.753749
301.000000	5.741527
302.000000	5.728886
303.000000	5.734922
304.000000	5.710276
305.000000	5.692359
306.000000	5.708569
307.000000	5.727716
308.000000	5.723463
309.000000	5.715130
310.000000	5.710007
311.000000	5.695409
312.000000	5.692596
313.000000	5.688470
314.000000	5.650063
315.000000	5.635924
316.000000	5.999815
317.000000	6.443387
318.000000	6.485677
319.000000	6.498132
320.000000	6.358363
321.000000	6.293566
322.000000	6.188175
323.000000	5.871568
324.000000	5.972420
325.000000	5.996633
326.000000	5.796125
327.000000	5.670437
328.000000	5.608921
329.000000	5.679523
330.000000	5.873662
331.000000	6.029725
332.000000	5.824853
333.000000	5.677686
334.000000	5.659481
335.000000	5.634210
336.000000	5.807650
337.000000	5.733459
338.000000	5.637784
339.000000	5.771613
340.000000	5.772649
341.000000	5.785078
342.000000	5.791044
343.000000	5.655143
344.000000	5.643752
345.000000	5.719724
346.000000	5.685910
347.000000	5.668440
348.000000	5.673960
349.000000	5.582298
350.000000	5.562969
351.000000	5.565417
352.000000	5.543896
353.000000	5.637375
354.000000	5.649772
355.000000	5.547162
356.000000	5.537486
357.000000	5.607007
358.000000	5.578189
359.000000	5.607234
360.000000	5.672705
361.000000	5.645672
362.000000	5.672496
363.000000	5.660486
364.000000	5.648880
365.000000	5.639739
366.000000	5.623319
367.000000	5.587279
368.000000	5.638482
369.000000	5.627113
370.000000	5.535922
371.000000	5.604139
372.000000	5.535587
373.000000	5.409232
374.000000	5.373127
375.000000	5.568730
376.000000	5.761042
377.000000	5.827435
378.000000	5.853878
379.000000	5.879303
380.000000	5.904093
381.000000	5.937790
382.000000	5.980137
383.000000	6.024744
384.000000	6.076232
385.000000	6.124795
386.000000	6.179780
387.000000	6.239800
388.000000	6.315864
389.000000	6.386601
390.000000	6.469901
391.000000	6.573235
392.000000	6.657347
393.000000	6.761356
394.000000	6.874946
395.000000	6.995697
396.000000	7.135905
397.000000	7.265146
398.000000	7.404406
399.000000	7.548915
400.000000	7.720322
401.000000	7.893094
402.000000	8.067923
403.000000	8.254171
404.000000	8.443716
405.000000	8.652123
406.000000	8.864449
407.000000	9.073597
408.000000	9.286492
409.000000	9.522080
410.000000	9.750647
411.000000	9.994136
412.000000	10.231204
413.000000	10.472026
414.000000	10.723661
415.000000	10.966628
416.000000	11.231017
417.000000	11.471620
418.000000	11.710031
419.000000	11.947917
420.000000	12.205505
421.000000	12.423389
422.000000	12.657121
423.000000	12.888365
424.000000	13.109081
425.000000	13.314401
426.000000	13.531399
427.000000	13.742660
428.000000	13.919782
429.000000	14.095788
430.000000	14.289318
431.000000	14.456776
432.000000	14.613424
433.000000	14.767718
434.000000	14.920418
435.000000	15.054853
436.000000	15.181898
437.000000	15.295162
438.000000	15.404059
439.000000	15.490732
440.000000	15.591993
441.000000	15.657857
442.000000	15.730407
443.000000	15.780400
444.000000	15.838154
445.000000	15.872360
446.000000	15.876764
447.000000	15.904414
448.000000	15.893021
449.000000	15.888386
450.000000	15.889693
451.000000	15.877781
452.000000	15.844681
453.000000	15.785342
454.000000	15.737649
455.000000	15.705153
456.000000	15.649502
457.000000	15.594667
458.000000	15.540489
459.000000	15.482971
460.000000	15.430317
461.000000	15.382552
462.000000	15.324536
463.000000	15.299867
464.000000	15.262476
465.000000	15.224719
466.000000	15.232016
467.000000	15.238521
468.000000	15.246369
469.000000	15.275532
470.000000	15.330984
471.000000	15.400943
472.000000	15.490472
473.000000	15.603023
474.000000	15.722148
475.000000	15.878063
476.000000	16.053341
477.000000	16.242344
478.000000	16.458510
479.000000	16.678027
480.000000	16.922877
481.000000	17.196391
482.000000	17.487692
483.000000	17.793553
484.000000	18.117969
485.000000	18.434706
486.000000	18.744553
487.000000	19.072216
488.000000	19.391401
489.000000	19.717194
490.000000	20.005361
491.000000	20.323267
492.000000	20.618441
493.000000	20.888204
494.000000	21.149918
495.000000	21.402944
496.000000	21.617889
497.000000	21.860932
498.000000	22.074814
499.000000	22.264054
500.000000	22.440857
501.000000	22.628244
502.000000	22.812838
503.000000	22.988338
504.000000	23.169707
505.000000	23.370567
506.000000	23.565495
507.000000	23.771154
508.000000	23.976881
509.000000	24.214238
510.000000	24.486813
511.000000	24.771759
512.000000	25.108779
513.000000	25.471239
514.000000	25.874872
515.000000	26.321916
516.000000	26.791430
517.000000	27.310241
518.000000	27.892470
519.000000	28.507810
520.000000	29.180355
521.000000	29.935339
522.000000	30.720415
523.000000	31.555045
524.000000	32.441253
525.000000	33.395301
526.000000	34.363772
527.000000	35.361166
528.000000	36.424264
529.000000	37.498026
530.000000	38.635785
531.000000	39.788573
532.000000	40.941597
533.000000	42.134042
534.000000	43.292289
535.000000	44.475094
536.000000	45.637255
537.000000	46.766525
538.000000	47.898673
539.000000	49.011051
540.000000	50.099869
541.000000	51.150739
542.000000	52.180009
543.000000	53.185938
544.000000	54.138738
545.000000	55.064153
546.000000	55.960665
547.000000	56.792664
548.000000	57.598136
549.000000	58.366099
550.000000	59.112566
551.000000	59.849362
552.000000	60.531534
553.000000	61.190900
554.000000	61.830089
555.000000	62.458951
556.000000	63.032813
557.000000	63.590999
558.000000	64.150631
559.000000	64.668960
560.000000	65.194187
561.000000	65.688767
562.000000	66.138999
563.000000	66.575829
564.000000	67.003060
565.000000	67.398205
566.000000	67.781534
567.000000	68.121880
568.000000	68.433937
569.000000	68.738006
570.000000	69.032441
571.000000	69.301894
572.000000	69.538783
573.000000	69.750338
574.000000	69.922629
575.000000	70.076991
576.000000	70.226680
577.000000	70.335793
578.000000	70.427278
579.000000	70.496131
580.000000	70.543489
581.000000	70.562878
582.000000	70.575018
583.000000	70.582333
584.000000	70.536137
585.000000	70.500869
586.000000	70.443957
587.000000	70.368314
588.000000	70.255265
589.000000	70.149454
590.000000	70.030858
591.000000	69.883697
592.000000	69.737248
593.000000	69.572071
594.000000	69.385544
595.000000	69.172559
596.000000	68.980227
597.000000	68.768370
598.000000	68.555465
599.000000	68.317926
600.000000	68.074609
601.000000	67.822551
602.000000	67.541777
603.000000	67.268058
604.000000	66.974588
605.000000	66.665974
606.000000	66.363581
607.000000	66.005841
608.000000	65.640579
609.000000	65.261637
610.000000	64.834750
611.000000	64.403851
612.000000	63.952424
613.000000	63.493315
614.000000	63.011694
615.000000	62.484680
616.000000	61.958759
617.000000	61.450140
618.000000	60.945164
619.000000	60.413492
620.000000	59.874614
621.000000	59.349448
622.000000	58.824164
623.000000	58.312703
624.000000	57.825729
625.000000	57.345145
626.000000	56.867667
627.000000	56.385982
628.000000	55.898055
629.000000	55.421340
630.000000	54.930266
631.000000	54.445424
632.000000	53.953148
633.000000	53.441187
634.000000	52.924521
635.000000	52.402156
636.000000	51.881028
637.000000	51.374717
638.000000	50.830002
639.000000	50.293594
640.000000	49.776608
641.000000	49.260175
642.000000	48.783987
643.000000	48.296817
644.000000	47.826787
645.000000	47.412557
646.000000	47.044050
647.000000	46.712288
648.000000	46.398345
649.000000	46.132809
650.000000	45.918329
651.000000	45.736849
652.000000	45.574453
653.000000	45.453974
654.000000	45.387402
655.000000	45.338430
656.000000	45.308545
657.000000	45.318990
658.000000	45.332889
659.000000	45.364425
660.000000	45.419471
661.000000	45.509266
662.000000	45.651862
663.000000	45.791307
664.000000	45.959412
665.000000	46.171307
666.000000	46.433813
667.000000	46.719067
668.000000	46.995334
669.000000	47.311131
670.000000	47.691239
671.000000	48.059117
672.000000	48.453539
673.000000	48.862081
674.000000	49.303169
675.000000	49.742532
676.000000	50.184487
677.000000	50.631602
678.000000	51.049106
679.000000	51.487219
680.000000	51.916943
681.000000	52.329189
682.000000	52.741677
683.000000	53.150595
684.000000	53.538878
685.000000	53.925290
686.000000	54.289065
687.000000	54.689932
688.000000	55.011031
689.000000	55.316657
690.000000	55.649597
691.000000	55.958084
692.000000	56.266117
693.000000	56.573250
694.000000	56.872599
695.000000	57.134013
696.000000	57.421510
697.000000	57.690274
698.000000	57.950712
699.000000	58.168342
700.000000	58.412741
701.000000	58.651071
702.000000	58.810999
703.000000	59.004552
704.000000	59.210320
705.000000	59.365677
706.000000	59.518862
707.000000	59.688164
708.000000	59.814398
709.000000	59.978343
710.000000	60.124520
711.000000	60.222188
712.000000	60.416103
713.000000	60.548625
714.000000	60.694679
715.000000	60.820598
716.000000	60.931374
717.000000	61.082352
718.000000	61.175070
719.000000	61.283908
720.000000	61.393318
721.000000	61.519168
722.000000	61.580493
723.000000	61.641869
724.000000	61.742832
725.000000	61.859933
726.000000	61.924519
727.000000	62.011464
728.000000	62.041877
729.000000	62.103703
730.000000	62.178632
731.000000	62.283195
732.000000	62.368732
733.000000	62.465015
734.000000	62.557483
735.000000	62.627388
736.000000	62.764149
737.000000	62.855754
738.000000	62.983735
739.000000	63.089247
740.000000	63.203599
741.000000	63.409820
742.000000	63.480689
743.000000	63.650898
744.000000	63.826861
745.000000	64.059703
746.000000	64.149505
747.000000	64.283544
748.000000	64.460171
749.000000	64.669180
750.000000	64.756684
751.000000	64.956739
752.000000	65.156010
753.000000	65.316665
754.000000	65.467828
755.000000	65.629660
756.000000	65.840581
757.000000	66.059676
758.000000	66.179670
759.000000	66.344720
760.000000	66.574004
761.000000	66.721165
762.000000	66.860828
763.000000	66.932303
764.000000	67.188322
765.000000	67.319317
766.000000	67.521752
767.000000	67.622242
768.000000	67.805030
769.000000	67.950023
770.000000	68.058639
771.000000	68.223262
772.000000	68.355204
773.000000	68.538186
774.000000	68.592919
775.000000	68.701117
776.000000	68.817867
777.000000	68.989624
778.000000	69.122067
779.000000	69.167405
780.000000	69.238649
781.000000	69.517266
782.000000	69.518451
783.000000	69.494972
784.000000	69.593268
785.000000	69.592499
786.000000	69.650383
787.000000	69.664931
788.000000	69.629574
789.000000	69.594335
790.000000	69.568070
791.000000	69.659023
792.000000	69.546354
793.000000	69.496986
794.000000	69.519730
795.000000	69.421901
796.000000	69.427988
797.000000	69.323128
798.000000	69.378016
799.000000	69.287284
800.000000	69.194539
801.000000	69.286681
802.000000	69.128643
803.000000	69.212890
804.000000	69.084635
805.000000	69.027951
806.000000	68.964665
807.000000	68.944421
808.000000	68.976551
809.000000	68.955015
810.000000	68.897496
811.000000	68.767571
812.000000	68.752762
813.000000	68.732937
814.000000	68.664212
815.000000	68.560419
816.000000	68.549707
817.000000	68.459545
818.000000	68.482450
819.000000	68.438691
820.000000	68.349405
821.000000	68.178182
822.000000	68.150358
823.000000	67.917345
824.000000	67.910114
825.000000	67.840324
826.000000	67.688416
827.000000	67.461626
828.000000	67.294658
829.000000	67.260794
830.000000	66.954889
831.000000	66.838825
832.000000	66.805314
833.000000	66.653924
834.000000	66.274977
835.000000	66.190705
836.000000	65.951281
837.000000	65.736632
838.000000	65.629287
839.000000	65.638641
840.000000	65.474175
841.000000	65.369219
842.000000	65.092912
843.000000	64.824067
844.000000	64.633304
845.000000	64.577150
846.000000	64.401850
847.000000	64.196607
848.000000	64.022517
849.000000	64.294715
850.000000	64.007599
851.000000	63.773942
852.000000	63.690745
853.000000	63.631253
854.000000	63.357070
855.000000	63.513460
856.000000	63.240701
857.000000	62.622773
858.000000	62.839167
859.000000	62.687600
860.000000	62.529033
861.000000	62.381367
862.000000	62.235033
863.000000	62.084800
864.000000	61.926267
865.000000	61.782333
866.000000	61.639900
867.000000	61.498733
868.000000	61.364267
869.000000	61.203200
870.000000	61.085533
871.000000	61.054133
872.000000	61.135433
873.000000	61.263433
874.000000	61.362267
875.000000	61.405967
876.000000	61.439933
877.000000	61.473367
878.000000	61.489533
879.000000	61.466533
880.000000	61.435067
881.000000	61.411033
882.000000	61.371900
883.000000	61.324267
884.000000	61.285933
885.000000	61.229633
886.000000	61.179000
887.000000	61.125367
888.000000	61.066267
889.000000	61.001767
890.000000	60.933333
891.000000	60.876733
892.000000	60.807133
893.000000	60.726300
894.000000	60.656233
895.000000	60.569833
896.000000	60.484600
897.000000	60.389100
898.000000	60.302800
899.000000	60.223000
900.000000	60.132000
901.000000	60.038933
902.000000	59.961467
903.000000	59.895633
904.000000	59.828400
905.000000	59.765133
906.000000	59.707100
907.000000	59.658833
908.000000	59.614233
909.000000	59.580000
910.000000	59.552200
911.000000	59.523433
912.000000	59.501867
913.000000	59.484800
914.000000	59.455600
915.000000	59.426633
916.000000	59.400833
917.000000	59.377367
918.000000	59.345000
919.000000	59.299400
920.000000	59.262833
921.000000	59.223500
922.000000	59.182300
923.000000	59.145267
924.000000	59.106067
925.000000	59.073833
926.000000	59.031500
927.000000	58.988100
928.000000	58.952967
929.000000	58.910267
930.000000	58.860267
931.000000	58.810867
932.000000	58.757600
933.000000	58.697200
934.000000	58.638633
935.000000	58.583367
936.000000	58.517500
937.000000	58.455500
938.000000	58.383367
939.000000	58.305633
940.000000	58.242400
941.000000	58.184000
942.000000	58.120367
943.000000	58.054833
944.000000	57.995833
945.000000	57.937267
946.000000	57.881233
947.000000	57.817300
948.000000	57.766467
949.000000	57.723200
950.000000	57.667800
951.000000	57.615833
952.000000	57.562400
953.000000	57.503033
954.000000	57.457933
955.000000	57.402767
956.000000	57.329100
957.000000	57.267767
958.000000	57.211700
959.000000	57.142967
960.000000	57.068433
961.000000	56.997033
962.000000	56.938033
963.000000	56.875533
964.000000	56.806733
965.000000	56.754400
966.000000	56.694200
967.000000	56.639467
968.000000	56.590533
969.000000	56.546167
970.000000	56.507200
971.000000	56.462167
972.000000	56.425000
973.000000	56.375667
974.000000	56.324100
975.000000	56.278767
976.000000	56.230667
977.000000	56.184267
978.000000	56.140300
979.000000	56.095433
980.000000	56.051667
981.000000	56.010200
982.000000	55.964033
983.000000	55.912400
984.000000	55.870067
985.000000	55.830167
986.000000	55.787900
987.000000	55.751467
988.000000	55.706333
989.000000	55.660000
990.000000	55.629267
991.000000	55.606833
992.000000	55.566300
993.000000	55.534333
994.000000	55.508567
995.000000	55.487967
996.000000	55.461467
997.000000	55.425467
998.000000	55.400200
999.000000	55.380900
1000.000000	55.357333
1001.000000	55.335700
1002.000000	55.298000
1003.000000	55.276000
1004.000000	55.259200
1005.000000	55.234300
1006.000000	55.197567
1007.000000	55.163533
1008.000000	55.143967
1009.000000	55.129300
1010.000000	55.106100
1011.000000	55.086367
1012.000000	55.076200
1013.000000	55.071267
1014.000000	55.064033
1015.000000	55.072967
1016.000000	55.080200
1017.000000	55.086333
1018.000000	55.105467
1019.000000	55.124133
1020.000000	55.139633
1021.000000	55.162433
1022.000000	55.190800
1023.000000	55.217467
1024.000000	55.240300
1025.000000	55.269067
1026.000000	55.300033
1027.000000	55.323633
1028.000000	55.351933
1029.000000	55.374767
1030.000000	55.386733
1031.000000	55.410133
1032.000000	55.431867
1033.000000	55.457667
1034.000000	55.484167
1035.000000	55.499567
1036.000000	55.525467
1037.000000	55.541633
1038.000000	55.556233
1039.000000	55.569100
1040.000000	55.598033
1041.000000	55.600333
1042.000000	55.620233
1043.000000	55.644133
1044.000000	55.657633
1045.000000	55.678367
1046.000000	55.694200
1047.000000	55.715867
1048.000000	55.728000
1049.000000	55.760333
1050.000000	55.774000
1051.000000	55.804133
1052.000000	55.821233
1053.000000	55.861667
1054.000000	55.884500
1055.000000	55.928367
1056.000000	55.951500
1057.000000	55.973200
1058.000000	56.006300
1059.000000	56.050233
1060.000000	56.072967
1061.000000	56.107600
1062.000000	56.117533
1063.000000	56.145533
1064.000000	56.171767
1065.000000	56.194900
1066.000000	56.227167
1067.000000	56.242133
1068.000000	56.274600
1069.000000	56.289967
1070.000000	56.306833
1071.000000	56.330267
1072.000000	56.358800
1073.000000	56.378967
1074.000000	56.405667
1075.000000	56.430833
1076.000000	56.444533
1077.000000	56.466667
1078.000000	56.484867
1079.000000	56.508900
1080.000000	56.546500
1081.000000	56.572067
1082.000000	56.595633
1083.000000	56.625500
1084.000000	56.659033
1085.000000	56.661433
1086.000000	56.698633
1087.000000	56.719800
1088.000000	56.743233
1089.000000	56.769000
1090.000000	56.791367
1091.000000	56.799300
1092.000000	56.823833
1093.000000	56.835767
1094.000000	56.855433
1095.000000	56.860567
1096.000000	56.881333
1097.000000	56.901367
1098.000000	56.903867
1099.000000	56.905933
1100.000000	56.913067
1101.000000	56.920733
1102.000000	56.916967
1103.000000	56.920933
1104.000000	56.911267
1105.000000	56.918267
1106.000000	56.917167
1107.000000	56.935300
1108.000000	56.919133
1109.000000	56.921533
1110.000000	56.917233
1111.000000	56.915233
1112.000000	56.910733
1113.000000	56.912700
1114.000000	56.909500
1115.000000	56.909800
1116.000000	56.907667
1117.000000	56.888567
1118.000000	56.861633
1119.000000	56.829800
1120.000000	56.789100
1121.000000	56.758333
1122.000000	56.706000
1123.000000	56.641667
1124.000000	56.565433
1125.000000	56.475300
1126.000000	56.377467
1127.000000	56.268867
1128.000000	56.115967
1129.000000	55.939167
1130.000000	55.723567
1131.000000	55.475900
1132.000000	55.235200
1133.000000	54.993133
1134.000000	54.699867
1135.000000	54.388900
1136.000000	54.071167
1137.000000	53.775167
1138.000000	53.492900
1139.000000	53.208333
1140.000000	52.944433
1141.000000	52.688433
1142.000000	52.444667
1143.000000	52.214133
1144.000000	52.033900
1145.000000	51.872500
1146.000000	51.769233
1147.000000	51.698533
1148.000000	51.642433
1149.000000	51.589767
1150.000000	51.542133
1151.000000	51.489733
1152.000000	51.421933
1153.000000	51.319767
1154.000000	51.172233
1155.000000	51.001933
1156.000000	50.802667
1157.000000	50.575400
1158.000000	50.331933
1159.000000	50.076267
1160.000000	49.812933
1161.000000	49.552433
1162.000000	49.283033
1163.000000	49.012533
1164.000000	48.742900
1165.000000	48.477267
1166.000000	48.216633
1167.000000	47.965833
1168.000000	47.713267
1169.000000	47.462700
1170.000000	47.215300
1171.000000	46.983933
1172.000000	46.749600
1173.000000	46.526700
1174.000000	46.307300
1175.000000	46.085333
1176.000000	45.843433
1177.000000	45.568300
1178.000000	45.252467
1179.000000	44.912567
1180.000000	44.563133
1181.000000	44.228067
1182.000000	43.930233
1183.000000	43.696733
1184.000000	43.556000
1185.000000	43.510567
1186.000000	43.541000
1187.000000	43.662200
1188.000000	43.852067
1189.000000	44.108633
1190.000000	44.404400
1191.000000	44.709033
1192.000000	44.997300
1193.000000	45.253767
1194.000000	45.461467
1195.000000	45.622833
1196.000000	45.758300
1197.000000	45.855900
1198.000000	45.925900
1199.000000	45.978167
1200.000000	46.016733
1201.000000	46.047867
1202.000000	46.071967
1203.000000	46.096867
1204.000000	46.130200
1205.000000	46.167300
1206.000000	46.220500
1207.000000	46.284800
1208.000000	46.350367
1209.000000	46.430500
1210.000000	46.518200
1211.000000	46.606300
1212.000000	46.696033
1213.000000	46.791433
1214.000000	46.889867
1215.000000	46.995300
1216.000000	47.103633
1217.000000	47.213067
1218.000000	47.326567
1219.000000	47.446000
1220.000000	47.577300
1221.000000	47.712233
1222.000000	47.846500
1223.000000	47.981700
1224.000000	48.112633
1225.000000	48.250767
1226.000000	48.387767
1227.000000	48.522767
1228.000000	48.658733
1229.000000	48.793867
1230.000000	48.923033
1231.000000	49.050800
1232.000000	49.176467
1233.000000	49.297000
1234.000000	49.416333
1235.000000	49.537400
1236.000000	49.650400
1237.000000	49.763833
1238.000000	49.874767
1239.000000	49.980967
1240.000000	50.084900
1241.000000	50.185200
1242.000000	50.284967
1243.000000	50.380900
1244.000000	50.469233
1245.000000	50.553433
1246.000000	50.634200
1247.000000	50.708733
1248.000000	50.781233
1249.000000	50.852200
1250.000000	50.916067
1251.000000	50.964733
1252.000000	51.015233
1253.000000	51.062933
1254.000000	51.112233
1255.000000	51.158167
1256.000000	51.191167
1257.000000	51.220333
1258.000000	51.263900
1259.000000	51.300433
1260.000000	51.331233
1261.000000	51.362033
1262.000000	51.397900
1263.000000	51.423567
1264.000000	51.453233
1265.000000	51.483867
1266.000000	51.514567
1267.000000	51.548067
1268.000000	51.573400
1269.000000	51.603700
1270.000000	51.630133
1271.000000	51.668633
1272.000000	51.692267
1273.000000	51.714033
1274.000000	51.754133
1275.000000	51.788200
1276.000000	51.824767
1277.000000	51.857633
1278.000000	51.907800
1279.000000	51.947533
1280.000000	51.991367
1281.000000	52.032400
1282.000000	52.074133
1283.000000	52.114333
1284.000000	52.152600
1285.000000	52.192133
1286.000000	52.228900
1287.000000	52.258300
1288.000000	52.287767
1289.000000	52.304867
1290.000000	52.323833
1291.000000	52.338667
1292.000000	52.347467
1293.000000	52.343733
1294.000000	52.346800
1295.000000	52.340900
1296.000000	52.334300
1297.000000	52.325267
1298.000000	52.310333
1299.000000	52.290767
1300.000000	52.276433
1301.000000	52.259467
1302.000000	52.233800
1303.000000	52.204633
1304.000000	52.178933
1305.000000	52.129400
1306.000000	52.093467
1307.000000	52.045300
1308.000000	51.993500
1309.000000	51.931467
1310.000000	51.865367
1311.000000	51.795133
1312.000000	51.723333
1313.000000	51.652367
1314.000000	51.574333
1315.000000	51.487633
1316.000000	51.399700
1317.000000	51.315533
1318.000000	51.217667
1319.000000	51.119533
1320.000000	51.011133
1321.000000	50.905900
1322.000000	50.797733
1323.000000	50.677800
1324.000000	50.557100
1325.000000	50.428167
1326.000000	50.298567
1327.000000	50.155767
1328.000000	50.020800
1329.000000	49.869800
1330.000000	49.700933
1331.000000	49.538033
1332.000000	49.369433
1333.000000	49.185400
1334.000000	48.995767
1335.000000	48.808933
1336.000000	48.612300
1337.000000	48.415967
1338.000000	48.210533
1339.000000	47.997367
1340.000000	47.788867
1341.000000	47.557900
1342.000000	47.328500
1343.000000	47.103100
1344.000000	46.854033
1345.000000	46.590800
1346.000000	46.354667
1347.000000	46.086700
1348.000000	45.791833
1349.000000	45.493400
1350.000000	45.176767
1351.000000	44.819400
1352.000000	44.424600
1353.000000	44.157600
1354.000000	43.866733
1355.000000	43.601933
1356.000000	43.423600
1357.000000	43.303267
1358.000000	43.226867
1359.000000	43.127867
1360.000000	43.140400
1361.000000	43.055067
1362.000000	42.936067
1363.000000	42.764233
1364.000000	42.637267
1365.000000	42.476333
1366.000000	42.323000
1367.000000	42.139233
1368.000000	41.931700
1369.000000	41.693833
1370.000000	41.474633
1371.000000	41.226800
1372.000000	40.962667
1373.000000	40.721000
1374.000000	40.517367
1375.000000	40.363000
1376.000000	40.230867
1377.000000	40.093233
1378.000000	39.984333
1379.000000	39.820500
1380.000000	39.652333
1381.000000	39.389200
1382.000000	39.090700
1383.000000	38.688600
1384.000000	38.312767
1385.000000	37.929667
1386.000000	37.601333
1387.000000	37.305133
1388.000000	36.987067
1389.000000	36.702167
1390.000000	36.486067
1391.000000	36.265133
1392.000000	36.051767
1393.000000	35.857033
1394.000000	35.700967
1395.000000	35.489567
1396.000000	35.212733
1397.000000	34.942167
1398.000000	34.741400
1399.000000	34.538300
1400.000000	34.255000
1401.000000	33.900000
1402.000000	33.581733
1403.000000	33.265767
1404.000000	32.975833
1405.000000	32.664700
1406.000000	32.353733
1407.000000	32.067733
1408.000000	31.771567
1409.000000	31.488367
1410.000000	31.187967
1411.000000	30.928133
1412.000000	30.715133
1413.000000	30.509633
1414.000000	30.302167
1415.000000	30.053700
1416.000000	29.830333
1417.000000	29.646867
1418.000000	29.476700
1419.000000	29.285167
1420.000000	29.076733
1421.000000	28.872933
1422.000000	28.708633
1423.000000	28.540133
1424.000000	28.355400
1425.000000	28.176967
1426.000000	28.015600
1427.000000	27.884000
1428.000000	27.743967
1429.000000	27.603033
1430.000000	27.478000
1431.000000	27.365767
1432.000000	27.252667
1433.000000	27.135233
1434.000000	27.021633
1435.000000	26.913633
1436.000000	26.814500
1437.000000	26.724267
1438.000000	26.623900
1439.000000	26.528833
1440.000000	26.433300
1441.000000	26.327400
1442.000000	26.237133
1443.000000	26.140033
1444.000000	26.067167
1445.000000	25.983100
1446.000000	25.893267
1447.000000	25.792867
1448.000000	25.711333
1449.000000	25.646333
1450.000000	25.574733
1451.000000	25.499000
1452.000000	25.413400
1453.000000	25.330433
1454.000000	25.269300
1455.000000	25.211633
1456.000000	25.145467
1457.000000	25.076667
1458.000000	25.022767
1459.000000	24.980900
1460.000000	24.936533
1461.000000	24.891333
1462.000000	24.860800
1463.000000	24.827833
1464.000000	24.787667
1465.000000	24.765067
1466.000000	24.747833
1467.000000	24.716833
1468.000000	24.691233
1469.000000	24.692800
1470.000000	24.679767
1471.000000	24.663833
1472.000000	24.644167
1473.000000	24.622167
1474.000000	24.604700
1475.000000	24.587433
1476.000000	24.584933
1477.000000	24.583967
1478.000000	24.581300
1479.000000	24.580000
1480.000000	24.584933
1481.000000	24.584767
1482.000000	24.593167
1483.000000	24.598867
1484.000000	24.614300
1485.000000	24.638933
1486.000000	24.657667
1487.000000	24.673967
1488.000000	24.695233
1489.000000	24.709033
1490.000000	24.719500
1491.000000	24.736633
1492.000000	24.757767
1493.000000	24.776667
1494.000000	24.792033
1495.000000	24.824800
1496.000000	24.858667
1497.000000	24.888500
1498.000000	24.923233
1499.000000	24.957600
1500.000000	24.991333
1501.000000	25.029400
1502.000000	25.066500
1503.000000	25.106600
1504.000000	25.156133
1505.000000	25.200200
1506.000000	25.246000
1507.000000	25.291800
1508.000000	25.337333
1509.000000	25.380533
1510.000000	25.426133
1511.000000	25.469900
1512.000000	25.512167
1513.000000	25.554667
1514.000000	25.592800
1515.000000	25.626833
1516.000000	25.672200
1517.000000	25.713767
1518.000000	25.742500
1519.000000	25.779367
1520.000000	25.816300
1521.000000	25.847300
1522.000000	25.876400
1523.000000	25.914400
1524.000000	25.943600
1525.000000	25.965600
1526.000000	25.993300
1527.000000	26.023400
1528.000000	26.047267
1529.000000	26.073833
1530.000000	26.095833
1531.000000	26.113833
1532.000000	26.133867
1533.000000	26.158033
1534.000000	26.174267
1535.000000	26.194667
1536.000000	26.207233
1537.000000	26.223167
1538.000000	26.240300
1539.000000	26.248367
1540.000000	26.255667
1541.000000	26.267900
1542.000000	26.283600
1543.000000	26.300867
1544.000000	26.320833
1545.000000	26.341133
1546.000000	26.368200
1547.000000	26.389400
1548.000000	26.411533
1549.000000	26.432333
1550.000000	26.456567
1551.000000	26.476133
1552.000000	26.492467
1553.000000	26.504567
1554.000000	26.524200
1555.000000	26.541533
1556.000000	26.544500
1557.000000	26.551533
1558.000000	26.553800
1559.000000	26.546000
1560.000000	26.544167
1561.000000	26.544067
1562.000000	26.536033
1563.000000	26.535033
1564.000000	26.522067
1565.000000	26.511233
1566.000000	26.510900
1567.000000	26.495433
1568.000000	26.479767
1569.000000	26.477567
1570.000000	26.473467
1571.000000	26.471433
1572.000000	26.474600
1573.000000	26.480867
1574.000000	26.483300
1575.000000	26.491800
1576.000000	26.505933
1577.000000	26.514133
1578.000000	26.535267
1579.000000	26.566200
1580.000000	26.585600
1581.000000	26.607133
1582.000000	26.637667
1583.000000	26.676967
1584.000000	26.711200
1585.000000	26.741667
1586.000000	26.778533
1587.000000	26.819433
1588.000000	26.858200
1589.000000	26.893733
1590.000000	26.941433
1591.000000	26.976267
1592.000000	27.015233
1593.000000	27.067967
1594.000000	27.117367
1595.000000	27.166100
1596.000000	27.207900
1597.000000	27.264133
1598.000000	27.322767
1599.000000	27.372133
1600.000000	27.430967
1601.000000	27.491167
1602.000000	27.537300
1603.000000	27.601800
1604.000000	27.665700
1605.000000	27.721200
1606.000000	27.775433
1607.000000	27.834933
1608.000000	27.893933
1609.000000	27.941600
1610.000000	28.001567
1611.000000	28.057300
1612.000000	28.110267
1613.000000	28.175400
1614.000000	28.219733
1615.000000	28.283467
1616.000000	28.342900
1617.000000	28.396500
1618.000000	28.447133
1619.000000	28.508500
1620.000000	28.569367
1621.000000	28.629967
1622.000000	28.685767
1623.000000	28.743833
1624.000000	28.817833
1625.000000	28.876933
1626.000000	28.941300
1627.000000	29.008267
1628.000000	29.070767
1629.000000	29.127033
1630.000000	29.192733
1631.000000	29.256733
1632.000000	29.316533
1633.000000	29.365667
1634.000000	29.407667
1635.000000	29.479467
1636.000000	29.519300
1637.000000	29.566300
1638.000000	29.612333
1639.000000	29.660200
1640.000000	29.709567
1641.000000	29.746000
1642.000000	29.780100
1643.000000	29.824867
1644.000000	29.848533
1645.000000	29.892700
1646.000000	29.924000
1647.000000	29.953200
1648.000000	29.983233
1649.000000	30.006933
1650.000000	30.026867
1651.000000	30.036633
1652.000000	30.033367
1653.000000	30.050500
1654.000000	30.043000
1655.000000	30.036100
1656.000000	30.010133
1657.000000	29.988767
1658.000000	29.969333
1659.000000	29.935067
1660.000000	29.885033
1661.000000	29.831300
1662.000000	29.781400
1663.000000	29.727033
1664.000000	29.631200
1665.000000	29.558667
1666.000000	29.470500
1667.000000	29.366133
1668.000000	29.273733
1669.000000	29.147633
1670.000000	28.993333
1671.000000	28.820933
1672.000000	28.624367
1673.000000	28.402433
1674.000000	28.143300
1675.000000	27.861033
1676.000000	27.520633
1677.000000	27.142900
1678.000000	26.748000
1679.000000	26.363967
1680.000000	25.989200
1681.000000	25.665533
1682.000000	25.418667
1683.000000	25.249367
1684.000000	25.154167
1685.000000	25.104333
1686.000000	25.058067
1687.000000	25.009900
1688.000000	24.954567
1689.000000	24.861400
1690.000000	24.746333
1691.000000	24.633400
1692.000000	24.534700
1693.000000	24.455800
1694.000000	24.429467
1695.000000	24.445533
1696.000000	24.489133
1697.000000	24.572567
1698.000000	24.674467
1699.000000	24.785433
1700.000000	24.899333
1701.000000	24.988700
1702.000000	25.061767
1703.000000	25.124333
1704.000000	25.165633
1705.000000	25.191167
1706.000000	25.218267
1707.000000	25.229367
1708.000000	25.214933
1709.000000	25.205200
1710.000000	25.176000
1711.000000	25.128533
1712.000000	25.078333
1713.000000	25.008833
1714.000000	24.938600
1715.000000	24.853400
1716.000000	24.782267
1717.000000	24.716733
1718.000000	24.652867
1719.000000	24.608933
1720.000000	24.568067
1721.000000	24.536267
1722.000000	24.496967
1723.000000	24.444700
1724.000000	24.403567
1725.000000	24.345333
1726.000000	24.278200
1727.000000	24.207467
1728.000000	24.127967
1729.000000	24.058900
1730.000000	24.000367
1731.000000	23.962067
1732.000000	23.955667
1733.000000	23.978267
1734.000000	24.042833
1735.000000	24.142367
1736.000000	24.277767
1737.000000	24.436167
1738.000000	24.613167
1739.000000	24.794833
1740.000000	24.968333
1741.000000	25.148300
1742.000000	25.302767
1743.000000	25.431000
1744.000000	25.555400
1745.000000	25.652733
1746.000000	25.733633
1747.000000	25.797867
1748.000000	25.847700
1749.000000	25.887900
1750.000000	25.900867
1751.000000	25.906467
1752.000000	25.911433
1753.000000	25.896833
1754.000000	25.876100
1755.000000	25.845100
1756.000000	25.795800
1757.000000	25.748000
1758.000000	25.697300
1759.000000	25.646000
1760.000000	25.615133
1761.000000	25.588800
1762.000000	25.579133
1763.000000	25.591400
1764.000000	25.629033
1765.000000	25.683867
1766.000000	25.758467
1767.000000	25.848000
1768.000000	25.945767
1769.000000	26.044067
1770.000000	26.147200
1771.000000	26.248400
1772.000000	26.348767
1773.000000	26.446267
1774.000000	26.530133
1775.000000	26.613567
1776.000000	26.689100
1777.000000	26.762033
1778.000000	26.837733
1779.000000	26.898967
1780.000000	26.959100
1781.000000	27.017133
1782.000000	27.077267
1783.000000	27.140367
1784.000000	27.200867
1785.000000	27.263300
1786.000000	27.308200
1787.000000	27.340767
1788.000000	27.383700
1789.000000	27.431300
1790.000000	27.474900
1791.000000	27.518633
1792.000000	27.561467
1793.000000	27.601633
1794.000000	27.641667
1795.000000	27.681267
1796.000000	27.716833
1797.000000	27.750800
1798.000000	27.789133
1799.000000	27.834400
1800.000000	27.883233
1801.000000	27.934033
1802.000000	27.969400
1803.000000	27.997600
1804.000000	28.032100
1805.000000	28.077533
1806.000000	28.116367
1807.000000	28.151300
1808.000000	28.180833
1809.000000	28.208167
1810.000000	28.249000
1811.000000	28.274633
1812.000000	28.287733
1813.000000	28.291933
1814.000000	28.311667
1815.000000	28.336867
1816.000000	28.332767
1817.000000	28.338433
1818.000000	28.374867
1819.000000	28.413200
1820.000000	28.436467
1821.000000	28.459067
1822.000000	28.460933
1823.000000	28.464367
1824.000000	28.494833
1825.000000	28.550733
1826.000000	28.598033
1827.000000	28.656267
1828.000000	28.720900
1829.000000	28.777800
1830.000000	28.823600
1831.000000	28.858600
1832.000000	28.899333
1833.000000	28.959500
1834.000000	29.024633
1835.000000	29.085400
1836.000000	29.115200
1837.000000	29.153733
1838.000000	29.188333
1839.000000	29.210367
1840.000000	29.234167
1841.000000	29.258867
1842.000000	29.249467
1843.000000	29.243300
1844.000000	29.272400
1845.000000	29.296133
1846.000000	29.360300
1847.000000	29.401967
1848.000000	29.402733
1849.000000	29.405433
1850.000000	29.409900
1851.000000	29.399767
1852.000000	29.400867
1853.000000	29.428900
1854.000000	29.414567
1855.000000	29.388100
1856.000000	29.372167
1857.000000	29.337100
1858.000000	29.282033
1859.000000	29.217200
1860.000000	29.144633
1861.000000	29.046067
1862.000000	28.940733
1863.000000	28.849367
1864.000000	28.769400
1865.000000	28.663367
1866.000000	28.568600
1867.000000	28.439633
1868.000000	28.288467
1869.000000	28.066933
1870.000000	27.857433
1871.000000	27.596367
1872.000000	27.323167
1873.000000	27.010000
1874.000000	26.686633
1875.000000	26.357533
1876.000000	25.999000
1877.000000	25.640833
1878.000000	25.250467
1879.000000	24.851233
1880.000000	24.460767
1881.000000	24.034833
1882.000000	23.608400
1883.000000	23.174800
1884.000000	22.732700
1885.000000	22.318767
1886.000000	21.923033
1887.000000	21.577767
1888.000000	21.208833
1889.000000	20.880233
1890.000000	20.559867
1891.000000	20.195933
1892.000000	19.831667
1893.000000	19.529733
1894.000000	19.228733
1895.000000	18.975067
1896.000000	18.718467
1897.000000	18.426667
1898.000000	18.139833
1899.000000	17.831700
1900.000000	17.544133
1901.000000	17.260600
1902.000000	17.013833
1903.000000	16.761933
1904.000000	16.522333
1905.000000	16.246333
1906.000000	15.982700
1907.000000	15.737867
1908.000000	15.537433
1909.000000	15.352633
1910.000000	15.175533
1911.000000	14.994967
1912.000000	14.792567
1913.000000	14.583900
1914.000000	14.384967
1915.000000	14.214100
1916.000000	14.073867
1917.000000	13.920333
1918.000000	13.784533
1919.000000	13.657167
1920.000000	13.503567
1921.000000	13.357833
1922.000000	13.213467
1923.000000	13.120300
1924.000000	13.030100
1925.000000	12.932267
1926.000000	12.841600
1927.000000	12.764567
1928.000000	12.684700
1929.000000	12.618700
1930.000000	12.549167
1931.000000	12.487567
1932.000000	12.474233
1933.000000	12.436300
1934.000000	12.398000
1935.000000	12.394100
1936.000000	12.384100
1937.000000	12.382467
1938.000000	12.372133
1939.000000	12.382467
1940.000000	12.396000
1941.000000	12.418400
1942.000000	12.437467
1943.000000	12.472133
1944.000000	12.497667
1945.000000	12.539100
1946.000000	12.583067
1947.000000	12.639533
1948.000000	12.685967
1949.000000	12.735067
1950.000000	12.780467
1951.000000	12.844167
1952.000000	12.910900
1953.000000	12.983700
1954.000000	13.044333
1955.000000	13.109600
1956.000000	13.172100
1957.000000	13.238967
1958.000000	13.297367
1959.000000	13.369733
1960.000000	13.432367
1961.000000	13.516200
1962.000000	13.591933
1963.000000	13.661867
1964.000000	13.726367
1965.000000	13.804533
1966.000000	13.870767
1967.000000	13.940400
1968.000000	14.006933
1969.000000	14.086167
1970.000000	14.159900
1971.000000	14.240500
1972.000000	14.307467
1973.000000	14.386600
1974.000000	14.456367
1975.000000	14.543633
1976.000000	14.621167
1977.000000	14.692633
1978.000000	14.786167
1979.000000	14.867833
1980.000000	14.941133
1981.000000	15.021600
1982.000000	15.097967
1983.000000	15.173300
1984.000000	15.246967
1985.000000	15.329367
1986.000000	15.405600
1987.000000	15.481567
1988.000000	15.556033
1989.000000	15.629033
1990.000000	15.686033
1991.000000	15.754767
1992.000000	15.821800
1993.000000	15.887133
1994.000000	15.948333
1995.000000	15.998433
1996.000000	16.056033
1997.000000	16.103000
1998.000000	16.150900
1999.000000	16.204333
2000.000000	16.252500
2001.000000	16.289533
2002.000000	16.315433
2003.000000	16.347867
2004.000000	16.386333
2005.000000	16.417100
2006.000000	16.431133
2007.000000	16.436100
2008.000000	16.456700
2009.000000	16.479967
2010.000000	16.487600
2011.000000	16.490033
2012.000000	16.499700
2013.000000	16.490600
2014.000000	16.487333
2015.000000	16.476067
2016.000000	16.462800
2017.000000	16.445533
2018.000000	16.437300
2019.000000	16.412700
2020.000000	16.385933
2021.000000	16.363200
2022.000000	16.335700
2023.000000	16.304933
2024.000000	16.270333
2025.000000	16.234567
2026.000000	16.198467
2027.000000	16.152867
2028.000000	16.106367
2029.000000	16.053333
2030.000000	16.004767
2031.000000	15.942200
2032.000000	15.886133
2033.000000	15.824033
2034.000000	15.741100
2035.000000	15.671333
2036.000000	15.584467
2037.000000	15.497500
2038.000000	15.417333
2039.000000	15.327700
2040.000000	15.235200
2041.000000	15.149133
2042.000000	15.042167
2043.000000	14.938267
2044.000000	14.853933
2045.000000	14.755633
2046.000000	14.667833
2047.000000	14.593467
2048.000000	14.525367
2049.000000	14.459267
2050.000000	14.401900
2051.000000	14.361167
2052.000000	14.326500
2053.000000	14.303167
2054.000000	14.287533
2055.000000	14.282367
2056.000000	14.287067
2057.000000	14.293533
2058.000000	14.313800
2059.000000	14.343200
2060.000000	14.369733
2061.000000	14.411067
2062.000000	14.461500
2063.000000	14.497733
2064.000000	14.537933
2065.000000	14.585800
2066.000000	14.631900
2067.000000	14.679100
2068.000000	14.729833
2069.000000	14.777967
2070.000000	14.828800
2071.000000	14.875933
2072.000000	14.911033
2073.000000	14.954833
2074.000000	14.999467
2075.000000	15.041567
2076.000000	15.082133
2077.000000	15.117167
2078.000000	15.154167
2079.000000	15.190600
2080.000000	15.221900
2081.000000	15.249700
2082.000000	15.285100
2083.000000	15.306000
2084.000000	15.321333
2085.000000	15.350033
2086.000000	15.375733
2087.000000	15.396467
2088.000000	15.409667
2089.000000	15.424167
2090.000000	15.440033
2091.000000	15.460200
2092.000000	15.474367
2093.000000	15.487733
2094.000000	15.512333
2095.000000	15.533767
2096.000000	15.555267
2097.000000	15.575800
2098.000000	15.593000
2099.000000	15.613233
2100.000000	15.641433
2101.000000	15.668667
2102.000000	15.696300
2103.000000	15.720600
2104.000000	15.748400
2105.000000	15.780100
2106.000000	15.802367
2107.000000	15.822233
2108.000000	15.849367
2109.000000	15.874900
2110.000000	15.906100
2111.000000	15.930467
2112.000000	15.956533
2113.000000	15.978800
2114.000000	15.989933
2115.000000	16.008867
2116.000000	16.033467
2117.000000	16.052200
2118.000000	16.063800
2119.000000	16.080633
2120.000000	16.091267
2121.000000	16.102500
2122.000000	16.113600
2123.000000	16.126633
2124.000000	16.122600
2125.000000	16.120867
2126.000000	16.123600
2127.000000	16.124400
2128.000000	16.113233
2129.000000	16.101933
2130.000000	16.092167
2131.000000	16.082033
2132.000000	16.064333
2133.000000	16.045333
2134.000000	16.018333
2135.000000	15.990500
2136.000000	15.965633
2137.000000	15.931767
2138.000000	15.902467
2139.000000	15.865233
2140.000000	15.825067
2141.000000	15.797733
2142.000000	15.759300
2143.000000	15.719300
2144.000000	15.674267
2145.000000	15.636967
2146.000000	15.600567
2147.000000	15.552267
2148.000000	15.508467
2149.000000	15.452033
2150.000000	15.406133
2151.000000	15.371800
2152.000000	15.324667
2153.000000	15.278100
2154.000000	15.236700
2155.000000	15.189733
2156.000000	15.148400
2157.000000	15.108133
2158.000000	15.069200
2159.000000	15.033767
2160.000000	14.991833
2161.000000	14.967767
2162.000000	14.936567
2163.000000	14.913500
2164.000000	14.890333
2165.000000	14.858733
2166.000000	14.839800
2167.000000	14.820000
2168.000000	14.807433
2169.000000	14.790533
2170.000000	14.774667
2171.000000	14.763233
2172.000000	14.753167
2173.000000	14.757867
2174.000000	14.747700
2175.000000	14.742700
2176.000000	14.750900
2177.000000	14.752867
2178.000000	14.757133
2179.000000	14.770767
2180.000000	14.771633
2181.000000	14.786267
2182.000000	14.799167
2183.000000	14.812467
2184.000000	14.834267
2185.000000	14.844033
2186.000000	14.856400
2187.000000	14.856200
2188.000000	14.878600
2189.000000	14.877600
2190.000000	14.895667
2191.000000	14.912433
2192.000000	14.912533
2193.000000	14.934267
2194.000000	14.939500
2195.000000	14.955433
2196.000000	14.954400
2197.000000	14.962467
2198.000000	14.996200
2199.000000	15.002533
2200.000000	14.995067
2201.000000	15.025267
2202.000000	15.036800
2203.000000	15.050933
2204.000000	15.069067
2205.000000	15.089467
2206.000000	15.107100
2207.000000	15.126767
2208.000000	15.155933
2209.000000	15.168700
2210.000000	15.185433
2211.000000	15.216667
2212.000000	15.240267
2213.000000	15.272967
2214.000000	15.295633
2215.000000	15.336533
2216.000000	15.368700
2217.000000	15.394867
2218.000000	15.418900
2219.000000	15.444600
2220.000000	15.484467
2221.000000	15.495000
2222.000000	15.514333
2223.000000	15.530100
2224.000000	15.542867
2225.000000	15.539433
2226.000000	15.548200
2227.000000	15.533167
2228.000000	15.526033
2229.000000	15.503567
2230.000000	15.473033
2231.000000	15.455333
2232.000000	15.406767
2233.000000	15.362600
2234.000000	15.320267
2235.000000	15.260767
2236.000000	15.175200
2237.000000	15.107400
2238.000000	15.039067
2239.000000	14.951133
2240.000000	14.849167
2241.000000	14.739100
2242.000000	14.636367
2243.000000	14.512867
2244.000000	14.381733
2245.000000	14.238833
2246.000000	14.084500
2247.000000	13.921133
2248.000000	13.747900
2249.000000	13.555300
2250.000000	13.348533
2251.000000	13.134367
2252.000000	12.921267
2253.000000	12.687333
2254.000000	12.453767
2255.000000	12.210467
2256.000000	11.982500
2257.000000	11.736233
2258.000000	11.505267
2259.000000	11.274000
2260.000000	11.071333
2261.000000	10.875833
2262.000000	10.692367
2263.000000	10.526433
2264.000000	10.379433
2265.000000	10.268233
2266.000000	10.167567
2267.000000	10.075433
2268.000000	10.012567
2269.000000	9.964600
2270.000000	9.927533
2271.000000	9.923467
2272.000000	9.916100
2273.000000	9.934033
2274.000000	9.954200
2275.000000	9.986633
2276.000000	10.018367
2277.000000	10.073567
2278.000000	10.114533
2279.000000	10.163000
2280.000000	10.209533
2281.000000	10.247900
2282.000000	10.304700
2283.000000	10.335367
2284.000000	10.365933
2285.000000	10.387833
2286.000000	10.397033
2287.000000	10.402767
2288.000000	10.384667
2289.000000	10.373833
2290.000000	10.341033
2291.000000	10.286433
2292.000000	10.234267
2293.000000	10.173433
2294.000000	10.101267
2295.000000	10.010567
2296.000000	9.922100
2297.000000	9.833400
2298.000000	9.747300
2299.000000	9.660700
2300.000000	9.586300
2301.000000	9.511967
2302.000000	9.459333
2303.000000	9.428167
2304.000000	9.392467
2305.000000	9.383733
2306.000000	9.402733
2307.000000	9.424167
2308.000000	9.471500
2309.000000	9.536567
2310.000000	9.607233
2311.000000	9.692567
2312.000000	9.790800
2313.000000	9.891800
2314.000000	9.994533
2315.000000	10.116733
2316.000000	10.244433
2317.000000	10.366333
2318.000000	10.482933
2319.000000	10.595433
2320.000000	10.710600
2321.000000	10.813000
2322.000000	10.906467
2323.000000	10.997167
2324.000000	11.081667
2325.000000	11.164200
2326.000000	11.235000
2327.000000	11.296667
2328.000000	11.349600
2329.000000	11.407800
2330.000000	11.452167
2331.000000	11.489033
2332.000000	11.518500
2333.000000	11.543967
2334.000000	11.568500
2335.000000	11.576967
2336.000000	11.567200
2337.000000	11.562633
2338.000000	11.551867
2339.000000	11.525133
2340.000000	11.496233
2341.000000	11.468733
2342.000000	11.435533
2343.000000	11.392067
2344.000000	11.351800
2345.000000	11.313733
2346.000000	11.278000
2347.000000	11.240533
2348.000000	11.210600
2349.000000	11.191533
2350.000000	11.185300
2351.000000	11.182333
2352.000000	11.183600
2353.000000	11.203700
2354.000000	11.230133
2355.000000	11.262933
2356.000000	11.296700
2357.000000	11.336100
2358.000000	11.391033
2359.000000	11.449200
2360.000000	11.505400
2361.000000	11.563200
2362.000000	11.614700
2363.000000	11.668133
2364.000000	11.726667
2365.000000	11.780567
2366.000000	11.825433
2367.000000	11.869967
2368.000000	11.913067
2369.000000	11.947733
2370.000000	11.976700
2371.000000	12.008133
2372.000000	12.029033
2373.000000	12.048200
2374.000000	12.067100
2375.000000	12.083400
2376.000000	12.104867
2377.000000	12.112700
2378.000000	12.117867
2379.000000	12.126500
2380.000000	12.127367
2381.000000	12.131667
2382.000000	12.130533
2383.000000	12.131367
2384.000000	12.131933
2385.000000	12.128300
2386.000000	12.122100
2387.000000	12.096733
2388.000000	12.082067
2389.000000	12.075067
2390.000000	12.052633
2391.000000	12.033300
2392.000000	12.013267
2393.000000	11.985300
2394.000000	11.957167
2395.000000	11.931433
2396.000000	11.904267
2397.000000	11.879633
2398.000000	11.849833
2399.000000	11.824733
2400.000000	11.788033
2401.000000	11.754100
2402.000000	11.715667
2403.000000	11.674667
2404.000000	11.646533
2405.000000	11.628633
2406.000000	11.599667
2407.000000	11.569367
2408.000000	11.542433
2409.000000	11.517467
2410.000000	11.486800
2411.000000	11.461500
2412.000000	11.438000
2413.000000	11.415167
2414.000000	11.386867
2415.000000	11.345033
2416.000000	11.312867
2417.000000	11.287133
2418.000000	11.254633
2419.000000	11.226100
2420.000000	11.192067
2421.000000	11.154233
2422.000000	11.110267
2423.000000	11.079900
2424.000000	11.047533
2425.000000	11.000200
2426.000000	10.956800
2427.000000	10.906633
2428.000000	10.860733
2429.000000	10.815800
2430.000000	10.765300
2431.000000	10.726333
2432.000000	10.665367
2433.000000	10.597300
2434.000000	10.543567
2435.000000	10.493867
2436.000000	10.425367
2437.000000	10.361267
2438.000000	10.285200
2439.000000	10.221067
2440.000000	10.168567
2441.000000	10.093633
2442.000000	10.027567
2443.000000	9.953833
2444.000000	9.872200
2445.000000	9.799233
2446.000000	9.726200
2447.000000	9.656500
2448.000000	9.592000
2449.000000	9.518133
2450.000000	9.454967
2451.000000	9.382733
2452.000000	9.308933
2453.000000	9.254367
2454.000000	9.190133
2455.000000	9.105433
2456.000000	9.075267
2457.000000	9.033533
2458.000000	8.971300
2459.000000	8.927633
2460.000000	8.885700
2461.000000	8.833000
2462.000000	8.818000
2463.000000	8.793467
2464.000000	8.748467
2465.000000	8.736333
2466.000000	8.715600
2467.000000	8.701233
2468.000000	8.688767
2469.000000	8.670200
2470.000000	8.680067
2471.000000	8.687667
2472.000000	8.690033
2473.000000	8.675533
2474.000000	8.658033
2475.000000	8.664667
2476.000000	8.691700
2477.000000	8.661500
2478.000000	8.617633
2479.000000	8.649033
2480.000000	8.640500
2481.000000	8.657567
2482.000000	8.641033
2483.000000	8.671100
2484.000000	8.672600
2485.000000	8.710433
2486.000000	8.716967
2487.000000	8.719233
2488.000000	8.703600
2489.000000	8.708933
2490.000000	8.714633
2491.000000	8.741400
2492.000000	8.741433
2493.000000	8.827867
2494.000000	8.840800
2495.000000	8.859600
2496.000000	8.869200
2497.000000	8.949100
2498.000000	8.895033
2499.000000	8.990900
2500.000000	8.918467
