PE UV       SUBTECH     SPECTRUM    ASCII       PEDS        4.00        
   -1
INBUCR0324-4.Sample.ASC
24/02/09
10:06:04.00
24/02/09
10:06:04.00
Vinicio Soto Monge
COSTA RICA. Prov. Guanacaste. Sector Santa María, 25 km al NE. de Liberia. 790 m. 9-27 OCT 1996. D. Briceño. Foso. L_N_304700_393450 #44748. INBIOCRI002492828.  (Aparentemente Phanaeus pyrois)
250,000000
1
Lambda 1050
1050L1511233
PerkinElmer UV WinLab 6.3.2.0749 / 2.02.05 Lambda 900 UV/VIS/NIR, Aug  7 2015 09:38:08

0
0
3350/servo 860,8/2
0
0
UV/VIS
1
1
1
DoubleDePol,CommonBeamDepol,RBeamAtt,SBeamAtt,60mm sphere, WB InGaAs Detector
0
0
0
0
Program
Program
3350/servo 860,8/2
3350/0,2 860,8/0,2
3350/0,2 860,8/0,2
0
15.00
 
 
 
0
 
860,8
319,2
860,8
Front
100
on
S:100 R:100
0
0
0
0
 
0
 
 
 
0
 
 
0
0
0
0
0
 
 
 
 
0
0


0
0
#HDR
-1
-1
#GR
nm
%R
1.0
0.0
2500,000000
-1,000000
2251
8
17,750600
1,236700
#DATA

250.000000	nan
251.000000	nan
252.000000	nan
253.000000	nan
254.000000	nan
255.000000	nan
256.000000	nan
257.000000	nan
258.000000	nan
259.000000	5.252315
260.000000	5.248356
261.000000	5.243727
262.000000	5.238103
263.000000	5.234035
264.000000	5.228139
265.000000	5.224200
266.000000	5.218932
267.000000	5.211561
268.000000	5.206370
269.000000	5.200127
270.000000	5.194245
271.000000	5.188247
272.000000	5.181783
273.000000	5.176500
274.000000	5.172828
275.000000	5.167951
276.000000	5.164580
277.000000	5.162006
278.000000	5.158138
279.000000	5.156468
280.000000	5.154505
281.000000	5.150980
282.000000	5.148911
283.000000	5.145138
284.000000	5.141382
285.000000	5.138328
286.000000	5.135609
287.000000	5.131904
288.000000	5.129034
289.000000	5.124563
290.000000	5.121248
291.000000	5.119031
292.000000	5.117452
293.000000	5.115631
294.000000	5.113113
295.000000	5.111520
296.000000	5.108905
297.000000	5.108492
298.000000	5.106030
299.000000	5.104135
300.000000	5.102264
301.000000	5.100397
302.000000	5.099434
303.000000	5.097657
304.000000	5.096547
305.000000	5.095238
306.000000	5.095123
307.000000	5.093318
308.000000	5.093598
309.000000	5.093370
310.000000	5.129063
311.000000	5.165677
312.000000	5.198996
313.000000	5.233793
314.000000	5.267644
315.000000	5.302886
316.000000	5.335650
317.000000	5.419751
318.000000	5.507849
319.000000	5.590837
320.000000	5.636006
321.000000	5.678773
322.000000	5.721984
323.000000	5.806413
324.000000	5.850623
325.000000	5.933227
326.000000	6.015842
327.000000	6.050699
328.000000	6.079682
329.000000	6.113376
330.000000	6.142685
331.000000	6.178424
332.000000	6.215321
333.000000	6.213266
334.000000	6.250832
335.000000	6.247372
336.000000	6.244090
337.000000	6.237962
338.000000	6.233822
339.000000	6.234983
340.000000	6.239504
341.000000	6.238542
342.000000	6.234681
343.000000	6.230247
344.000000	6.229780
345.000000	6.229653
346.000000	6.230498
347.000000	6.229745
348.000000	6.229006
349.000000	6.223134
350.000000	6.217700
351.000000	6.215176
352.000000	6.216156
353.000000	6.214621
354.000000	6.210763
355.000000	6.206962
356.000000	6.202411
357.000000	6.199801
358.000000	6.197073
359.000000	6.194903
360.000000	6.194155
361.000000	6.193855
362.000000	6.192236
363.000000	6.190270
364.000000	6.188471
365.000000	6.186763
366.000000	6.186741
367.000000	6.185968
368.000000	6.184057
369.000000	6.182726
370.000000	6.181600
371.000000	6.177407
372.000000	6.172928
373.000000	6.169240
374.000000	6.164171
375.000000	6.159567
376.000000	6.150291
377.000000	6.137119
378.000000	6.125336
379.000000	6.112941
380.000000	6.100674
381.000000	6.089468
382.000000	6.078353
383.000000	6.067608
384.000000	6.058515
385.000000	6.050175
386.000000	6.045490
387.000000	6.045497
388.000000	6.044833
389.000000	6.044313
390.000000	6.043786
391.000000	6.043100
392.000000	6.043077
393.000000	6.043057
394.000000	6.042576
395.000000	6.041838
396.000000	6.041279
397.000000	6.040141
398.000000	6.039072
399.000000	6.037666
400.000000	6.036507
401.000000	6.035331
402.000000	6.034134
403.000000	6.033183
404.000000	6.032367
405.000000	6.031432
406.000000	6.030432
407.000000	6.029360
408.000000	6.028456
409.000000	6.027701
410.000000	6.026922
411.000000	6.026571
412.000000	6.026024
413.000000	6.025432
414.000000	6.024681
415.000000	6.023797
416.000000	6.022902
417.000000	6.022016
418.000000	6.020790
419.000000	6.020031
420.000000	6.019512
421.000000	6.018625
422.000000	6.017931
423.000000	6.017363
424.000000	6.016700
425.000000	6.016107
426.000000	6.015369
427.000000	6.015122
428.000000	6.015005
429.000000	6.014397
430.000000	6.013735
431.000000	6.013221
432.000000	6.012662
433.000000	6.012094
434.000000	6.011649
435.000000	6.011095
436.000000	6.010798
437.000000	6.010322
438.000000	6.009924
439.000000	6.009709
440.000000	6.046077
441.000000	6.045740
442.000000	6.082196
443.000000	6.118556
444.000000	6.154554
445.000000	6.190629
446.000000	6.226710
447.000000	6.262583
448.000000	6.298384
449.000000	6.334176
450.000000	6.333454
451.000000	6.369631
452.000000	6.368866
453.000000	6.367865
454.000000	6.367283
455.000000	6.366888
456.000000	6.366470
457.000000	6.366091
458.000000	6.365639
459.000000	6.365225
460.000000	6.364574
461.000000	6.363602
462.000000	6.362784
463.000000	6.362283
464.000000	6.361831
465.000000	6.361380
466.000000	6.360967
467.000000	6.360519
468.000000	6.360138
469.000000	6.359871
470.000000	6.359811
471.000000	6.359785
472.000000	6.359550
473.000000	6.359291
474.000000	6.358892
475.000000	6.358341
476.000000	6.357759
477.000000	6.357235
478.000000	6.356758
479.000000	6.356136
480.000000	6.355290
481.000000	6.354376
482.000000	6.353158
483.000000	6.351896
484.000000	6.350795
485.000000	6.349751
486.000000	6.348667
487.000000	6.347730
488.000000	6.346925
489.000000	6.346101
490.000000	6.345452
491.000000	6.345009
492.000000	6.345241
493.000000	6.345596
494.000000	6.345898
495.000000	6.346237
496.000000	6.346677
497.000000	6.347220
498.000000	6.347987
499.000000	6.348825
500.000000	6.349549
501.000000	6.350288
502.000000	6.350827
503.000000	6.351433
504.000000	6.352193
505.000000	6.352965
506.000000	6.353617
507.000000	6.354208
508.000000	6.354562
509.000000	6.354766
510.000000	6.355089
511.000000	6.355347
512.000000	6.355576
513.000000	6.355708
514.000000	6.355659
515.000000	6.355367
516.000000	6.355296
517.000000	6.355045
518.000000	6.354672
519.000000	6.354453
520.000000	6.354370
521.000000	6.354383
522.000000	6.354401
523.000000	6.354363
524.000000	6.354488
525.000000	6.354859
526.000000	6.355309
527.000000	6.355853
528.000000	6.356720
529.000000	6.357557
530.000000	6.358376
531.000000	6.359268
532.000000	6.360348
533.000000	6.361703
534.000000	6.363066
535.000000	6.364490
536.000000	6.365819
537.000000	6.367146
538.000000	6.368331
539.000000	6.369909
540.000000	6.371433
541.000000	6.373009
542.000000	6.374450
543.000000	6.375976
544.000000	6.377386
545.000000	6.378845
546.000000	6.380381
547.000000	6.382199
548.000000	6.384240
549.000000	6.385995
550.000000	6.387792
551.000000	6.389759
552.000000	6.391699
553.000000	6.393548
554.000000	6.395527
555.000000	6.397785
556.000000	6.400122
557.000000	6.402319
558.000000	6.404563
559.000000	6.406732
560.000000	6.407231
561.000000	6.407442
562.000000	6.407988
563.000000	6.408497
564.000000	6.409374
565.000000	6.410259
566.000000	6.411310
567.000000	6.412763
568.000000	6.414046
569.000000	6.415718
570.000000	6.419430
571.000000	6.423661
572.000000	6.427971
573.000000	6.432580
574.000000	6.437680
575.000000	6.442643
576.000000	6.447726
577.000000	6.453262
578.000000	6.459256
579.000000	6.465457
580.000000	6.472002
581.000000	6.478796
582.000000	6.486117
583.000000	6.493681
584.000000	6.501184
585.000000	6.509308
586.000000	6.517737
587.000000	6.526104
588.000000	6.535119
589.000000	6.544444
590.000000	6.553795
591.000000	6.563473
592.000000	6.573574
593.000000	6.584012
594.000000	6.594704
595.000000	6.642200
596.000000	6.690047
597.000000	6.738028
598.000000	6.785916
599.000000	6.834086
600.000000	6.882650
601.000000	6.931916
602.000000	6.980966
603.000000	7.030236
604.000000	7.080323
605.000000	7.094457
606.000000	7.108997
607.000000	7.124469
608.000000	7.141251
609.000000	7.158991
610.000000	7.178171
611.000000	7.198248
612.000000	7.219874
613.000000	7.242968
614.000000	7.267094
615.000000	7.291917
616.000000	7.317689
617.000000	7.344785
618.000000	7.372094
619.000000	7.399150
620.000000	7.426059
621.000000	7.452337
622.000000	7.478081
623.000000	7.503151
624.000000	7.526802
625.000000	7.548984
626.000000	7.569731
627.000000	7.588274
628.000000	7.604771
629.000000	7.619847
630.000000	7.633085
631.000000	7.644452
632.000000	7.653359
633.000000	7.660273
634.000000	7.665108
635.000000	7.668593
636.000000	7.670326
637.000000	7.670023
638.000000	7.667994
639.000000	7.664759
640.000000	7.659297
641.000000	7.652295
642.000000	7.644664
643.000000	7.636058
644.000000	7.626509
645.000000	7.616016
646.000000	7.604711
647.000000	7.593548
648.000000	7.581862
649.000000	7.569678
650.000000	7.558168
651.000000	7.547228
652.000000	7.536610
653.000000	7.526925
654.000000	7.518509
655.000000	7.511186
656.000000	7.505704
657.000000	7.501675
658.000000	7.499567
659.000000	7.499347
660.000000	7.500832
661.000000	7.504128
662.000000	7.546095
663.000000	7.589090
664.000000	7.633705
665.000000	7.679610
666.000000	7.726610
667.000000	7.774212
668.000000	7.823365
669.000000	7.873515
670.000000	7.923947
671.000000	7.974471
672.000000	7.988644
673.000000	8.003538
674.000000	8.018293
675.000000	8.032987
676.000000	8.047475
677.000000	8.062117
678.000000	8.076540
679.000000	8.090823
680.000000	8.105240
681.000000	8.119782
682.000000	8.134267
683.000000	8.148945
684.000000	8.163376
685.000000	8.178489
686.000000	8.194408
687.000000	8.210502
688.000000	8.226681
689.000000	8.243279
690.000000	8.260262
691.000000	8.277474
692.000000	8.295394
693.000000	8.313580
694.000000	8.332638
695.000000	8.351916
696.000000	8.371178
697.000000	8.390907
698.000000	8.410940
699.000000	8.468172
700.000000	8.525816
701.000000	8.584387
702.000000	8.642317
703.000000	8.700514
704.000000	8.759094
705.000000	8.818278
706.000000	8.877560
707.000000	8.936643
708.000000	8.996087
709.000000	9.018857
710.000000	9.041680
711.000000	9.064278
712.000000	9.087873
713.000000	9.111432
714.000000	9.134718
715.000000	9.158301
716.000000	9.182059
717.000000	9.206799
718.000000	9.231534
719.000000	9.256399
720.000000	9.282070
721.000000	9.308061
722.000000	9.333636
723.000000	9.359994
724.000000	9.387009
725.000000	9.413823
726.000000	9.441339
727.000000	9.468730
728.000000	9.496392
729.000000	9.560600
730.000000	9.624904
731.000000	9.689833
732.000000	9.754910
733.000000	9.819780
734.000000	9.884808
735.000000	9.950584
736.000000	10.016122
737.000000	10.081509
738.000000	10.146673
739.000000	10.175329
740.000000	10.204508
741.000000	10.233614
742.000000	10.263849
743.000000	10.294464
744.000000	10.325705
745.000000	10.356354
746.000000	10.386962
747.000000	10.418793
748.000000	10.450913
749.000000	10.483111
750.000000	10.515223
751.000000	10.547406
752.000000	10.578696
753.000000	10.646531
754.000000	10.714752
755.000000	10.784192
756.000000	10.854248
757.000000	10.923588
758.000000	10.993549
759.000000	11.063857
760.000000	11.134132
761.000000	11.205410
762.000000	11.277510
763.000000	11.312548
764.000000	11.347164
765.000000	11.381546
766.000000	11.415705
767.000000	11.449806
768.000000	11.484007
769.000000	11.519117
770.000000	11.553704
771.000000	11.587650
772.000000	11.622713
773.000000	11.659057
774.000000	11.695163
775.000000	11.767448
776.000000	11.840485
777.000000	11.913338
778.000000	11.986765
779.000000	12.059610
780.000000	12.133899
781.000000	12.208366
782.000000	12.281837
783.000000	12.355421
784.000000	12.429713
785.000000	12.468277
786.000000	12.506568
787.000000	12.545101
788.000000	12.583223
789.000000	12.621616
790.000000	12.660036
791.000000	12.698276
792.000000	12.736937
793.000000	12.774280
794.000000	12.811954
795.000000	12.849525
796.000000	12.887234
797.000000	12.962868
798.000000	13.038640
799.000000	13.114392
800.000000	13.189973
801.000000	13.266359
802.000000	13.342386
803.000000	13.419612
804.000000	13.496034
805.000000	13.572736
806.000000	13.648159
807.000000	13.687603
808.000000	13.727818
809.000000	13.766904
810.000000	13.806898
811.000000	13.847612
812.000000	13.889614
813.000000	13.929555
814.000000	13.970624
815.000000	14.012011
816.000000	14.053375
817.000000	14.093366
818.000000	14.133942
819.000000	14.174704
820.000000	14.214146
821.000000	14.289503
822.000000	14.362315
823.000000	14.437786
824.000000	14.511915
825.000000	14.584968
826.000000	14.658924
827.000000	14.735752
828.000000	14.810747
829.000000	14.886613
830.000000	14.962552
831.000000	14.999748
832.000000	15.036785
833.000000	15.072079
834.000000	15.110170
835.000000	15.149732
836.000000	15.186655
837.000000	15.223266
838.000000	15.257815
839.000000	15.294026
840.000000	15.329600
841.000000	15.365744
842.000000	15.405585
843.000000	15.443887
844.000000	15.478928
845.000000	15.518730
846.000000	15.555915
847.000000	15.590106
848.000000	15.627302
849.000000	15.664500
850.000000	15.697158
851.000000	15.725505
852.000000	15.752518
853.000000	15.787049
854.000000	15.822557
855.000000	15.846285
856.000000	15.877413
857.000000	15.948149
858.000000	16.456333
859.000000	16.551142
860.000000	16.650180
861.000000	16.729930
862.000000	16.809261
863.000000	16.884136
864.000000	16.959044
865.000000	17.040189
866.000000	17.119509
867.000000	17.159242
868.000000	16.711610
869.000000	16.674225
870.000000	16.638287
871.000000	16.627025
872.000000	16.614382
873.000000	16.575470
874.000000	16.535925
875.000000	16.520275
876.000000	16.503790
877.000000	16.488290
878.000000	16.497018
879.000000	16.506115
880.000000	16.513623
881.000000	16.520922
882.000000	16.528607
883.000000	16.562072
884.000000	16.595363
885.000000	16.578855
886.000000	16.588120
887.000000	16.595620
888.000000	16.603162
889.000000	16.612090
890.000000	16.620530
891.000000	16.629235
892.000000	16.637647
893.000000	16.645210
894.000000	16.652910
895.000000	16.686690
896.000000	16.694927
897.000000	16.702975
898.000000	16.735950
899.000000	16.768430
900.000000	16.776673
901.000000	16.784298
902.000000	16.817102
903.000000	16.824778
904.000000	16.833103
905.000000	16.865720
906.000000	16.873427
907.000000	16.881740
908.000000	16.889630
909.000000	16.897793
910.000000	16.930888
911.000000	16.964725
912.000000	16.973797
913.000000	17.008970
914.000000	17.043852
915.000000	17.052992
916.000000	17.086882
917.000000	17.121930
918.000000	17.156760
919.000000	17.191130
920.000000	17.225338
921.000000	17.260005
922.000000	17.293613
923.000000	17.326028
924.000000	17.358715
925.000000	17.391978
926.000000	17.424983
927.000000	17.458122
928.000000	17.491563
929.000000	17.523855
930.000000	17.532357
931.000000	17.539127
932.000000	17.546202
933.000000	17.579102
934.000000	17.612295
935.000000	17.644678
936.000000	17.653867
937.000000	17.686498
938.000000	17.719278
939.000000	17.752075
940.000000	17.784310
941.000000	17.815812
942.000000	17.847845
943.000000	17.854270
944.000000	17.859892
945.000000	17.866477
946.000000	17.897697
947.000000	17.903992
948.000000	17.909475
949.000000	17.916172
950.000000	17.947640
951.000000	17.980635
952.000000	18.012738
953.000000	18.069900
954.000000	18.127420
955.000000	18.159488
956.000000	18.190450
957.000000	18.221675
958.000000	18.253085
959.000000	18.284920
960.000000	18.317213
961.000000	18.349085
962.000000	18.381363
963.000000	18.387532
964.000000	18.418340
965.000000	18.474287
966.000000	18.505250
967.000000	18.536442
968.000000	18.567640
969.000000	18.598160
970.000000	18.628310
971.000000	18.657615
972.000000	18.687303
973.000000	18.742840
974.000000	18.773468
975.000000	18.803593
976.000000	18.858107
977.000000	18.912457
978.000000	18.967505
979.000000	19.021877
980.000000	19.075192
981.000000	19.129438
982.000000	19.183985
983.000000	19.213025
984.000000	19.241660
985.000000	19.270125
986.000000	19.298955
987.000000	19.328285
988.000000	19.356407
989.000000	19.384045
990.000000	19.412852
991.000000	19.441247
992.000000	19.468580
993.000000	19.496250
994.000000	19.523463
995.000000	19.550975
996.000000	19.579025
997.000000	19.605860
998.000000	19.633273
999.000000	19.661430
1000.000000	19.688842
1001.000000	19.716165
1002.000000	19.743733
1003.000000	19.771085
1004.000000	19.798190
1005.000000	19.825010
1006.000000	19.851213
1007.000000	19.877985
1008.000000	19.904550
1009.000000	19.931168
1010.000000	19.957693
1011.000000	19.983607
1012.000000	20.009392
1013.000000	20.034540
1014.000000	20.060590
1015.000000	20.086073
1016.000000	20.110692
1017.000000	20.135787
1018.000000	20.161470
1019.000000	20.186925
1020.000000	20.212130
1021.000000	20.237765
1022.000000	20.263505
1023.000000	20.289790
1024.000000	20.315293
1025.000000	20.341237
1026.000000	20.367812
1027.000000	20.393403
1028.000000	20.418575
1029.000000	20.443615
1030.000000	20.468562
1031.000000	20.493347
1032.000000	20.517938
1033.000000	20.542022
1034.000000	20.566713
1035.000000	20.591622
1036.000000	20.616285
1037.000000	20.640405
1038.000000	20.664160
1039.000000	20.687980
1040.000000	20.711558
1041.000000	20.735408
1042.000000	20.759600
1043.000000	20.784400
1044.000000	20.808620
1045.000000	20.831945
1046.000000	20.855365
1047.000000	20.879495
1048.000000	20.928540
1049.000000	20.952088
1050.000000	20.975507
1051.000000	20.998147
1052.000000	21.020290
1053.000000	21.066908
1054.000000	21.113300
1055.000000	21.160700
1056.000000	21.208377
1057.000000	21.255907
1058.000000	21.278062
1059.000000	21.325922
1060.000000	21.374085
1061.000000	21.422438
1062.000000	21.470827
1063.000000	21.494392
1064.000000	21.518392
1065.000000	21.541405
1066.000000	21.563755
1067.000000	21.585895
1068.000000	21.607402
1069.000000	21.628922
1070.000000	21.650263
1071.000000	21.671855
1072.000000	21.693442
1073.000000	21.715083
1074.000000	21.735952
1075.000000	21.756763
1076.000000	21.777855
1077.000000	21.798797
1078.000000	21.820405
1079.000000	21.841960
1080.000000	21.863615
1081.000000	21.884548
1082.000000	21.905662
1083.000000	21.925625
1084.000000	21.945998
1085.000000	21.966132
1086.000000	21.985898
1087.000000	22.006547
1088.000000	22.026917
1089.000000	22.047080
1090.000000	22.066582
1091.000000	22.086110
1092.000000	22.105145
1093.000000	22.124515
1094.000000	22.143610
1095.000000	22.163090
1096.000000	22.181980
1097.000000	22.199200
1098.000000	22.217118
1099.000000	22.234323
1100.000000	22.251938
1101.000000	22.269838
1102.000000	22.287723
1103.000000	22.305665
1104.000000	22.323690
1105.000000	22.341260
1106.000000	22.359127
1107.000000	22.377778
1108.000000	22.395482
1109.000000	22.412992
1110.000000	22.430360
1111.000000	22.447358
1112.000000	22.463107
1113.000000	22.479368
1114.000000	22.494785
1115.000000	22.510652
1116.000000	22.526703
1117.000000	22.541933
1118.000000	22.556385
1119.000000	22.570978
1120.000000	22.586115
1121.000000	22.601858
1122.000000	22.618488
1123.000000	22.633975
1124.000000	22.649210
1125.000000	22.663830
1126.000000	22.677130
1127.000000	22.690250
1128.000000	22.704945
1129.000000	22.718780
1130.000000	22.730525
1131.000000	22.739398
1132.000000	22.745930
1133.000000	22.752735
1134.000000	22.761695
1135.000000	22.770888
1136.000000	22.806940
1137.000000	22.814945
1138.000000	22.845620
1139.000000	22.877252
1140.000000	22.908415
1141.000000	22.940602
1142.000000	22.973532
1143.000000	23.006740
1144.000000	23.037973
1145.000000	23.069345
1146.000000	23.073512
1147.000000	23.105925
1148.000000	23.113183
1149.000000	23.120308
1150.000000	23.128898
1151.000000	23.137993
1152.000000	23.148255
1153.000000	23.156580
1154.000000	23.163660
1155.000000	23.169730
1156.000000	23.175825
1157.000000	23.180777
1158.000000	23.185332
1159.000000	23.188110
1160.000000	23.190705
1161.000000	23.191498
1162.000000	23.191063
1163.000000	23.189980
1164.000000	23.188783
1165.000000	23.186625
1166.000000	23.183568
1167.000000	23.180570
1168.000000	23.178428
1169.000000	23.176085
1170.000000	23.172430
1171.000000	23.170120
1172.000000	23.167977
1173.000000	23.166720
1174.000000	23.167210
1175.000000	23.167675
1176.000000	23.169420
1177.000000	23.170105
1178.000000	23.170948
1179.000000	23.172330
1180.000000	23.175413
1181.000000	23.179150
1182.000000	23.183298
1183.000000	23.187002
1184.000000	23.190515
1185.000000	23.194085
1186.000000	23.198405
1187.000000	23.204355
1188.000000	23.210172
1189.000000	23.216683
1190.000000	23.224142
1191.000000	23.231060
1192.000000	23.240680
1193.000000	23.252405
1194.000000	23.264145
1195.000000	23.277133
1196.000000	23.290497
1197.000000	23.304920
1198.000000	23.320695
1199.000000	23.337708
1200.000000	23.353500
1201.000000	23.369653
1202.000000	23.385275
1203.000000	23.400915
1204.000000	23.417283
1205.000000	23.433692
1206.000000	23.449585
1207.000000	23.465725
1208.000000	23.482250
1209.000000	23.497898
1210.000000	23.514260
1211.000000	23.531277
1212.000000	23.547223
1213.000000	23.563480
1214.000000	23.580370
1215.000000	23.597635
1216.000000	23.614152
1217.000000	23.629368
1218.000000	23.644368
1219.000000	23.660225
1220.000000	23.675210
1221.000000	23.689508
1222.000000	23.703492
1223.000000	23.717198
1224.000000	23.729093
1225.000000	23.740367
1226.000000	23.751265
1227.000000	23.763925
1228.000000	23.775510
1229.000000	23.786305
1230.000000	23.796722
1231.000000	23.806157
1232.000000	23.815243
1233.000000	23.823430
1234.000000	23.831392
1235.000000	23.838313
1236.000000	23.845948
1237.000000	23.851385
1238.000000	23.856452
1239.000000	23.861162
1240.000000	23.865890
1241.000000	23.871805
1242.000000	23.877423
1243.000000	23.883498
1244.000000	23.890313
1245.000000	23.898115
1246.000000	23.906133
1247.000000	23.915682
1248.000000	23.926660
1249.000000	23.938347
1250.000000	23.951540
1251.000000	23.966203
1252.000000	23.981563
1253.000000	23.995928
1254.000000	24.010407
1255.000000	24.024437
1256.000000	24.039170
1257.000000	24.053928
1258.000000	24.068468
1259.000000	24.082085
1260.000000	24.094357
1261.000000	24.105340
1262.000000	24.115433
1263.000000	24.126822
1264.000000	24.138535
1265.000000	24.150123
1266.000000	24.160468
1267.000000	24.169277
1268.000000	24.177083
1269.000000	24.185197
1270.000000	24.192615
1271.000000	24.199565
1272.000000	24.206982
1273.000000	24.213862
1274.000000	24.219675
1275.000000	24.250010
1276.000000	24.280292
1277.000000	24.286125
1278.000000	24.292225
1279.000000	24.323040
1280.000000	24.354408
1281.000000	24.386250
1282.000000	24.417920
1283.000000	24.449465
1284.000000	24.480425
1285.000000	24.486835
1286.000000	24.494055
1287.000000	24.526733
1288.000000	24.559615
1289.000000	24.567433
1290.000000	24.575490
1291.000000	24.583430
1292.000000	24.591267
1293.000000	24.598905
1294.000000	24.607295
1295.000000	24.615913
1296.000000	24.624040
1297.000000	24.631728
1298.000000	24.639093
1299.000000	24.646572
1300.000000	24.653830
1301.000000	24.660407
1302.000000	24.666947
1303.000000	24.673920
1304.000000	24.680050
1305.000000	24.685318
1306.000000	24.689982
1307.000000	24.694515
1308.000000	24.699215
1309.000000	24.702803
1310.000000	24.705407
1311.000000	24.707937
1312.000000	24.710335
1313.000000	24.711393
1314.000000	24.711737
1315.000000	24.711858
1316.000000	24.711552
1317.000000	24.709948
1318.000000	24.707628
1319.000000	24.705748
1320.000000	24.703888
1321.000000	24.700570
1322.000000	24.696252
1323.000000	24.692430
1324.000000	24.688825
1325.000000	24.685682
1326.000000	24.681748
1327.000000	24.676497
1328.000000	24.670395
1329.000000	24.663560
1330.000000	24.656425
1331.000000	24.649403
1332.000000	24.641992
1333.000000	24.633892
1334.000000	24.625262
1335.000000	24.615703
1336.000000	24.605882
1337.000000	24.570910
1338.000000	24.535090
1339.000000	24.499688
1340.000000	24.462562
1341.000000	24.424138
1342.000000	24.385247
1343.000000	24.345308
1344.000000	24.304130
1345.000000	24.285470
1346.000000	24.266848
1347.000000	24.250750
1348.000000	24.233713
1349.000000	24.213695
1350.000000	24.193043
1351.000000	24.172840
1352.000000	24.150845
1353.000000	24.128912
1354.000000	24.110410
1355.000000	24.071020
1356.000000	24.031375
1357.000000	24.012420
1358.000000	23.993435
1359.000000	23.972028
1360.000000	23.954488
1361.000000	23.944950
1362.000000	23.937100
1363.000000	23.925275
1364.000000	23.911257
1365.000000	23.895312
1366.000000	23.873265
1367.000000	23.851975
1368.000000	23.829610
1369.000000	23.779877
1370.000000	23.722123
1371.000000	23.650350
1372.000000	23.568072
1373.000000	23.475893
1374.000000	23.368897
1375.000000	23.247700
1376.000000	23.117605
1377.000000	22.950760
1378.000000	22.770558
1379.000000	22.609262
1380.000000	22.448395
1381.000000	22.293340
1382.000000	22.149850
1383.000000	22.022090
1384.000000	21.905952
1385.000000	21.802075
1386.000000	21.713847
1387.000000	21.671370
1388.000000	21.648463
1389.000000	21.638875
1390.000000	21.632705
1391.000000	21.633205
1392.000000	21.638388
1393.000000	21.643800
1394.000000	21.655400
1395.000000	21.679517
1396.000000	21.706975
1397.000000	21.721330
1398.000000	21.728322
1399.000000	21.740237
1400.000000	21.765550
1401.000000	21.784125
1402.000000	21.789657
1403.000000	21.789770
1404.000000	21.788963
1405.000000	21.776995
1406.000000	21.759183
1407.000000	21.744875
1408.000000	21.734230
1409.000000	21.717197
1410.000000	21.684667
1411.000000	21.646453
1412.000000	21.611770
1413.000000	21.580863
1414.000000	21.548315
1415.000000	21.512177
1416.000000	21.471500
1417.000000	21.430583
1418.000000	21.390892
1419.000000	21.352673
1420.000000	21.313658
1421.000000	21.276362
1422.000000	21.242130
1423.000000	21.208385
1424.000000	21.172110
1425.000000	21.135745
1426.000000	21.104675
1427.000000	21.075625
1428.000000	21.044937
1429.000000	21.010768
1430.000000	20.980430
1431.000000	20.955033
1432.000000	20.930555
1433.000000	20.904100
1434.000000	20.877508
1435.000000	20.854510
1436.000000	20.831820
1437.000000	20.810558
1438.000000	20.790060
1439.000000	20.771097
1440.000000	20.753005
1441.000000	20.735087
1442.000000	20.717548
1443.000000	20.700555
1444.000000	20.685580
1445.000000	20.673755
1446.000000	20.662798
1447.000000	20.648827
1448.000000	20.633158
1449.000000	20.619475
1450.000000	20.608105
1451.000000	20.598347
1452.000000	20.585450
1453.000000	20.571957
1454.000000	20.533837
1455.000000	20.518528
1456.000000	20.504033
1457.000000	20.491073
1458.000000	20.478310
1459.000000	20.465827
1460.000000	20.426025
1461.000000	20.382787
1462.000000	20.343345
1463.000000	20.305208
1464.000000	20.292732
1465.000000	20.254887
1466.000000	20.215460
1467.000000	20.176335
1468.000000	20.137855
1469.000000	20.099605
1470.000000	20.088480
1471.000000	20.079410
1472.000000	20.068505
1473.000000	20.058118
1474.000000	20.046028
1475.000000	20.034320
1476.000000	20.023660
1477.000000	20.015210
1478.000000	20.007515
1479.000000	19.999085
1480.000000	19.991010
1481.000000	19.983655
1482.000000	19.976797
1483.000000	19.969835
1484.000000	19.964480
1485.000000	19.959585
1486.000000	19.955345
1487.000000	19.950387
1488.000000	19.945075
1489.000000	19.940878
1490.000000	19.935550
1491.000000	19.929370
1492.000000	19.924120
1493.000000	19.919255
1494.000000	19.915300
1495.000000	19.911372
1496.000000	19.908500
1497.000000	19.905848
1498.000000	19.904940
1499.000000	19.904660
1500.000000	19.905800
1501.000000	19.909160
1502.000000	19.914178
1503.000000	19.920183
1504.000000	19.925913
1505.000000	19.933853
1506.000000	19.943255
1507.000000	19.953515
1508.000000	19.965032
1509.000000	19.977438
1510.000000	19.989247
1511.000000	20.001877
1512.000000	20.015448
1513.000000	20.055250
1514.000000	20.096500
1515.000000	20.137667
1516.000000	20.178645
1517.000000	20.220275
1518.000000	20.262248
1519.000000	20.304495
1520.000000	20.347570
1521.000000	20.389610
1522.000000	20.431130
1523.000000	20.447382
1524.000000	20.463648
1525.000000	20.479833
1526.000000	20.495438
1527.000000	20.510815
1528.000000	20.525825
1529.000000	20.539760
1530.000000	20.553437
1531.000000	20.568413
1532.000000	20.583075
1533.000000	20.597810
1534.000000	20.612277
1535.000000	20.626123
1536.000000	20.639205
1537.000000	20.651810
1538.000000	20.663670
1539.000000	20.675883
1540.000000	20.688118
1541.000000	20.698985
1542.000000	20.709723
1543.000000	20.720458
1544.000000	20.731393
1545.000000	20.743295
1546.000000	20.755960
1547.000000	20.769818
1548.000000	20.785132
1549.000000	20.800985
1550.000000	20.818040
1551.000000	20.836230
1552.000000	20.855157
1553.000000	20.873645
1554.000000	20.891390
1555.000000	20.909075
1556.000000	20.927240
1557.000000	20.944008
1558.000000	20.959175
1559.000000	20.973413
1560.000000	20.985085
1561.000000	20.995395
1562.000000	21.005043
1563.000000	21.013145
1564.000000	21.019562
1565.000000	21.024257
1566.000000	21.027510
1567.000000	21.030122
1568.000000	21.031408
1569.000000	21.031937
1570.000000	21.032627
1571.000000	21.032747
1572.000000	21.032540
1573.000000	21.032587
1574.000000	21.033860
1575.000000	21.035660
1576.000000	21.037533
1577.000000	21.039915
1578.000000	21.043355
1579.000000	21.047710
1580.000000	21.052723
1581.000000	21.058207
1582.000000	21.064158
1583.000000	21.071603
1584.000000	21.079700
1585.000000	21.088000
1586.000000	21.096902
1587.000000	21.107030
1588.000000	21.117825
1589.000000	21.129033
1590.000000	21.140747
1591.000000	21.152682
1592.000000	21.164415
1593.000000	21.176130
1594.000000	21.187477
1595.000000	21.199220
1596.000000	21.212148
1597.000000	21.225400
1598.000000	21.239603
1599.000000	21.253547
1600.000000	21.267290
1601.000000	21.281930
1602.000000	21.297193
1603.000000	21.312118
1604.000000	21.328500
1605.000000	21.345530
1606.000000	21.361413
1607.000000	21.376250
1608.000000	21.389722
1609.000000	21.403147
1610.000000	21.416585
1611.000000	21.429160
1612.000000	21.440932
1613.000000	21.453025
1614.000000	21.463417
1615.000000	21.472748
1616.000000	21.481740
1617.000000	21.490568
1618.000000	21.499325
1619.000000	21.507562
1620.000000	21.516108
1621.000000	21.524770
1622.000000	21.533722
1623.000000	21.541995
1624.000000	21.550512
1625.000000	21.558968
1626.000000	21.567332
1627.000000	21.576230
1628.000000	21.584988
1629.000000	21.594682
1630.000000	21.603600
1631.000000	21.611335
1632.000000	21.619307
1633.000000	21.628025
1634.000000	21.635825
1635.000000	21.643460
1636.000000	21.650983
1637.000000	21.657505
1638.000000	21.663235
1639.000000	21.667248
1640.000000	21.670638
1641.000000	21.674613
1642.000000	21.676918
1643.000000	21.677890
1644.000000	21.679207
1645.000000	21.680483
1646.000000	21.681667
1647.000000	21.681507
1648.000000	21.681725
1649.000000	21.681392
1650.000000	21.680357
1651.000000	21.679440
1652.000000	21.677420
1653.000000	21.674703
1654.000000	21.671030
1655.000000	21.665510
1656.000000	21.657805
1657.000000	21.648907
1658.000000	21.637955
1659.000000	21.625752
1660.000000	21.612727
1661.000000	21.597002
1662.000000	21.580760
1663.000000	21.563050
1664.000000	21.543802
1665.000000	21.523335
1666.000000	21.501493
1667.000000	21.480737
1668.000000	21.455623
1669.000000	21.429562
1670.000000	21.401138
1671.000000	21.345852
1672.000000	21.313282
1673.000000	21.279865
1674.000000	21.246263
1675.000000	21.211953
1676.000000	21.151988
1677.000000	21.090025
1678.000000	21.030197
1679.000000	20.966707
1680.000000	20.902872
1681.000000	20.863140
1682.000000	20.797338
1683.000000	20.730427
1684.000000	20.662405
1685.000000	20.592802
1686.000000	20.550285
1687.000000	20.508608
1688.000000	20.469107
1689.000000	20.435707
1690.000000	20.405938
1691.000000	20.382965
1692.000000	20.365902
1693.000000	20.353615
1694.000000	20.344630
1695.000000	20.340535
1696.000000	20.339630
1697.000000	20.339620
1698.000000	20.340915
1699.000000	20.341825
1700.000000	20.343652
1701.000000	20.342235
1702.000000	20.339100
1703.000000	20.335888
1704.000000	20.332190
1705.000000	20.326668
1706.000000	20.317355
1707.000000	20.307707
1708.000000	20.298415
1709.000000	20.286930
1710.000000	20.271960
1711.000000	20.255650
1712.000000	20.237142
1713.000000	20.214920
1714.000000	20.189165
1715.000000	20.161550
1716.000000	20.132305
1717.000000	20.099680
1718.000000	20.063870
1719.000000	20.027035
1720.000000	19.989755
1721.000000	19.952023
1722.000000	19.916243
1723.000000	19.882535
1724.000000	19.853012
1725.000000	19.827257
1726.000000	19.805955
1727.000000	19.789348
1728.000000	19.775903
1729.000000	19.767312
1730.000000	19.763630
1731.000000	19.764425
1732.000000	19.767087
1733.000000	19.772095
1734.000000	19.778842
1735.000000	19.785477
1736.000000	19.793800
1737.000000	19.803830
1738.000000	19.816157
1739.000000	19.829775
1740.000000	19.843955
1741.000000	19.858115
1742.000000	19.873368
1743.000000	19.890005
1744.000000	19.906412
1745.000000	19.924085
1746.000000	19.941575
1747.000000	19.959270
1748.000000	19.975867
1749.000000	19.991103
1750.000000	20.005698
1751.000000	20.020073
1752.000000	20.033240
1753.000000	20.044698
1754.000000	20.054883
1755.000000	20.065075
1756.000000	20.073725
1757.000000	20.080913
1758.000000	20.086858
1759.000000	20.093502
1760.000000	20.099995
1761.000000	20.106568
1762.000000	20.113248
1763.000000	20.119230
1764.000000	20.125810
1765.000000	20.132393
1766.000000	20.139543
1767.000000	20.147578
1768.000000	20.157047
1769.000000	20.167013
1770.000000	20.177845
1771.000000	20.188945
1772.000000	20.200392
1773.000000	20.212620
1774.000000	20.225658
1775.000000	20.238455
1776.000000	20.250998
1777.000000	20.263300
1778.000000	20.276010
1779.000000	20.287365
1780.000000	20.297518
1781.000000	20.306902
1782.000000	20.315705
1783.000000	20.323000
1784.000000	20.328672
1785.000000	20.333995
1786.000000	20.338785
1787.000000	20.342267
1788.000000	20.344055
1789.000000	20.345728
1790.000000	20.346027
1791.000000	20.345690
1792.000000	20.345450
1793.000000	20.345938
1794.000000	20.347213
1795.000000	20.348650
1796.000000	20.349675
1797.000000	20.350092
1798.000000	20.349965
1799.000000	20.350743
1800.000000	20.354315
1801.000000	20.359282
1802.000000	20.389077
1803.000000	20.417085
1804.000000	20.444152
1805.000000	20.472330
1806.000000	20.502350
1807.000000	20.533662
1808.000000	20.563807
1809.000000	20.591402
1810.000000	20.618575
1811.000000	20.646720
1812.000000	20.649995
1813.000000	20.653710
1814.000000	20.658117
1815.000000	20.662157
1816.000000	20.663653
1817.000000	20.661020
1818.000000	20.656602
1819.000000	20.656012
1820.000000	20.662000
1821.000000	20.671688
1822.000000	20.679275
1823.000000	20.680830
1824.000000	20.676570
1825.000000	20.669777
1826.000000	20.666117
1827.000000	20.669705
1828.000000	20.678550
1829.000000	20.686187
1830.000000	20.689015
1831.000000	20.686203
1832.000000	20.682302
1833.000000	20.680565
1834.000000	20.681658
1835.000000	20.686508
1836.000000	20.694488
1837.000000	20.702385
1838.000000	20.709137
1839.000000	20.716055
1840.000000	20.723953
1841.000000	20.738997
1842.000000	20.759062
1843.000000	20.776785
1844.000000	20.785310
1845.000000	20.783302
1846.000000	20.779937
1847.000000	20.785378
1848.000000	20.800452
1849.000000	20.814210
1850.000000	20.815405
1851.000000	20.801615
1852.000000	20.783690
1853.000000	20.774690
1854.000000	20.778420
1855.000000	20.790030
1856.000000	20.794252
1857.000000	20.782338
1858.000000	20.761722
1859.000000	20.743955
1860.000000	20.734348
1861.000000	20.730848
1862.000000	20.724855
1863.000000	20.708792
1864.000000	20.683447
1865.000000	20.650990
1866.000000	20.616373
1867.000000	20.582923
1868.000000	20.543700
1869.000000	20.500885
1870.000000	20.461472
1871.000000	20.423223
1872.000000	20.389115
1873.000000	20.361448
1874.000000	20.336837
1875.000000	20.289288
1876.000000	20.240015
1877.000000	20.186377
1878.000000	20.128113
1879.000000	20.059928
1880.000000	19.975850
1881.000000	19.880127
1882.000000	19.776352
1883.000000	19.667355
1884.000000	19.552280
1885.000000	19.456345
1886.000000	19.355443
1887.000000	19.246338
1888.000000	19.104167
1889.000000	18.959148
1890.000000	18.815338
1891.000000	18.672160
1892.000000	18.525398
1893.000000	18.369815
1894.000000	18.207750
1895.000000	18.038358
1896.000000	17.837027
1897.000000	17.633425
1898.000000	17.459915
1899.000000	17.289487
1900.000000	17.117687
1901.000000	16.942645
1902.000000	16.764102
1903.000000	16.587823
1904.000000	16.394015
1905.000000	16.210835
1906.000000	16.062270
1907.000000	15.921100
1908.000000	15.779788
1909.000000	15.635530
1910.000000	15.491765
1911.000000	15.353450
1912.000000	15.225013
1913.000000	15.081832
1914.000000	14.969135
1915.000000	14.855862
1916.000000	14.742925
1917.000000	14.631227
1918.000000	14.524540
1919.000000	14.427267
1920.000000	14.340555
1921.000000	14.259440
1922.000000	14.181777
1923.000000	14.128315
1924.000000	14.073292
1925.000000	14.022272
1926.000000	13.979380
1927.000000	13.943648
1928.000000	13.914392
1929.000000	13.887940
1930.000000	13.862300
1931.000000	13.812952
1932.000000	13.763180
1933.000000	13.716015
1934.000000	13.674437
1935.000000	13.634620
1936.000000	13.596605
1937.000000	13.561562
1938.000000	13.529330
1939.000000	13.500023
1940.000000	13.471810
1941.000000	13.471222
1942.000000	13.471630
1943.000000	13.475250
1944.000000	13.480600
1945.000000	13.489482
1946.000000	13.500207
1947.000000	13.512557
1948.000000	13.524773
1949.000000	13.536020
1950.000000	13.547567
1951.000000	13.560042
1952.000000	13.576310
1953.000000	13.594278
1954.000000	13.613157
1955.000000	13.633128
1956.000000	13.678397
1957.000000	13.697710
1958.000000	13.741970
1959.000000	13.787598
1960.000000	13.835097
1961.000000	13.883362
1962.000000	13.931680
1963.000000	13.979217
1964.000000	14.026612
1965.000000	14.073505
1966.000000	14.095048
1967.000000	14.141178
1968.000000	14.162623
1969.000000	14.183840
1970.000000	14.204843
1971.000000	14.225727
1972.000000	14.246638
1973.000000	14.267250
1974.000000	14.287950
1975.000000	14.308445
1976.000000	14.330100
1977.000000	14.352247
1978.000000	14.373863
1979.000000	14.396728
1980.000000	14.419643
1981.000000	14.442295
1982.000000	14.466123
1983.000000	14.490755
1984.000000	14.516278
1985.000000	14.541780
1986.000000	14.592372
1987.000000	14.643585
1988.000000	14.695097
1989.000000	14.745687
1990.000000	14.797090
1991.000000	14.848368
1992.000000	14.898167
1993.000000	14.949190
1994.000000	14.999610
1995.000000	15.049177
1996.000000	15.073187
1997.000000	15.096793
1998.000000	15.120710
1999.000000	15.143928
2000.000000	15.166425
2001.000000	15.188070
2002.000000	15.209860
2003.000000	15.228180
2004.000000	15.245527
2005.000000	15.264372
2006.000000	15.281078
2007.000000	15.297023
2008.000000	15.310845
2009.000000	15.324032
2010.000000	15.335060
2011.000000	15.346042
2012.000000	15.355630
2013.000000	15.364543
2014.000000	15.372080
2015.000000	15.377298
2016.000000	15.406492
2017.000000	15.433807
2018.000000	15.459520
2019.000000	15.482958
2020.000000	15.505028
2021.000000	15.524762
2022.000000	15.543682
2023.000000	15.560937
2024.000000	15.577075
2025.000000	15.590478
2026.000000	15.551630
2027.000000	15.537955
2028.000000	15.497960
2029.000000	15.456762
2030.000000	15.414363
2031.000000	15.395613
2032.000000	15.374728
2033.000000	15.328262
2034.000000	15.278682
2035.000000	15.227902
2036.000000	15.200938
2037.000000	15.145717
2038.000000	15.114925
2039.000000	15.082968
2040.000000	15.048948
2041.000000	14.988338
2042.000000	14.925622
2043.000000	14.886067
2044.000000	14.847267
2045.000000	14.807378
2046.000000	14.767317
2047.000000	14.728095
2048.000000	14.688163
2049.000000	14.648915
2050.000000	14.611445
2051.000000	14.576197
2052.000000	14.544230
2053.000000	14.515850
2054.000000	14.490852
2055.000000	14.471460
2056.000000	14.456782
2057.000000	14.446192
2058.000000	14.441255
2059.000000	14.440765
2060.000000	14.445103
2061.000000	14.454118
2062.000000	14.466292
2063.000000	14.481518
2064.000000	14.500798
2065.000000	14.547442
2066.000000	14.595887
2067.000000	14.621300
2068.000000	14.647645
2069.000000	14.700388
2070.000000	14.754538
2071.000000	14.808613
2072.000000	14.862695
2073.000000	14.917057
2074.000000	14.969545
2075.000000	14.996478
2076.000000	15.022770
2077.000000	15.072105
2078.000000	15.120325
2079.000000	15.141920
2080.000000	15.161632
2081.000000	15.179663
2082.000000	15.196222
2083.000000	15.210268
2084.000000	15.222692
2085.000000	15.233165
2086.000000	15.241845
2087.000000	15.249590
2088.000000	15.255430
2089.000000	15.259655
2090.000000	15.262185
2091.000000	15.263655
2092.000000	15.264123
2093.000000	15.264398
2094.000000	15.264368
2095.000000	15.262910
2096.000000	15.260580
2097.000000	15.257720
2098.000000	15.254657
2099.000000	15.251785
2100.000000	15.273993
2101.000000	15.270948
2102.000000	15.267512
2103.000000	15.263512
2104.000000	15.259082
2105.000000	15.255415
2106.000000	15.251172
2107.000000	15.246570
2108.000000	15.242065
2109.000000	15.236518
2110.000000	15.205367
2111.000000	15.199065
2112.000000	15.192410
2113.000000	15.185615
2114.000000	15.177760
2115.000000	15.168173
2116.000000	15.158828
2117.000000	15.149380
2118.000000	15.139295
2119.000000	15.128120
2120.000000	15.115512
2121.000000	15.102825
2122.000000	15.089857
2123.000000	15.075560
2124.000000	15.060723
2125.000000	15.045030
2126.000000	15.028342
2127.000000	15.010152
2128.000000	14.989968
2129.000000	14.969455
2130.000000	14.948895
2131.000000	14.927130
2132.000000	14.903383
2133.000000	14.878475
2134.000000	14.852980
2135.000000	14.828477
2136.000000	14.802717
2137.000000	14.776363
2138.000000	14.749467
2139.000000	14.721525
2140.000000	14.692035
2141.000000	14.660815
2142.000000	14.629708
2143.000000	14.598038
2144.000000	14.564855
2145.000000	14.529965
2146.000000	14.495003
2147.000000	14.459133
2148.000000	14.423048
2149.000000	14.386250
2150.000000	14.324352
2151.000000	14.262890
2152.000000	14.201175
2153.000000	14.165113
2154.000000	14.104698
2155.000000	14.044615
2156.000000	13.984253
2157.000000	13.924798
2158.000000	13.867247
2159.000000	13.811275
2160.000000	13.781002
2161.000000	13.751840
2162.000000	13.723925
2163.000000	13.647855
2164.000000	13.623487
2165.000000	13.599788
2166.000000	13.578975
2167.000000	13.533255
2168.000000	13.512662
2169.000000	13.467655
2170.000000	13.423270
2171.000000	13.379440
2172.000000	13.336313
2173.000000	13.318215
2174.000000	13.274612
2175.000000	13.232135
2176.000000	13.187955
2177.000000	13.169563
2178.000000	13.125885
2179.000000	13.106965
2180.000000	13.087730
2181.000000	13.067010
2182.000000	13.044727
2183.000000	13.020890
2184.000000	12.970420
2185.000000	12.917153
2186.000000	12.861040
2187.000000	12.801400
2188.000000	12.738072
2189.000000	12.670870
2190.000000	12.599510
2191.000000	12.499210
2192.000000	12.393610
2193.000000	12.282473
2194.000000	12.191283
2195.000000	12.069645
2196.000000	11.943955
2197.000000	11.814380
2198.000000	11.680753
2199.000000	11.543770
2200.000000	11.404792
2201.000000	11.290332
2202.000000	11.151495
2203.000000	11.039180
2204.000000	10.905512
2205.000000	10.801122
2206.000000	10.701750
2207.000000	10.609483
2208.000000	10.499467
2209.000000	10.423173
2210.000000	10.357075
2211.000000	10.299137
2212.000000	10.276112
2213.000000	10.212363
2214.000000	10.206370
2215.000000	10.184430
2216.000000	10.171473
2217.000000	10.164632
2218.000000	10.213730
2219.000000	10.244160
2220.000000	10.252485
2221.000000	10.288593
2222.000000	10.326415
2223.000000	10.390598
2224.000000	10.431635
2225.000000	10.497535
2226.000000	10.560598
2227.000000	10.622547
2228.000000	10.659115
2229.000000	10.692280
2230.000000	10.747718
2231.000000	10.777160
2232.000000	10.802480
2233.000000	10.825375
2234.000000	10.843508
2235.000000	10.859820
2236.000000	10.872767
2237.000000	10.883442
2238.000000	10.890105
2239.000000	10.893910
2240.000000	10.920507
2241.000000	10.918695
2242.000000	10.914490
2243.000000	10.906880
2244.000000	10.899185
2245.000000	10.889213
2246.000000	10.878085
2247.000000	10.890148
2248.000000	10.875925
2249.000000	10.860705
2250.000000	10.820193
2251.000000	10.802533
2252.000000	10.787303
2253.000000	10.773045
2254.000000	10.757988
2255.000000	10.766975
2256.000000	10.777152
2257.000000	10.762075
2258.000000	10.774210
2259.000000	10.787553
2260.000000	10.801840
2261.000000	10.818997
2262.000000	10.836762
2263.000000	10.855662
2264.000000	10.876900
2265.000000	10.875075
2266.000000	10.875138
2267.000000	10.877605
2268.000000	10.906960
2269.000000	10.912705
2270.000000	10.919245
2271.000000	10.953015
2272.000000	10.987013
2273.000000	11.022527
2274.000000	11.033152
2275.000000	11.069392
2276.000000	11.106580
2277.000000	11.144208
2278.000000	11.155750
2279.000000	11.192255
2280.000000	11.254022
2281.000000	11.265327
2282.000000	11.276465
2283.000000	11.287162
2284.000000	11.347933
2285.000000	11.383330
2286.000000	11.418072
2287.000000	11.427523
2288.000000	11.437548
2289.000000	11.472672
2290.000000	11.456950
2291.000000	11.492330
2292.000000	11.528342
2293.000000	11.563488
2294.000000	11.574560
2295.000000	11.586313
2296.000000	11.599020
2297.000000	11.637275
2298.000000	11.676105
2299.000000	11.714968
2300.000000	11.779423
2301.000000	11.818257
2302.000000	11.832702
2303.000000	11.847677
2304.000000	11.887093
2305.000000	11.927985
2306.000000	11.968893
2307.000000	12.010207
2308.000000	12.051142
2309.000000	12.068592
2310.000000	12.086697
2311.000000	12.104665
2312.000000	12.148050
2313.000000	12.190955
2314.000000	12.208410
2315.000000	12.224527
2316.000000	12.240390
2317.000000	12.255025
2318.000000	12.294227
2319.000000	12.331927
2320.000000	12.368880
2321.000000	12.378945
2322.000000	12.412907
2323.000000	12.445442
2324.000000	12.451227
2325.000000	12.480962
2326.000000	12.509908
2327.000000	12.537870
2328.000000	12.538640
2329.000000	12.537733
2330.000000	12.561160
2331.000000	12.585200
2332.000000	12.583325
2333.000000	12.581782
2334.000000	12.605863
2335.000000	12.605175
2336.000000	12.604302
2337.000000	12.628618
2338.000000	12.653673
2339.000000	12.679873
2340.000000	12.656420
2341.000000	12.658075
2342.000000	12.685112
2343.000000	12.713000
2344.000000	12.741137
2345.000000	12.769085
2346.000000	12.797615
2347.000000	12.801922
2348.000000	12.806577
2349.000000	12.811655
2350.000000	12.817925
2351.000000	12.848972
2352.000000	12.854860
2353.000000	12.861450
2354.000000	12.893447
2355.000000	12.925147
2356.000000	12.956403
2357.000000	12.963123
2358.000000	12.969875
2359.000000	13.000702
2360.000000	13.054817
2361.000000	13.083575
2362.000000	13.087352
2363.000000	13.115232
2364.000000	13.117992
2365.000000	13.121460
2366.000000	13.124320
2367.000000	13.151177
2368.000000	13.153308
2369.000000	13.156083
2370.000000	13.159147
2371.000000	13.187695
2372.000000	13.216583
2373.000000	13.220610
2374.000000	13.223870
2375.000000	13.226380
2376.000000	13.229690
2377.000000	13.233455
2378.000000	13.261620
2379.000000	13.264593
2380.000000	13.267222
2381.000000	13.244323
2382.000000	13.245850
2383.000000	13.247343
2384.000000	13.273558
2385.000000	13.299212
2386.000000	13.298783
2387.000000	13.297633
2388.000000	13.296205
2389.000000	13.294097
2390.000000	13.291428
2391.000000	13.287650
2392.000000	13.307832
2393.000000	13.302357
2394.000000	13.296318
2395.000000	13.289507
2396.000000	13.307577
2397.000000	13.300023
2398.000000	13.316550
2399.000000	13.331988
2400.000000	13.347415
2401.000000	13.388372
2402.000000	13.378782
2403.000000	13.392552
2404.000000	13.380300
2405.000000	13.393375
2406.000000	13.405865
2407.000000	13.442063
2408.000000	13.427883
2409.000000	13.437592
2410.000000	13.445962
2411.000000	13.402940
2412.000000	13.384670
2413.000000	13.366550
2414.000000	13.348350
2415.000000	13.303743
2416.000000	13.257462
2417.000000	13.209848
2418.000000	13.211280
2419.000000	13.161652
2420.000000	13.086198
2421.000000	13.084640
2422.000000	13.106788
2423.000000	13.127208
2424.000000	13.121912
2425.000000	13.090713
2426.000000	13.084035
2427.000000	13.052645
2428.000000	12.971660
2429.000000	12.940875
2430.000000	12.960358
2431.000000	12.954415
2432.000000	12.897597
2433.000000	12.841843
2434.000000	12.811218
2435.000000	12.804935
2436.000000	12.748425
2437.000000	12.742450
2438.000000	12.760420
2439.000000	12.753153
2440.000000	12.719700
2441.000000	12.636643
2442.000000	12.604535
2443.000000	12.570702
2444.000000	12.562082
2445.000000	12.529232
2446.000000	12.570645
2447.000000	12.536890
2448.000000	12.528958
2449.000000	12.521040
2450.000000	12.488275
2451.000000	12.556603
2452.000000	12.550553
2453.000000	12.545770
2454.000000	12.565355
2455.000000	12.637078
2456.000000	12.634078
2457.000000	12.656195
2458.000000	12.677935
2459.000000	12.751713
2460.000000	12.827443
2461.000000	12.826788
2462.000000	12.877105
2463.000000	12.978690
2464.000000	12.981140
2465.000000	13.007000
2466.000000	13.035470
2467.000000	13.139167
2468.000000	13.219000
2469.000000	13.223675
2470.000000	13.256600
2471.000000	13.364925
2472.000000	13.473160
2473.000000	13.481055
2474.000000	13.541892
2475.000000	13.553785
2476.000000	13.692562
2477.000000	13.732625
2478.000000	13.724003
2479.000000	13.790605
2480.000000	13.878668
2481.000000	13.968518
2482.000000	13.985465
2483.000000	14.176110
2484.000000	14.317502
2485.000000	14.482917
2486.000000	14.521540
2487.000000	14.664603
2488.000000	14.830755
2489.000000	15.003535
2490.000000	15.101647
2491.000000	15.198432
2492.000000	15.421688
2493.000000	15.494077
2494.000000	15.691528
2495.000000	15.869418
2496.000000	16.173903
2497.000000	16.396005
2498.000000	16.523455
2499.000000	16.646648
2500.000000	16.845905
2501.000000	20.354532
2502.000000	23.811137
2503.000000	27.397132
2504.000000	31.306712
2505.000000	35.513262
2506.000000	39.219237
2507.000000	42.754342
2508.000000	47.011645
2509.000000	51.318078
2510.000000	55.800000
2511.000000	56.500000
2512.000000	57.600000
2513.000000	58.500000
2514.000000	59.300000
2515.000000	59.000000
2516.000000	59.400000
2517.000000	61.000000
2518.000000	61.700000
2519.000000	62.200000
2520.000000	63.000000
2521.000000	64.700000
2522.000000	65.600000
2523.000000	65.900000
2524.000000	66.900000
2525.000000	69.500000
2526.000000	71.400000
2527.000000	71.800000
2528.000000	72.800000
2529.000000	73.800000
2530.000000	74.700000
2531.000000	75.200000
2532.000000	75.500000
2533.000000	76.800000
2534.000000	77.800000
2535.000000	77.500000
2536.000000	77.700000
2537.000000	78.500000
2538.000000	79.600000
2539.000000	80.200000
2540.000000	80.000000
2541.000000	80.300000
2542.000000	81.700000
2543.000000	82.400000
2544.000000	82.400000
2545.000000	82.800000
2546.000000	83.900000
2547.000000	84.700000
2548.000000	85.200000
2549.000000	85.700000
2550.000000	87.300000
2551.000000	88.300000
2552.000000	88.000000
2553.000000	87.700000
2554.000000	88.100000
2555.000000	89.200000
2556.000000	89.100000
2557.000000	88.900000
2558.000000	89.000000
2559.000000	89.900000
2560.000000	89.500000
2561.000000	88.800000
2562.000000	89.700000
2563.000000	91.600000
2564.000000	92.000000
2565.000000	91.600000
2566.000000	92.200000
2567.000000	94.000000
2568.000000	94.600000
2569.000000	94.100000
2570.000000	94.300000
2571.000000	95.000000
2572.000000	95.600000
2573.000000	95.600000
2574.000000	97.000000
2575.000000	98.300000
2576.000000	98.300000
2577.000000	97.000000
2578.000000	96.300000
2579.000000	97.400000
2580.000000	98.400000
2581.000000	98.500000
2582.000000	98.100000
2583.000000	98.700000
2584.000000	98.500000
2585.000000	97.700000
2586.000000	97.300000
2587.000000	97.900000
2588.000000	98.500000
2589.000000	98.700000
2590.000000	98.900000
2591.000000	99.600000
2592.000000	100.400000
2593.000000	99.900000
2594.000000	99.300000
2595.000000	99.800000
2596.000000	100.800000
2597.000000	100.600000
2598.000000	100.000000
2599.000000	99.200000
2600.000000	98.400000
2601.000000	97.400000
2602.000000	96.200000
2603.000000	95.900000
2604.000000	96.100000
2605.000000	95.400000
2606.000000	94.400000
2607.000000	94.600000
2608.000000	95.300000
2609.000000	95.300000
2610.000000	95.500000
2611.000000	96.300000
2612.000000	97.100000
2613.000000	97.200000
2614.000000	97.200000
2615.000000	98.200000
2616.000000	99.800000
2617.000000	100.200000
2618.000000	100.100000
2619.000000	100.200000
2620.000000	100.400000
2621.000000	100.800000
2622.000000	101.000000
2623.000000	101.700000
2624.000000	102.200000
2625.000000	101.800000
2626.000000	101.000000
2627.000000	101.300000
2628.000000	102.000000
2629.000000	102.400000
2630.000000	101.900000
2631.000000	101.200000
2632.000000	101.200000
2633.000000	100.800000
2634.000000	99.600000
2635.000000	100.100000
2636.000000	100.900000
2637.000000	100.600000
2638.000000	99.800000
2639.000000	99.800000
2640.000000	100.700000
2641.000000	101.500000
2642.000000	101.100000
2643.000000	100.400000
2644.000000	101.200000
2645.000000	100.600000
2646.000000	99.500000
2647.000000	99.900000
2648.000000	100.500000
2649.000000	100.800000
2650.000000	100.000000
2651.000000	99.700000
2652.000000	100.400000
2653.000000	101.100000
2654.000000	99.900000
2655.000000	99.800000
2656.000000	100.700000
2657.000000	100.600000
2658.000000	99.400000
2659.000000	98.700000
2660.000000	99.800000
2661.000000	100.000000
2662.000000	99.800000
2663.000000	99.200000
2664.000000	100.200000
2665.000000	100.800000
2666.000000	100.400000
2667.000000	99.300000
2668.000000	100.600000
2669.000000	100.800000
2670.000000	100.200000
2671.000000	99.300000
2672.000000	98.900000
2673.000000	99.800000
2674.000000	99.600000
2675.000000	99.100000
2676.000000	98.900000
2677.000000	99.200000
2678.000000	99.400000
2679.000000	99.700000
2680.000000	98.500000
2681.000000	99.700000
2682.000000	100.800000
2683.000000	100.400000
2684.000000	100.000000
2685.000000	100.500000
2686.000000	101.600000
2687.000000	102.100000
2688.000000	101.200000
2689.000000	101.800000
2690.000000	104.100000
2691.000000	103.300000
2692.000000	101.900000
2693.000000	101.900000
2694.000000	102.900000
2695.000000	103.100000
2696.000000	101.400000
2697.000000	100.900000
2698.000000	101.500000
2699.000000	101.600000
2700.000000	100.300000
2701.000000	100.100000
2702.000000	101.200000
2703.000000	101.600000
2704.000000	100.500000
2705.000000	99.600000
2706.000000	100.800000
2707.000000	101.100000
2708.000000	99.800000
2709.000000	98.600000
2710.000000	99.300000
2711.000000	100.300000
2712.000000	99.500000
2713.000000	98.600000
2714.000000	99.300000
2715.000000	101.200000
2716.000000	100.700000
2717.000000	100.500000
2718.000000	102.300000
2719.000000	102.600000
2720.000000	102.200000
2721.000000	100.900000
2722.000000	100.800000
2723.000000	102.200000
2724.000000	102.100000
2725.000000	100.700000
2726.000000	101.000000
2727.000000	102.100000
2728.000000	100.800000
2729.000000	100.700000
2730.000000	100.400000
2731.000000	101.600000
2732.000000	101.300000
2733.000000	99.300000
2734.000000	98.800000
2735.000000	99.300000
2736.000000	99.000000
2737.000000	97.300000
2738.000000	98.400000
2739.000000	98.800000
2740.000000	99.200000
2741.000000	98.000000
2742.000000	98.000000
2743.000000	98.700000
2744.000000	98.900000
2745.000000	97.600000
2746.000000	97.500000
2747.000000	98.800000
2748.000000	98.100000
2749.000000	97.100000
2750.000000	96.600000
2751.000000	97.200000
2752.000000	97.100000
2753.000000	97.000000
2754.000000	97.500000
2755.000000	98.600000
2756.000000	98.700000
2757.000000	97.900000
2758.000000	98.000000
2759.000000	99.300000
2760.000000	100.000000
2761.000000	99.800000
2762.000000	99.500000
2763.000000	100.800000
2764.000000	101.500000
2765.000000	101.400000
2766.000000	100.300000
2767.000000	100.800000
2768.000000	101.200000
2769.000000	100.200000
2770.000000	100.000000
2771.000000	100.900000
2772.000000	102.000000
2773.000000	101.000000
2774.000000	100.000000
2775.000000	100.500000
2776.000000	101.900000
2777.000000	101.900000
2778.000000	100.900000
2779.000000	101.600000
2780.000000	101.000000
2781.000000	99.900000
2782.000000	99.200000
2783.000000	99.400000
2784.000000	100.200000
2785.000000	99.200000
2786.000000	98.000000
2787.000000	97.500000
2788.000000	99.000000
2789.000000	98.800000
2790.000000	99.000000
2791.000000	99.500000
2792.000000	100.000000
2793.000000	99.800000
2794.000000	98.400000
2795.000000	98.300000
2796.000000	99.100000
2797.000000	99.000000
2798.000000	97.400000
2799.000000	97.400000
2800.000000	97.800000
2801.000000	97.500000
2802.000000	96.600000
2803.000000	96.900000
2804.000000	98.400000
2805.000000	100.000000
2806.000000	100.200000
2807.000000	100.900000
2808.000000	102.100000
2809.000000	102.000000
2810.000000	101.100000
2811.000000	101.700000
2812.000000	103.600000
2813.000000	104.200000
2814.000000	103.200000
2815.000000	102.100000
2816.000000	102.700000
2817.000000	102.800000
2818.000000	102.100000
2819.000000	101.700000
2820.000000	101.900000
2821.000000	101.400000
2822.000000	100.200000
2823.000000	99.600000
2824.000000	100.300000
2825.000000	100.000000
2826.000000	98.000000
2827.000000	97.100000
2828.000000	98.200000
2829.000000	99.500000
2830.000000	100.000000
2831.000000	99.200000
2832.000000	99.100000
2833.000000	99.000000
2834.000000	98.200000
2835.000000	98.100000
2836.000000	100.000000
2837.000000	101.300000
2838.000000	100.600000
2839.000000	99.200000
2840.000000	99.000000
2841.000000	100.000000
2842.000000	100.400000
2843.000000	99.900000
2844.000000	100.000000
2845.000000	100.500000
2846.000000	99.800000
2847.000000	98.800000
2848.000000	98.400000
2849.000000	99.200000
2850.000000	99.300000
2851.000000	98.900000
2852.000000	99.300000
2853.000000	100.000000
2854.000000	99.700000
2855.000000	98.600000
2856.000000	98.400000
2857.000000	98.600000
2858.000000	98.400000
2859.000000	97.800000
2860.000000	98.200000
2861.000000	98.600000
2862.000000	97.500000
2863.000000	96.800000
2864.000000	97.500000
2865.000000	98.200000
2866.000000	98.100000
2867.000000	97.800000
2868.000000	98.200000
2869.000000	98.600000
2870.000000	98.200000
2871.000000	97.700000
2872.000000	98.000000
2873.000000	98.400000
2874.000000	97.900000
2875.000000	97.600000
2876.000000	98.000000
2877.000000	98.000000
2878.000000	97.100000
2879.000000	96.700000
2880.000000	97.200000
2881.000000	97.700000
2882.000000	97.300000
2883.000000	96.800000
2884.000000	97.400000
2885.000000	98.200000
2886.000000	98.100000
2887.000000	98.100000
2888.000000	98.800000
2889.000000	99.200000
2890.000000	98.700000
2891.000000	98.300000
2892.000000	99.000000
2893.000000	99.600000
2894.000000	99.000000
2895.000000	97.600000
2896.000000	97.600000
2897.000000	98.000000
2898.000000	97.200000
2899.000000	96.400000
2900.000000	97.100000
2901.000000	98.000000
2902.000000	97.200000
2903.000000	96.700000
2904.000000	97.400000
2905.000000	98.600000
2906.000000	98.700000
2907.000000	98.100000
2908.000000	98.900000
2909.000000	99.600000
2910.000000	98.200000
2911.000000	97.100000
2912.000000	98.000000
2913.000000	98.600000
2914.000000	98.200000
2915.000000	98.000000
2916.000000	98.100000
2917.000000	99.100000
2918.000000	99.000000
2919.000000	99.000000
2920.000000	99.900000
2921.000000	100.000000
2922.000000	98.900000
2923.000000	97.500000
2924.000000	98.000000
2925.000000	97.500000
2926.000000	96.600000
2927.000000	95.600000
2928.000000	95.900000
2929.000000	95.500000
2930.000000	94.700000
2931.000000	94.300000
2932.000000	95.100000
2933.000000	96.700000
2934.000000	96.000000
2935.000000	96.200000
2936.000000	97.700000
2937.000000	98.100000
2938.000000	97.300000
2939.000000	97.800000
2940.000000	98.900000
2941.000000	100.600000
2942.000000	100.300000
2943.000000	98.800000
2944.000000	99.700000
2945.000000	100.300000
2946.000000	98.900000
2947.000000	98.700000
2948.000000	99.700000
2949.000000	99.700000
2950.000000	99.100000
2951.000000	97.200000
2952.000000	98.100000
2953.000000	99.600000
2954.000000	98.300000
2955.000000	97.100000
2956.000000	98.000000
2957.000000	98.400000
2958.000000	97.700000
2959.000000	97.200000
2960.000000	98.500000
2961.000000	100.000000
2962.000000	99.300000
2963.000000	98.400000
2964.000000	99.600000
2965.000000	101.200000
2966.000000	99.800000
2967.000000	99.800000
2968.000000	100.700000
2969.000000	100.800000
2970.000000	98.900000
2971.000000	98.800000
2972.000000	99.100000
2973.000000	99.100000
2974.000000	97.700000
2975.000000	97.000000
2976.000000	99.600000
2977.000000	99.600000
2978.000000	98.400000
2979.000000	98.400000
2980.000000	98.900000
2981.000000	98.400000
2982.000000	97.900000
2983.000000	97.500000
2984.000000	98.700000
2985.000000	98.000000
2986.000000	95.400000
2987.000000	95.000000
2988.000000	95.700000
2989.000000	95.900000
2990.000000	96.100000
2991.000000	95.200000
2992.000000	95.900000
2993.000000	96.200000
2994.000000	95.100000
2995.000000	95.700000
2996.000000	96.500000
2997.000000	96.600000
2998.000000	95.500000
2999.000000	95.600000
3000.000000	96.600000
