PE UV       SUBTECH     SPECTRUM    ASCII       PEDS        4.00        
   -1
CICIMAUCR0242-2.Sample.ASC
24/06/21
14:21:29.00
24/06/21
14:21:29.00
Vinicio Soto Monge
C. cupreomarginata. Ventral. Sex M
250,000000
1
Lambda 1050
1050L1511233
PerkinElmer UV WinLab 6.3.2.0749 / 2.02.05 Lambda 900 UV/VIS/NIR, Aug  7 2015 09:38:08

0
0
3350/servo 860,8/2
0
0
UV/VIS
1
1
1
DoubleDePol,CommonBeamDepol,RBeamAtt,SBeamAtt,60mm sphere, WB InGaAs Detector
0
0
0
0
Program
Program
3350/servo 860,8/2
3350/0,2 860,8/0,2
3350/0,2 860,8/0,2
0
15.00
 
 
 
0
 
860,8
319,2
860,8
Front
100
on
S:100 R:100
0
0
0
0
 
0
 
 
 
0
 
 
0
0
0
0
0
 
 
 
 
0
0


0
0
#HDR
-1
-1
#GR
nm
%R
1.0
0.0
2500,000000
-1,000000
2251
8
52,376100
4,098600
#DATA
2482.000000	5.423792
2481.000000	5.411059
2480.000000	5.397041
2479.000000	5.451720
2478.000000	5.430319
2477.000000	5.352635
2476.000000	5.331555
2475.000000	5.364084
2474.000000	5.335728
2473.000000	5.324172
2472.000000	5.370718
2471.000000	5.387518
2470.000000	5.323958
2469.000000	5.318073
2468.000000	5.353063
2467.000000	5.340329
2466.000000	5.319250
2465.000000	5.337547
2464.000000	5.323851
2463.000000	5.345786
2462.000000	5.343539
2461.000000	5.298170
2460.000000	5.330699
2459.000000	5.331555
2458.000000	5.325242
2457.000000	5.347070
2456.000000	5.321925
2455.000000	5.348248
2454.000000	5.374035
2453.000000	5.374891
2452.000000	5.383559
2451.000000	5.433636
2450.000000	5.418121
2449.000000	5.391477
2448.000000	5.417372
2447.000000	5.466165
2446.000000	5.464560
2445.000000	5.489920
2444.000000	5.506185
2443.000000	5.521914
2442.000000	5.519881
2441.000000	5.528762
2440.000000	5.562254
2439.000000	5.588577
2438.000000	5.582050
2437.000000	5.588149
2436.000000	5.631807
2435.000000	5.652244
2434.000000	5.641437
2433.000000	5.662624
2432.000000	5.672682
2431.000000	5.689696
2430.000000	5.723081
2429.000000	5.720834
2428.000000	5.728966
2427.000000	5.746514
2426.000000	5.755824
2425.000000	5.762779
2424.000000	5.771018
2423.000000	5.784287
2422.000000	5.801728
2421.000000	5.810824
2420.000000	5.799481
2419.000000	5.830191
2418.000000	5.824520
2417.000000	5.817030
2416.000000	5.831368
2415.000000	5.846349
2414.000000	5.848168
2413.000000	5.851592
2412.000000	5.871281
2411.000000	5.881767
2410.000000	5.881981
2409.000000	5.905201
2408.000000	5.900492
2407.000000	5.898138
2406.000000	5.924675
2405.000000	5.926066
2404.000000	5.939763
2403.000000	5.941261
2402.000000	5.944471
2401.000000	5.955920
2400.000000	5.952282
2399.000000	5.959558
2398.000000	5.978819
2397.000000	6.000755
2396.000000	6.020122
2395.000000	6.030823
2394.000000	6.038848
2393.000000	6.036922
2392.000000	6.060998
2391.000000	6.081970
2390.000000	6.078439
2389.000000	6.083575
2388.000000	6.096095
2387.000000	6.107223
2386.000000	6.108507
2385.000000	6.104548
2384.000000	6.115248
2383.000000	6.133332
2382.000000	6.139003
2381.000000	6.137184
2380.000000	6.133760
2379.000000	6.121562
2378.000000	6.122204
2377.000000	6.128517
2376.000000	6.125628
2375.000000	6.137184
2374.000000	6.141892
2373.000000	6.132262
2372.000000	6.124451
2371.000000	6.113215
2370.000000	6.117495
2369.000000	6.120278
2368.000000	6.111075
2367.000000	6.110647
2366.000000	6.095988
2365.000000	6.078118
2364.000000	6.078118
2363.000000	6.076406
2362.000000	6.066883
2361.000000	6.057039
2360.000000	6.035531
2359.000000	6.016591
2358.000000	6.014130
2357.000000	6.017340
2356.000000	6.023760
2355.000000	6.008887
2354.000000	5.998615
2353.000000	6.006961
2352.000000	5.998615
2351.000000	5.984811
2350.000000	6.000006
2349.000000	6.008459
2348.000000	6.002360
2347.000000	6.006212
2346.000000	6.022583
2345.000000	6.024081
2344.000000	6.024081
2343.000000	6.047408
2342.000000	6.044733
2341.000000	6.052223
2340.000000	6.066990
2339.000000	6.073945
2338.000000	6.072126
2337.000000	6.067953
2336.000000	6.075443
2335.000000	6.073731
2334.000000	6.077583
2333.000000	6.084966
2332.000000	6.074373
2331.000000	6.066562
2330.000000	6.047943
2329.000000	6.034140
2328.000000	6.012418
2327.000000	6.014558
2326.000000	6.013060
2325.000000	5.987807
2324.000000	5.980103
2323.000000	5.966942
2322.000000	5.951533
2321.000000	5.925638
2320.000000	5.898031
2319.000000	5.862827
2318.000000	5.840249
2317.000000	5.821524
2316.000000	5.793168
2315.000000	5.788995
2314.000000	5.759569
2313.000000	5.716660
2312.000000	5.692585
2311.000000	5.677390
2310.000000	5.669900
2309.000000	5.654812
2308.000000	5.635873
2307.000000	5.605805
2306.000000	5.615756
2305.000000	5.626350
2304.000000	5.619822
2303.000000	5.627206
2302.000000	5.616826
2301.000000	5.642293
2300.000000	5.633198
2299.000000	5.624423
2298.000000	5.661554
2297.000000	5.675571
2296.000000	5.695688
2295.000000	5.728431
2294.000000	5.724258
2293.000000	5.741806
2292.000000	5.750581
2291.000000	5.761388
2290.000000	5.784073
2289.000000	5.780221
2288.000000	5.772730
2287.000000	5.785036
2286.000000	5.767059
2285.000000	5.763100
2284.000000	5.780756
2283.000000	5.766524
2282.000000	5.757964
2281.000000	5.735600
2280.000000	5.739773
2279.000000	5.737847
2278.000000	5.716446
2277.000000	5.697935
2276.000000	5.686593
2275.000000	5.691943
2274.000000	5.681777
2273.000000	5.657809
2272.000000	5.677711
2271.000000	5.665727
2270.000000	5.679423
2269.000000	5.672682
2268.000000	5.669258
2267.000000	5.679851
2266.000000	5.711738
2265.000000	5.706709
2264.000000	5.735600
2263.000000	5.757108
2262.000000	5.779793
2261.000000	5.863148
2260.000000	5.898994
2259.000000	5.907769
2258.000000	5.991659
2257.000000	6.038099
2256.000000	6.083147
2255.000000	6.136435
2254.000000	6.216795
2253.000000	6.274577
2252.000000	6.335141
2251.000000	6.403409
2250.000000	6.463010
2249.000000	6.518009
2248.000000	6.576968
2247.000000	6.638281
2246.000000	6.674556
2245.000000	6.749351
2244.000000	6.777065
2243.000000	6.815265
2242.000000	6.842551
2241.000000	6.919380
2240.000000	6.943883
2239.000000	6.973523
2238.000000	6.994817
2237.000000	7.058270
2236.000000	7.081276
2235.000000	7.094651
2234.000000	7.123756
2233.000000	7.137667
2232.000000	7.159281
2231.000000	7.182287
2230.000000	7.203795
2229.000000	7.202297
2228.000000	7.199836
2227.000000	7.210536
2226.000000	7.222841
2225.000000	7.237929
2224.000000	7.249057
2223.000000	7.254193
2222.000000	7.245312
2221.000000	7.238357
2220.000000	7.215672
2219.000000	7.230225
2218.000000	7.247773
2217.000000	7.240069
2216.000000	7.212462
2215.000000	7.210001
2214.000000	7.198445
2213.000000	7.204972
2212.000000	7.203902
2211.000000	7.211285
2210.000000	7.167521
2209.000000	7.168270
2208.000000	7.143873
2207.000000	7.156499
2206.000000	7.139914
2205.000000	7.136169
2204.000000	7.124826
2203.000000	7.124612
2202.000000	7.119369
2201.000000	7.125040
2200.000000	7.116052
2199.000000	7.106422
2198.000000	7.108134
2197.000000	7.103961
2196.000000	7.097005
2195.000000	7.105994
2194.000000	7.104817
2193.000000	7.085663
2192.000000	7.075070
2191.000000	7.083844
2190.000000	7.062871
2189.000000	7.099787
2188.000000	7.079885
2187.000000	7.078922
2186.000000	7.082132
2185.000000	7.056986
2184.000000	7.039437
2183.000000	7.057521
2182.000000	7.046072
2181.000000	7.050352
2180.000000	7.046393
2179.000000	7.056879
2178.000000	7.049496
2177.000000	7.026704
2176.000000	7.046286
2175.000000	7.046286
2174.000000	7.060196
2173.000000	7.047998
2172.000000	7.053776
2171.000000	7.050245
2170.000000	7.058912
2169.000000	7.048105
2168.000000	7.065760
2167.000000	7.071752
2166.000000	7.059554
2165.000000	7.048640
2164.000000	7.085877
2163.000000	7.093688
2162.000000	7.102462
2161.000000	7.121830
2160.000000	7.117657
2159.000000	7.128357
2158.000000	7.158104
2157.000000	7.157462
2156.000000	7.159602
2155.000000	7.182608
2154.000000	7.192987
2153.000000	7.202083
2152.000000	7.228834
2151.000000	7.238999
2150.000000	7.254728
2149.000000	7.247238
2148.000000	7.256975
2147.000000	7.275059
2146.000000	7.303201
2145.000000	7.302024
2144.000000	7.307267
2143.000000	7.308337
2142.000000	7.323425
2141.000000	7.339154
2140.000000	7.339903
2139.000000	7.357238
2138.000000	7.354456
2137.000000	7.367296
2136.000000	7.384310
2135.000000	7.384524
2134.000000	7.373609
2133.000000	7.380564
2132.000000	7.386557
2131.000000	7.393298
2130.000000	7.371897
2129.000000	7.377247
2128.000000	7.388376
2127.000000	7.383454
2126.000000	7.387948
2125.000000	7.386236
2124.000000	7.372325
2123.000000	7.359378
2122.000000	7.349426
2121.000000	7.346858
2120.000000	7.328133
2119.000000	7.323532
2118.000000	7.321820
2117.000000	7.313901
2116.000000	7.304057
2115.000000	7.283833
2114.000000	7.272812
2113.000000	7.248522
2112.000000	7.247773
2111.000000	7.241781
2110.000000	7.206470
2109.000000	7.189884
2108.000000	7.190098
2107.000000	7.180147
2106.000000	7.171480
2105.000000	7.155322
2104.000000	7.129106
2103.000000	7.128036
2102.000000	7.123435
2101.000000	7.111986
2100.000000	7.113912
2099.000000	7.101285
2098.000000	7.092618
2097.000000	7.072822
2096.000000	7.045751
2095.000000	7.045002
2094.000000	7.039544
2093.000000	7.033445
2092.000000	7.014292
2091.000000	7.005945
2090.000000	7.009690
2089.000000	6.994924
2088.000000	6.971918
2087.000000	6.966354
2086.000000	6.966247
2085.000000	6.947842
2084.000000	6.937677
2083.000000	6.932541
2082.000000	6.915634
2081.000000	6.914992
2080.000000	6.900975
2079.000000	6.884389
2078.000000	6.883319
2077.000000	6.872726
2076.000000	6.859565
2075.000000	6.831637
2074.000000	6.813553
2073.000000	6.800499
2072.000000	6.778991
2071.000000	6.773320
2070.000000	6.772999
2069.000000	6.748602
2068.000000	6.733514
2067.000000	6.712970
2066.000000	6.697454
2065.000000	6.695742
2064.000000	6.671666
2063.000000	6.661608
2062.000000	6.655402
2061.000000	6.638174
2060.000000	6.628223
2059.000000	6.616239
2058.000000	6.608427
2057.000000	6.602756
2056.000000	6.593982
2055.000000	6.596229
2054.000000	6.596871
2053.000000	6.596871
2052.000000	6.603612
2051.000000	6.606715
2050.000000	6.620091
2049.000000	6.634750
2048.000000	6.645237
2047.000000	6.677766
2046.000000	6.686433
2045.000000	6.698738
2044.000000	6.721958
2043.000000	6.752775
2042.000000	6.769147
2041.000000	6.794720
2040.000000	6.820401
2039.000000	6.834526
2038.000000	6.847366
2037.000000	6.859993
2036.000000	6.895625
2035.000000	6.912317
2034.000000	6.925800
2033.000000	6.951267
2032.000000	6.967638
2031.000000	6.970955
2030.000000	6.984759
2029.000000	6.989467
2028.000000	6.996957
2027.000000	6.992570
2026.000000	6.995566
2025.000000	7.013222
2024.000000	7.034408
2023.000000	7.040186
2022.000000	7.047998
2021.000000	7.029379
2020.000000	7.019107
2019.000000	7.028523
2018.000000	7.030342
2017.000000	7.036334
2016.000000	7.042541
2015.000000	7.030663
2014.000000	7.026490
2013.000000	7.033445
2012.000000	7.011938
2011.000000	6.995031
2010.000000	7.007657
2009.000000	6.984010
2008.000000	6.977910
2007.000000	6.966461
2006.000000	6.946344
2005.000000	6.940887
2004.000000	6.927619
2003.000000	6.899905
2002.000000	6.876899
2001.000000	6.879467
2000.000000	6.856140
1999.000000	6.846189
1998.000000	6.815693
1997.000000	6.800927
1996.000000	6.774711
1995.000000	6.737046
1994.000000	6.739186
1993.000000	6.720781
1992.000000	6.681725
1991.000000	6.651336
1990.000000	6.631326
1989.000000	6.624371
1988.000000	6.591200
1987.000000	6.564663
1986.000000	6.526463
1985.000000	6.529138
1984.000000	6.508272
1983.000000	6.477990
1982.000000	6.447494
1981.000000	6.426094
1980.000000	6.415072
1979.000000	6.370666
1978.000000	6.341347
1977.000000	6.333750
1976.000000	6.312456
1975.000000	6.276075
1974.000000	6.281532
1973.000000	6.242690
1972.000000	6.215832
1971.000000	6.207592
1970.000000	6.171960
1969.000000	6.159227
1968.000000	6.140180
1967.000000	6.134402
1966.000000	6.104976
1965.000000	6.120064
1964.000000	6.069237
1963.000000	6.051153
1962.000000	6.044091
1961.000000	6.029646
1960.000000	5.992836
1959.000000	5.997010
1958.000000	5.986737
1957.000000	5.985346
1956.000000	5.967156
1955.000000	5.933985
1954.000000	5.937623
1953.000000	5.880376
1952.000000	5.906699
1951.000000	5.882409
1950.000000	5.878771
1949.000000	5.856300
1948.000000	5.854374
1947.000000	5.826446
1946.000000	5.846456
1945.000000	5.818207
1944.000000	5.821738
1943.000000	5.799588
1942.000000	5.795201
1941.000000	5.805473
1940.000000	5.783966
1939.000000	5.777010
1938.000000	5.770055
1937.000000	5.797555
1936.000000	5.780114
1935.000000	5.786534
1934.000000	5.785250
1933.000000	5.791135
1932.000000	5.813392
1931.000000	5.804617
1930.000000	5.824092
1929.000000	5.816388
1928.000000	5.837788
1927.000000	5.865074
1926.000000	5.886475
1925.000000	5.891290
1924.000000	5.931737
1923.000000	5.926708
1922.000000	5.966086
1921.000000	5.985346
1920.000000	6.026436
1919.000000	6.059393
1918.000000	6.089461
1917.000000	6.130550
1916.000000	6.135365
1915.000000	6.199032
1914.000000	6.202884
1913.000000	6.284849
1912.000000	6.337709
1911.000000	6.389177
1910.000000	6.430802
1909.000000	6.466327
1908.000000	6.505062
1907.000000	6.560811
1906.000000	6.628544
1905.000000	6.704089
1904.000000	6.802318
1903.000000	6.858602
1902.000000	6.914243
1901.000000	6.986899
1900.000000	7.092725
1899.000000	7.200264
1898.000000	7.274845
1897.000000	7.404426
1896.000000	7.486391
1895.000000	7.570496
1894.000000	7.661984
1893.000000	7.785894
1892.000000	7.905310
1891.000000	8.051369
1890.000000	8.219900
1889.000000	8.378479
1888.000000	8.527535
1887.000000	8.704732
1886.000000	8.884177
1885.000000	9.109955
1884.000000	9.335732
1883.000000	9.607735
1882.000000	9.909485
1881.000000	10.178919
1880.000000	10.498646
1879.000000	10.787127
1878.000000	11.076464
1877.000000	11.394586
1876.000000	11.715489
1875.000000	12.040138
1874.000000	12.369922
1873.000000	12.669425
1872.000000	12.998996
1871.000000	13.309306
1870.000000	13.605812
1869.000000	13.877708
1868.000000	14.133982
1867.000000	14.334827
1866.000000	14.516305
1865.000000	14.662044
1864.000000	14.830146
1863.000000	14.951274
1862.000000	15.047791
1861.000000	15.179834
1860.000000	15.321720
1859.000000	15.440494
1858.000000	15.546641
1857.000000	15.638878
1856.000000	15.699121
1855.000000	15.763430
1854.000000	15.794354
1853.000000	15.833839
1852.000000	15.849354
1851.000000	15.852564
1850.000000	15.860590
1849.000000	15.854169
1848.000000	15.848284
1847.000000	15.851922
1846.000000	15.858771
1845.000000	15.834374
1844.000000	15.799919
1843.000000	15.779374
1842.000000	15.754763
1841.000000	15.756582
1840.000000	15.765143
1839.000000	15.761504
1838.000000	15.750376
1837.000000	15.721057
1836.000000	15.696125
1835.000000	15.675902
1834.000000	15.628927
1833.000000	15.581739
1832.000000	15.519998
1831.000000	15.473023
1830.000000	15.426798
1829.000000	15.375757
1828.000000	15.339590
1827.000000	15.278812
1826.000000	15.210330
1825.000000	15.164853
1824.000000	15.123550
1823.000000	15.065661
1822.000000	15.040729
1821.000000	15.017402
1820.000000	14.997821
1819.000000	14.994718
1818.000000	14.959620
1817.000000	14.917140
1816.000000	14.895311
1815.000000	14.886002
1814.000000	14.886537
1813.000000	14.882685
1812.000000	14.868239
1811.000000	14.838706
1810.000000	14.806070
1809.000000	14.777607
1808.000000	14.751606
1807.000000	14.727637
1806.000000	14.693182
1805.000000	14.662472
1804.000000	14.627054
1803.000000	14.576013
1802.000000	14.524651
1801.000000	14.490517
1800.000000	14.455634
1799.000000	14.406198
1798.000000	14.371529
1797.000000	14.333008
1796.000000	14.287639
1795.000000	14.255324
1794.000000	14.215304
1793.000000	14.167474
1792.000000	14.125314
1791.000000	14.083904
1790.000000	14.037785
1789.000000	13.995626
1788.000000	13.954002
1787.000000	13.902640
1786.000000	13.845072
1785.000000	13.812650
1784.000000	13.781191
1783.000000	13.705540
1782.000000	13.632456
1781.000000	13.588050
1780.000000	13.542573
1779.000000	13.482758
1778.000000	13.411815
1777.000000	13.356494
1776.000000	13.295823
1775.000000	13.217604
1774.000000	13.149550
1773.000000	13.074968
1772.000000	13.006700
1771.000000	12.909862
1770.000000	12.830144
1769.000000	12.763053
1768.000000	12.674347
1767.000000	12.605223
1766.000000	12.545515
1765.000000	12.488268
1764.000000	12.431235
1763.000000	12.405341
1762.000000	12.397422
1761.000000	12.385117
1760.000000	12.401167
1759.000000	12.432947
1758.000000	12.488375
1757.000000	12.548618
1756.000000	12.591527
1755.000000	12.632830
1754.000000	12.678948
1753.000000	12.727314
1752.000000	12.743257
1751.000000	12.743364
1750.000000	12.744863
1749.000000	12.756098
1748.000000	12.723569
1747.000000	12.693501
1746.000000	12.647275
1745.000000	12.577509
1744.000000	12.529358
1743.000000	12.447714
1742.000000	12.347559
1741.000000	12.230069
1740.000000	12.089359
1739.000000	11.949934
1738.000000	11.807833
1737.000000	11.660275
1736.000000	11.561190
1735.000000	11.466492
1734.000000	11.389129
1733.000000	11.344722
1732.000000	11.332417
1731.000000	11.338195
1730.000000	11.367728
1729.000000	11.423156
1728.000000	11.517854
1727.000000	11.591686
1726.000000	11.653427
1725.000000	11.715382
1724.000000	11.763213
1723.000000	11.830518
1722.000000	11.875352
1721.000000	11.903494
1720.000000	11.922648
1719.000000	11.939982
1718.000000	11.969087
1717.000000	12.002365
1716.000000	12.026441
1715.000000	12.057793
1714.000000	12.115789
1713.000000	12.154096
1712.000000	12.191013
1711.000000	12.235633
1710.000000	12.261100
1709.000000	12.281323
1708.000000	12.269553
1707.000000	12.271265
1706.000000	12.236275
1705.000000	12.212199
1704.000000	12.190906
1703.000000	12.147141
1702.000000	12.083153
1701.000000	11.995731
1700.000000	11.933883
1699.000000	11.849671
1698.000000	11.739137
1697.000000	11.629137
1696.000000	11.554128
1695.000000	11.504264
1694.000000	11.489498
1693.000000	11.521278
1692.000000	11.559585
1691.000000	11.633310
1690.000000	11.734429
1689.000000	11.864866
1688.000000	11.951111
1687.000000	11.994340
1686.000000	12.038854
1685.000000	12.092997
1684.000000	12.110867
1683.000000	12.179670
1682.000000	12.277899
1681.000000	12.468901
1680.000000	12.741117
1679.000000	13.066408
1678.000000	13.436426
1677.000000	13.806016
1676.000000	14.230178
1675.000000	14.589602
1674.000000	14.888249
1673.000000	15.163355
1672.000000	15.415027
1671.000000	15.649151
1670.000000	15.835765
1669.000000	16.020560
1668.000000	16.133234
1667.000000	16.291386
1666.000000	16.389294
1665.000000	16.488379
1664.000000	16.547552
1663.000000	16.632941
1662.000000	16.695431
1661.000000	16.748397
1660.000000	16.773650
1659.000000	16.827152
1658.000000	16.840527
1657.000000	16.869418
1656.000000	16.909117
1655.000000	16.884827
1654.000000	16.894029
1653.000000	16.880761
1652.000000	16.870167
1651.000000	16.843524
1650.000000	16.845450
1649.000000	16.818164
1648.000000	16.773329
1647.000000	16.760489
1646.000000	16.701851
1645.000000	16.677561
1644.000000	16.613145
1643.000000	16.579332
1642.000000	16.520266
1641.000000	16.467192
1640.000000	16.419790
1639.000000	16.346920
1638.000000	16.327232
1637.000000	16.265384
1636.000000	16.190160
1635.000000	16.150355
1634.000000	16.089791
1633.000000	16.040141
1632.000000	15.960424
1631.000000	15.894189
1630.000000	15.829987
1629.000000	15.762146
1628.000000	15.694306
1627.000000	15.643694
1626.000000	15.566972
1625.000000	15.495173
1624.000000	15.453013
1623.000000	15.361953
1622.000000	15.307703
1621.000000	15.230767
1620.000000	15.171273
1619.000000	15.102256
1618.000000	15.063200
1617.000000	14.995574
1616.000000	14.930836
1615.000000	14.869202
1614.000000	14.799543
1613.000000	14.753211
1612.000000	14.700779
1611.000000	14.644388
1610.000000	14.586285
1609.000000	14.526256
1608.000000	14.470080
1607.000000	14.418825
1606.000000	14.362541
1605.000000	14.326909
1604.000000	14.246228
1603.000000	14.190907
1602.000000	14.152493
1601.000000	14.083690
1600.000000	14.022805
1599.000000	13.985247
1598.000000	13.928642
1597.000000	13.875782
1596.000000	13.829022
1595.000000	13.782047
1594.000000	13.734110
1593.000000	13.689489
1592.000000	13.635238
1591.000000	13.576922
1590.000000	13.543964
1589.000000	13.503089
1588.000000	13.473984
1587.000000	13.432253
1586.000000	13.379286
1585.000000	13.350074
1584.000000	13.317010
1583.000000	13.270999
1582.000000	13.255162
1581.000000	13.222098
1580.000000	13.194170
1579.000000	13.166349
1578.000000	13.117556
1577.000000	13.105892
1576.000000	13.100649
1575.000000	13.085455
1574.000000	13.074647
1573.000000	13.068441
1572.000000	13.074112
1571.000000	13.058062
1570.000000	13.020610
1569.000000	13.009268
1568.000000	13.023714
1567.000000	13.019326
1566.000000	13.028315
1565.000000	13.018256
1564.000000	13.019433
1563.000000	13.021252
1562.000000	13.013120
1561.000000	13.000173
1560.000000	12.992469
1559.000000	13.000066
1558.000000	12.988616
1557.000000	12.974920
1556.000000	12.979093
1555.000000	12.985192
1554.000000	12.965290
1553.000000	12.938539
1552.000000	12.929016
1551.000000	12.905154
1550.000000	12.871555
1549.000000	12.873267
1548.000000	12.860640
1547.000000	12.828325
1546.000000	12.808744
1545.000000	12.807674
1544.000000	12.790874
1543.000000	12.764123
1542.000000	12.751176
1541.000000	12.741652
1540.000000	12.731808
1539.000000	12.703238
1538.000000	12.697460
1537.000000	12.678092
1536.000000	12.656478
1535.000000	12.641176
1534.000000	12.613034
1533.000000	12.600087
1532.000000	12.573978
1531.000000	12.547013
1530.000000	12.527752
1529.000000	12.501109
1528.000000	12.484951
1527.000000	12.457772
1526.000000	12.423531
1525.000000	12.390253
1524.000000	12.355691
1523.000000	12.324981
1522.000000	12.292880
1521.000000	12.262277
1520.000000	12.233814
1519.000000	12.195293
1518.000000	12.169184
1517.000000	12.137725
1516.000000	12.095030
1515.000000	12.056402
1514.000000	12.023873
1513.000000	11.993698
1512.000000	11.942122
1511.000000	11.898679
1510.000000	11.871179
1509.000000	11.837045
1508.000000	11.791890
1507.000000	11.745878
1506.000000	11.710674
1505.000000	11.678252
1504.000000	11.644760
1503.000000	11.609877
1502.000000	11.588048
1501.000000	11.543963
1500.000000	11.492280
1499.000000	11.452261
1498.000000	11.419732
1497.000000	11.396191
1496.000000	11.376395
1495.000000	11.341298
1494.000000	11.300851
1493.000000	11.270783
1492.000000	11.250880
1491.000000	11.237612
1490.000000	11.208507
1489.000000	11.186678
1488.000000	11.167524
1487.000000	11.146017
1486.000000	11.121299
1485.000000	11.105783
1484.000000	11.076464
1483.000000	11.062768
1482.000000	11.049714
1481.000000	11.030346
1480.000000	11.030132
1479.000000	11.006591
1478.000000	11.004665
1477.000000	10.993858
1476.000000	10.989899
1475.000000	10.979947
1474.000000	10.975667
1473.000000	10.976630
1472.000000	10.974811
1471.000000	10.977700
1470.000000	10.952126
1469.000000	10.946990
1468.000000	10.963897
1467.000000	10.981124
1466.000000	10.965930
1465.000000	10.959831
1464.000000	10.966572
1463.000000	10.983692
1462.000000	11.001562
1461.000000	11.010657
1460.000000	11.022535
1459.000000	11.049393
1458.000000	11.073575
1457.000000	11.103429
1456.000000	11.115521
1455.000000	11.149976
1454.000000	11.193312
1453.000000	11.230763
1452.000000	11.266610
1451.000000	11.316259
1450.000000	11.361950
1449.000000	11.414702
1448.000000	11.450442
1447.000000	11.476122
1446.000000	11.552844
1445.000000	11.600674
1444.000000	11.660703
1443.000000	11.703398
1442.000000	11.753582
1441.000000	11.822600
1440.000000	11.908095
1439.000000	11.957959
1438.000000	12.036821
1437.000000	12.108192
1436.000000	12.169077
1435.000000	12.235740
1434.000000	12.308716
1433.000000	12.384368
1432.000000	12.471041
1431.000000	12.551400
1430.000000	12.638608
1429.000000	12.748822
1428.000000	12.855397
1427.000000	12.959940
1426.000000	13.079783
1425.000000	13.191602
1424.000000	13.318508
1423.000000	13.469918
1422.000000	13.613517
1421.000000	13.768351
1420.000000	13.917835
1419.000000	14.071385
1418.000000	14.268913
1417.000000	14.441724
1416.000000	14.592705
1415.000000	14.799436
1414.000000	15.009163
1413.000000	15.236438
1412.000000	15.433646
1411.000000	15.633956
1410.000000	15.884558
1409.000000	16.160520
1408.000000	16.468583
1407.000000	16.793553
1406.000000	17.108464
1405.000000	17.430010
1404.000000	17.835660
1403.000000	18.151641
1402.000000	18.506785
1401.000000	18.842241
1400.000000	19.259127
1399.000000	19.638454
1398.000000	19.969951
1397.000000	20.267207
1396.000000	20.580513
1395.000000	20.947107
1394.000000	21.290909
1393.000000	21.591161
1392.000000	21.860381
1391.000000	22.213065
1390.000000	22.589931
1389.000000	22.885582
1388.000000	23.277321
1387.000000	23.769537
1386.000000	24.277697
1385.000000	24.765526
1384.000000	25.291341
1383.000000	25.881786
1382.000000	26.503797
1381.000000	27.086645
1380.000000	27.616740
1379.000000	27.997565
1378.000000	28.274811
1377.000000	28.510112
1376.000000	28.785325
1375.000000	28.980071
1374.000000	29.239127
1373.000000	29.506207
1372.000000	29.862315
1371.000000	30.221954
1370.000000	30.666553
1369.000000	31.032826
1368.000000	31.327620
1367.000000	31.680518
1366.000000	32.009554
1365.000000	32.252130
1364.000000	32.499523
1363.000000	32.741992
1362.000000	32.926680
1361.000000	33.148071
1360.000000	33.342710
1359.000000	33.461163
1358.000000	33.581649
1357.000000	33.700529
1356.000000	33.870665
1355.000000	34.107999
1354.000000	34.458221
1353.000000	34.925933
1352.000000	35.363577
1351.000000	35.905122
1350.000000	36.460363
1349.000000	36.969165
1348.000000	37.436663
1347.000000	37.882546
1346.000000	38.350900
1345.000000	38.695773
1344.000000	39.090187
1343.000000	39.505682
1342.000000	39.853443
1341.000000	40.212761
1340.000000	40.595726
1339.000000	40.950336
1338.000000	41.303768
1337.000000	41.648212
1336.000000	41.996830
1335.000000	42.316128
1334.000000	42.655436
1333.000000	42.981369
1332.000000	43.303984
1331.000000	43.627991
1330.000000	43.931666
1329.000000	44.237696
1328.000000	44.515370
1327.000000	44.770467
1326.000000	45.045466
1325.000000	45.311048
1324.000000	45.553518
1323.000000	45.795453
1322.000000	46.026045
1321.000000	46.255568
1320.000000	46.437474
1319.000000	46.650946
1318.000000	46.846655
1317.000000	47.040224
1316.000000	47.222451
1315.000000	47.403287
1314.000000	47.576740
1313.000000	47.728257
1312.000000	47.890367
1311.000000	48.033538
1310.000000	48.181951
1309.000000	48.323945
1308.000000	48.442077
1307.000000	48.554216
1306.000000	48.638107
1305.000000	48.731521
1304.000000	48.821832
1303.000000	48.908612
1302.000000	48.961793
1301.000000	49.012405
1300.000000	49.074253
1299.000000	49.117055
1298.000000	49.168844
1297.000000	49.203513
1296.000000	49.237541
1295.000000	49.271354
1294.000000	49.294787
1293.000000	49.303027
1292.000000	49.319826
1291.000000	49.340799
1290.000000	49.315225
1289.000000	49.305060
1288.000000	49.289651
1287.000000	49.272531
1286.000000	49.248134
1285.000000	49.204798
1284.000000	49.149584
1283.000000	49.097473
1282.000000	49.051034
1281.000000	48.979983
1280.000000	48.935577
1279.000000	48.873622
1278.000000	48.801073
1277.000000	48.746930
1276.000000	48.683477
1275.000000	48.627086
1274.000000	48.580432
1273.000000	48.533779
1272.000000	48.494723
1271.000000	48.449567
1270.000000	48.402164
1269.000000	48.348663
1268.000000	48.293663
1267.000000	48.240054
1266.000000	48.179062
1265.000000	48.137759
1264.000000	48.084364
1263.000000	48.035464
1262.000000	47.980571
1261.000000	47.919686
1260.000000	47.854521
1259.000000	47.795776
1258.000000	47.716486
1257.000000	47.644794
1256.000000	47.584979
1255.000000	47.509221
1254.000000	47.437100
1253.000000	47.349143
1252.000000	47.260437
1251.000000	47.164455
1250.000000	47.072860
1249.000000	46.973989
1248.000000	46.850828
1247.000000	46.725634
1246.000000	46.621948
1245.000000	46.484662
1244.000000	46.347270
1243.000000	46.225714
1242.000000	46.079333
1241.000000	45.909733
1240.000000	45.753615
1239.000000	45.602526
1238.000000	45.440950
1237.000000	45.275309
1236.000000	45.113520
1235.000000	44.944347
1234.000000	44.746926
1233.000000	44.539446
1232.000000	44.341704
1231.000000	44.151024
1230.000000	43.957775
1229.000000	43.748048
1228.000000	43.533186
1227.000000	43.323887
1226.000000	43.111057
1225.000000	42.887848
1224.000000	42.663247
1223.000000	42.444104
1222.000000	42.220788
1221.000000	41.984417
1220.000000	41.758747
1219.000000	41.540139
1218.000000	41.323992
1217.000000	41.124323
1216.000000	40.935034
1215.000000	40.745959
1214.000000	40.561592
1213.000000	40.383645
1212.000000	40.211584
1211.000000	40.032353
1210.000000	39.863394
1209.000000	39.716693
1208.000000	39.565390
1207.000000	39.432063
1206.000000	39.314895
1205.000000	39.210780
1204.000000	39.115012
1203.000000	39.034332
1202.000000	38.984361
1201.000000	38.942416
1200.000000	38.898437
1199.000000	38.821074
1198.000000	38.736541
1197.000000	38.637563
1196.000000	38.495783
1195.000000	38.307029
1194.000000	38.068304
1193.000000	37.752323
1192.000000	37.393861
1191.000000	36.985536
1190.000000	36.508408
1189.000000	36.033098
1188.000000	35.602837
1187.000000	35.244590
1186.000000	35.018705
1185.000000	34.918657
1184.000000	34.941770
1183.000000	35.109658
1182.000000	35.416223
1181.000000	35.855579
1180.000000	36.351862
1179.000000	36.892657
1178.000000	37.442013
1177.000000	37.924813
1176.000000	38.366309
1175.000000	38.772708
1174.000000	39.128388
1173.000000	39.472404
1172.000000	39.809358
1171.000000	40.168568
1170.000000	40.514832
1169.000000	40.882496
1168.000000	41.254119
1167.000000	41.610761
1166.000000	41.998756
1165.000000	42.366420
1164.000000	42.746175
1163.000000	43.164024
1162.000000	43.580695
1161.000000	44.001326
1160.000000	44.395955
1159.000000	44.798288
1158.000000	45.200193
1157.000000	45.590969
1156.000000	45.924606
1155.000000	46.256103
1154.000000	46.541588
1153.000000	46.793795
1152.000000	46.976022
1151.000000	47.123687
1150.000000	47.225982
1149.000000	47.317577
1148.000000	47.400398
1147.000000	47.509007
1146.000000	47.638053
1145.000000	47.824239
1144.000000	48.100522
1143.000000	48.398847
1142.000000	48.742757
1141.000000	49.166490
1140.000000	49.590438
1139.000000	50.029366
1138.000000	50.480600
1137.000000	50.971746
1136.000000	51.444594
1135.000000	51.957890
1134.000000	52.515699
1133.000000	53.031028
1132.000000	53.469635
1131.000000	53.897221
1130.000000	54.264350
1129.000000	54.609971
1128.000000	54.928734
1127.000000	55.173665
1126.000000	55.357283
1125.000000	55.508265
1124.000000	55.621475
1123.000000	55.717136
1122.000000	55.811513
1121.000000	55.891445
1120.000000	55.946979
1119.000000	56.004012
1118.000000	56.014927
1117.000000	56.034294
1116.000000	56.044245
1115.000000	56.028409
1114.000000	56.014605
1113.000000	55.996950
1112.000000	55.968273
1111.000000	55.941308
1110.000000	55.910705
1109.000000	55.902787
1108.000000	55.880744
1107.000000	55.841046
1106.000000	55.820715
1105.000000	55.785832
1104.000000	55.754480
1103.000000	55.744422
1102.000000	55.717671
1101.000000	55.668556
1100.000000	55.599539
1099.000000	55.577817
1098.000000	55.540473
1097.000000	55.512652
1096.000000	55.460542
1095.000000	55.419666
1094.000000	55.369696
1093.000000	55.307955
1092.000000	55.244073
1091.000000	55.185543
1090.000000	55.109356
1089.000000	55.033170
1088.000000	54.979240
1087.000000	54.881439
1086.000000	54.829542
1085.000000	54.748326
1084.000000	54.664436
1083.000000	54.582685
1082.000000	54.511956
1081.000000	54.417579
1080.000000	54.339038
1079.000000	54.257287
1078.000000	54.160128
1077.000000	54.094642
1076.000000	53.988709
1075.000000	53.924721
1074.000000	53.816861
1073.000000	53.728690
1072.000000	53.653146
1071.000000	53.564761
1070.000000	53.465034
1069.000000	53.359742
1068.000000	53.270180
1067.000000	53.199130
1066.000000	53.098654
1065.000000	53.005882
1064.000000	52.899199
1063.000000	52.805785
1062.000000	52.712906
1061.000000	52.600981
1060.000000	52.496224
1059.000000	52.406234
1058.000000	52.297947
1057.000000	52.191050
1056.000000	52.071314
1055.000000	51.954252
1054.000000	51.860624
1053.000000	51.740887
1052.000000	51.601461
1051.000000	51.503553
1050.000000	51.393019
1049.000000	51.269751
1048.000000	51.176872
1047.000000	51.100043
1046.000000	50.982767
1045.000000	50.859392
1044.000000	50.774752
1043.000000	50.687652
1042.000000	50.586105
1041.000000	50.478246
1040.000000	50.362254
1039.000000	50.289064
1038.000000	50.187945
1037.000000	50.066068
1036.000000	49.945369
1035.000000	49.847567
1034.000000	49.708677
1033.000000	49.590759
1032.000000	49.492423
1031.000000	49.380497
1030.000000	49.247064
1029.000000	49.103037
1028.000000	49.005878
1027.000000	48.872766
1026.000000	48.719751
1025.000000	48.598516
1024.000000	48.463691
1023.000000	48.307680
1022.000000	48.182486
1021.000000	48.030434
1020.000000	47.883733
1019.000000	47.753830
1018.000000	47.618043
1017.000000	47.480544
1016.000000	47.359951
1015.000000	47.238609
1014.000000	47.112880
1013.000000	47.008551
1012.000000	46.891596
1011.000000	46.800537
1010.000000	46.700488
1009.000000	46.611568
1008.000000	46.544370
1007.000000	46.458446
1006.000000	46.400130
1005.000000	46.310675
1004.000000	46.235665
1003.000000	46.164936
1002.000000	46.086716
1001.000000	46.012563
1000.000000	45.931347
999.000000	45.850881
998.000000	45.777797
997.000000	45.697973
996.000000	45.616008
995.000000	45.544423
994.000000	45.467166
993.000000	45.402536
992.000000	45.332877
991.000000	45.241710
990.000000	45.179220
989.000000	45.109989
988.000000	45.034123
987.000000	44.974415
986.000000	44.914386
985.000000	44.853180
984.000000	44.788657
983.000000	44.736547
982.000000	44.668492
981.000000	44.599475
980.000000	44.544903
979.000000	44.480701
978.000000	44.417248
977.000000	44.355721
976.000000	44.286597
975.000000	44.230634
974.000000	44.152736
973.000000	44.091637
972.000000	44.021763
971.000000	43.966978
970.000000	43.903632
969.000000	43.828836
968.000000	43.761959
967.000000	43.694226
966.000000	43.624352
965.000000	43.568818
964.000000	43.516600
963.000000	43.456036
962.000000	43.409597
961.000000	43.351708
960.000000	43.297778
959.000000	43.252836
958.000000	43.200619
957.000000	43.155356
956.000000	43.092438
955.000000	43.027594
954.000000	42.972166
953.000000	42.902507
952.000000	42.826428
951.000000	42.775815
950.000000	42.707547
949.000000	42.629648
948.000000	42.560631
947.000000	42.474493
946.000000	42.389853
945.000000	42.313453
944.000000	42.240156
943.000000	42.150915
942.000000	42.052257
941.000000	41.960234
940.000000	41.853124
939.000000	41.752862
938.000000	41.658057
937.000000	41.543670
936.000000	41.448437
935.000000	41.349352
934.000000	41.248447
933.000000	41.160384
932.000000	41.064294
931.000000	40.970238
930.000000	40.864091
929.000000	40.749383
928.000000	40.651796
927.000000	40.554530
926.000000	40.429443
925.000000	40.310348
924.000000	40.206020
923.000000	40.108325
922.000000	40.003997
921.000000	39.880408
920.000000	39.761313
919.000000	39.642860
918.000000	39.526869
917.000000	39.406169
916.000000	39.276159
915.000000	39.164341
914.000000	39.040110
913.000000	38.914702
912.000000	38.785762
911.000000	38.671376
910.000000	38.555705
909.000000	38.440034
908.000000	38.330570
907.000000	38.239617
906.000000	38.149092
905.000000	38.065522
904.000000	37.984306
903.000000	37.930163
902.000000	37.884472
901.000000	37.831613
900.000000	37.779823
899.000000	37.731778
898.000000	37.685339
897.000000	37.636438
896.000000	37.594707
895.000000	37.556186
894.000000	37.502470
893.000000	37.439980
892.000000	37.403171
891.000000	37.348171
890.000000	37.287500
889.000000	37.213560
888.000000	37.137481
887.000000	37.072102
886.000000	36.999126
885.000000	36.931392
884.000000	36.859807
883.000000	36.790362
882.000000	36.707755
881.000000	36.604390
880.000000	36.512260
879.000000	36.428048
878.000000	36.323078
877.000000	36.192105
876.000000	36.040160
875.000000	35.903945
874.000000	35.731348
873.000000	35.549442
872.000000	35.434414
871.000000	35.316282
870.000000	35.254434
869.000000	35.264706
868.000000	35.255183
867.000000	35.272410
866.000000	35.280115
865.000000	35.255397
864.000000	35.263850
863.000000	35.261389
862.000000	35.271875
861.000000	35.254648
860.000000	35.280008
859.000000	35.304191
858.000000	35.298733
857.000000	34.962400
856.000000	35.149500
855.000000	35.784300
854.000000	35.518800
853.000000	35.633700
852.000000	35.335300
851.000000	35.218700
850.000000	35.436000
849.000000	35.323700
848.000000	35.449400
847.000000	35.567700
846.000000	35.707400
845.000000	35.936900
844.000000	35.860200
843.000000	36.050000
842.000000	36.227400
841.000000	36.284900
840.000000	36.192600
839.000000	36.210700
838.000000	36.505500
837.000000	36.357600
836.000000	36.734800
835.000000	36.556200
834.000000	36.804200
833.000000	36.804700
832.000000	36.815800
831.000000	37.020500
830.000000	37.117800
829.000000	37.106600
828.000000	37.474200
827.000000	37.552400
826.000000	37.539100
825.000000	37.653400
824.000000	37.912500
823.000000	37.918300
822.000000	38.159900
821.000000	38.222400
820.000000	38.234600
819.000000	38.282300
818.000000	38.279700
817.000000	38.364300
816.000000	38.496800
815.000000	38.659700
814.000000	38.806500
813.000000	38.857600
812.000000	38.948000
811.000000	39.028900
810.000000	39.053700
809.000000	39.161800
808.000000	39.349300
807.000000	39.320400
806.000000	39.459600
805.000000	39.651900
804.000000	39.629800
803.000000	39.752500
802.000000	39.892900
801.000000	39.854000
800.000000	39.978200
799.000000	39.955900
798.000000	40.075600
797.000000	40.086000
796.000000	40.121500
795.000000	40.268900
794.000000	40.324600
793.000000	40.332900
792.000000	40.327200
791.000000	40.544500
790.000000	40.579200
789.000000	40.588400
788.000000	40.708500
787.000000	40.689000
786.000000	40.776100
785.000000	40.832300
784.000000	40.796200
783.000000	40.731200
782.000000	40.884700
781.000000	40.860600
780.000000	40.935600
779.000000	40.804600
778.000000	40.897100
777.000000	40.916000
776.000000	40.863100
775.000000	40.811800
774.000000	40.866300
773.000000	40.898100
772.000000	40.907300
771.000000	40.919600
770.000000	40.986500
769.000000	40.990800
768.000000	40.960100
767.000000	40.906200
766.000000	40.870900
765.000000	40.921400
764.000000	40.924900
763.000000	40.930600
762.000000	40.965000
761.000000	40.875400
760.000000	40.793700
759.000000	40.725600
758.000000	40.711700
757.000000	40.713100
756.000000	40.580400
755.000000	40.581800
754.000000	40.561200
753.000000	40.503300
752.000000	40.367500
751.000000	40.410900
750.000000	40.438400
749.000000	40.324900
748.000000	40.256500
747.000000	40.180200
746.000000	40.181400
745.000000	40.074900
744.000000	40.015400
743.000000	40.003000
742.000000	39.855800
741.000000	39.725400
740.000000	39.670600
739.000000	39.682000
738.000000	39.529600
737.000000	39.426000
736.000000	39.334600
735.000000	39.315200
734.000000	39.178400
733.000000	39.083900
732.000000	39.029600
731.000000	38.898500
730.000000	38.830000
729.000000	38.710600
728.000000	38.637800
727.000000	38.535300
726.000000	38.422500
725.000000	38.324600
724.000000	38.224400
723.000000	38.081600
722.000000	37.920000
721.000000	37.788900
720.000000	37.675300
719.000000	37.601600
718.000000	37.470500
717.000000	37.338500
716.000000	37.241100
715.000000	37.086700
714.000000	36.923900
713.000000	36.763100
712.000000	36.647400
711.000000	36.490800
710.000000	36.333300
709.000000	36.172300
708.000000	36.040400
707.000000	35.872800
706.000000	35.701000
705.000000	35.492900
704.000000	35.311000
703.000000	35.115300
702.000000	34.936000
701.000000	34.719100
700.000000	34.600700
699.000000	34.405100
698.000000	34.226100
697.000000	34.045400
696.000000	33.893600
695.000000	33.729400
694.000000	33.475600
693.000000	33.273100
692.000000	33.117900
691.000000	32.919000
690.000000	32.697000
689.000000	32.512600
688.000000	32.309600
687.000000	32.082000
686.000000	31.892900
685.000000	31.715600
684.000000	31.490700
683.000000	31.283600
682.000000	31.082700
681.000000	30.868000
680.000000	30.686600
679.000000	30.459400
678.000000	30.257700
677.000000	30.090100
676.000000	29.917400
675.000000	29.703700
674.000000	29.509000
673.000000	29.296300
672.000000	29.076900
671.000000	28.868500
670.000000	28.631600
669.000000	28.441400
668.000000	28.257500
667.000000	28.060400
666.000000	27.887500
665.000000	27.714400
664.000000	27.518600
663.000000	27.353600
662.000000	27.187400
661.000000	26.993700
660.000000	26.847100
659.000000	26.703200
658.000000	26.539900
657.000000	26.382400
656.000000	26.209000
655.000000	26.059300
654.000000	25.957400
653.000000	25.861900
652.000000	25.757800
651.000000	25.656000
650.000000	25.569700
649.000000	25.500900
648.000000	25.452600
647.000000	25.388300
646.000000	25.311900
645.000000	25.258500
644.000000	25.193400
643.000000	25.166700
642.000000	25.160700
641.000000	25.126300
640.000000	25.115300
639.000000	25.134500
638.000000	25.142400
637.000000	25.155000
636.000000	25.178400
635.000000	25.204700
634.000000	25.225900
633.000000	25.259300
632.000000	25.307500
631.000000	25.351400
630.000000	25.383600
629.000000	25.405700
628.000000	25.448500
627.000000	25.524000
626.000000	25.599500
625.000000	25.660000
624.000000	25.717600
623.000000	25.779700
622.000000	25.842000
621.000000	25.902100
620.000000	25.977500
619.000000	26.052500
618.000000	26.120000
617.000000	26.187300
616.000000	26.245400
615.000000	26.292700
614.000000	26.346000
613.000000	26.417000
612.000000	26.475800
611.000000	26.530300
610.000000	26.591500
609.000000	26.649500
608.000000	26.738100
607.000000	26.785700
606.000000	26.807900
605.000000	26.857700
604.000000	26.905700
603.000000	26.946500
602.000000	26.973000
601.000000	27.002100
600.000000	27.024300
599.000000	27.064300
598.000000	27.085500
597.000000	27.120400
596.000000	27.158200
595.000000	27.155600
594.000000	27.160000
593.000000	27.177000
592.000000	27.172300
591.000000	27.192700
590.000000	27.199300
589.000000	27.195800
588.000000	27.209200
587.000000	27.204800
586.000000	27.193700
585.000000	27.179800
584.000000	27.166000
583.000000	27.163100
582.000000	27.119000
581.000000	27.074200
580.000000	27.048400
579.000000	27.012700
578.000000	26.968700
577.000000	26.913800
576.000000	26.880500
575.000000	26.842000
574.000000	26.798200
573.000000	26.729200
572.000000	26.667000
571.000000	26.589200
570.000000	26.508100
569.000000	26.425500
568.000000	26.336700
567.000000	26.243300
566.000000	26.173100
565.000000	26.074800
564.000000	25.962000
563.000000	25.834300
562.000000	25.715200
561.000000	25.592200
560.000000	25.473700
559.000000	25.353600
558.000000	25.247000
557.000000	25.129300
556.000000	24.998100
555.000000	24.849800
554.000000	24.720000
553.000000	24.592700
552.000000	24.445000
551.000000	24.287900
550.000000	24.150200
549.000000	24.006300
548.000000	23.855500
547.000000	23.719400
546.000000	23.572600
545.000000	23.405100
544.000000	23.244400
543.000000	23.092000
542.000000	22.921900
541.000000	22.725700
540.000000	22.564500
539.000000	22.403100
538.000000	22.234400
537.000000	22.055100
536.000000	21.868500
535.000000	21.670700
534.000000	21.485200
533.000000	21.298800
532.000000	21.097800
531.000000	20.873200
530.000000	20.671500
529.000000	20.460300
528.000000	20.251900
527.000000	20.024900
526.000000	19.795100
525.000000	19.568300
524.000000	19.327100
523.000000	19.093200
522.000000	18.840100
521.000000	18.609200
520.000000	18.368100
519.000000	18.112200
518.000000	17.877700
517.000000	17.647100
516.000000	17.388700
515.000000	17.155700
514.000000	16.909100
513.000000	16.681500
512.000000	16.444200
511.000000	16.222200
510.000000	15.998500
509.000000	15.788200
508.000000	15.586300
507.000000	15.393900
506.000000	15.185700
505.000000	15.010900
504.000000	14.794000
503.000000	14.621900
502.000000	14.429700
501.000000	14.247000
500.000000	14.095900
499.000000	13.898800
498.000000	13.770300
497.000000	13.634200
496.000000	13.457900
495.000000	13.322500
494.000000	13.182500
493.000000	13.061000
492.000000	12.937100
491.000000	12.820600
490.000000	12.731100
489.000000	12.596300
488.000000	12.501800
487.000000	12.403000
486.000000	12.317600
485.000000	12.213900
484.000000	12.123000
483.000000	12.045400
482.000000	11.952200
481.000000	11.853400
480.000000	11.723900
479.000000	11.625800
478.000000	11.517900
477.000000	11.420400
476.000000	11.328400
475.000000	11.237700
474.000000	11.160400
473.000000	11.066100
472.000000	10.995000
471.000000	10.915200
470.000000	10.841500
469.000000	10.775400
468.000000	10.707100
467.000000	10.631100
466.000000	10.576200
465.000000	10.521200
464.000000	10.466100
463.000000	10.407800
462.000000	10.389400
461.000000	10.336200
460.000000	10.271500
459.000000	10.219600
458.000000	10.183200
457.000000	10.132300
456.000000	10.097300
455.000000	10.040000
454.000000	9.999500
453.000000	9.954300
452.000000	9.916200
451.000000	9.858100
450.000000	9.790300
449.000000	9.745500
448.000000	9.698300
447.000000	9.605700
446.000000	9.547300
445.000000	9.504700
444.000000	9.446500
443.000000	9.363500
442.000000	9.293700
441.000000	9.227700
440.000000	9.137900
439.000000	9.068700
438.000000	8.985800
437.000000	8.897100
436.000000	8.818600
435.000000	8.752500
434.000000	8.664000
433.000000	8.569800
432.000000	8.479300
431.000000	8.393700
430.000000	8.313700
429.000000	8.220300
428.000000	8.142800
427.000000	8.081400
426.000000	8.002400
425.000000	7.913500
424.000000	7.832400
423.000000	7.753300
422.000000	7.665700
421.000000	7.581200
420.000000	7.506100
419.000000	7.414500
418.000000	7.321500
417.000000	7.246100
416.000000	7.159900
415.000000	7.058100
414.000000	6.975700
413.000000	6.908100
412.000000	6.816200
411.000000	6.724800
410.000000	6.647200
409.000000	6.563300
408.000000	6.478500
407.000000	6.398000
406.000000	6.310600
405.000000	6.233600
404.000000	6.142400
403.000000	6.080600
402.000000	5.991300
401.000000	5.926000
400.000000	5.869500
399.000000	5.795700
398.000000	5.716400
397.000000	5.643700
396.000000	5.577200
395.000000	5.489100
394.000000	5.427000
393.000000	5.373300
392.000000	5.310400
391.000000	5.233100
390.000000	5.191500
389.000000	5.136400
388.000000	5.098100
387.000000	5.041200
386.000000	4.996700
385.000000	4.952500
384.000000	4.906200
383.000000	4.879900
382.000000	4.812800
381.000000	4.774000
380.000000	4.759500
379.000000	4.720600
378.000000	4.689700
377.000000	4.680800
376.000000	4.713300
375.000000	4.627700
374.000000	4.285000
373.000000	4.223200
372.000000	4.284800
371.000000	4.309100
370.000000	4.366200
369.000000	4.305000
368.000000	4.284800
367.000000	4.339900
366.000000	4.282500
365.000000	4.160100
364.000000	4.245200
363.000000	4.320800
362.000000	4.287400
361.000000	4.300100
360.000000	4.247200
359.000000	4.176600
358.000000	4.283400
357.000000	4.195600
356.000000	4.132500
355.000000	4.162300
354.000000	4.264000
353.000000	4.354600
352.000000	4.341000
351.000000	4.397800
350.000000	4.411100
349.000000	4.375800
348.000000	4.236000
347.000000	4.179600
346.000000	4.303900
345.000000	4.241300
344.000000	4.098600
343.000000	4.225400
342.000000	4.330300
341.000000	4.189300
340.000000	4.209800
339.000000	4.334800
338.000000	4.239100
337.000000	4.193000
336.000000	4.198300
335.000000	4.351800
334.000000	4.344700
333.000000	4.196600
332.000000	4.296900
331.000000	4.368100
330.000000	4.375000
329.000000	4.421900
328.000000	4.406500
327.000000	4.276900
326.000000	4.292300
325.000000	4.384300
324.000000	4.366100
323.000000	4.540000
322.000000	4.505900
321.000000	4.520300
320.000000	4.526200
319.000000	4.457200
318.000000	4.682800
317.000000	4.859500
316.000000	4.522000
315.000000	4.253500
314.000000	4.283900
313.000000	4.295400
312.000000	4.265000
311.000000	4.252600
310.000000	4.247700
309.000000	4.249900
308.000000	4.245600
307.000000	4.241800
306.000000	4.236400
305.000000	4.256500
304.000000	4.268600
303.000000	4.256100
302.000000	4.239500
301.000000	4.237000
300.000000	4.238100
299.000000	4.264000
298.000000	4.284100
297.000000	4.272500
296.000000	4.261500
295.000000	4.218000
294.000000	4.231000
293.000000	4.237000
292.000000	4.262800
291.000000	4.244600
290.000000	4.242900
289.000000	4.262700
288.000000	4.240700
287.000000	4.228500
286.000000	4.262200
285.000000	4.271500
284.000000	4.274300
283.000000	4.304200
282.000000	4.259300
281.000000	4.242000
280.000000	4.259900
279.000000	4.288100
278.000000	4.280000
277.000000	4.265600
276.000000	4.272300
275.000000	4.302100
274.000000	4.312200
273.000000	4.326600
272.000000	4.303400
271.000000	4.332600
270.000000	4.352100
269.000000	4.335100
268.000000	4.380100
267.000000	4.381300
266.000000	4.418100
265.000000	4.415700
264.000000	4.447000
263.000000	4.481600
262.000000	4.475600
261.000000	4.517600
260.000000	4.531300
259.000000	4.517400
258.000000	4.535000
257.000000	4.577100
256.000000	4.590100
255.000000	4.587300
254.000000	4.611800
253.000000	4.624600
252.000000	4.601600
251.000000	4.626300
250.000000	4.617000
