0137 ELITRO
Integration time [ms]:   8,000
Averaging Nr. [scans]: 10
Smoothing Nr. [pixels]: 0
Data measured with spectrometer [name]: 7314920SP
Wave   ;Sample   ;Dark     ;Reference;Reflectance
[nm]   ;[counts] ;[counts] ;[counts] ;[%]

 199,42;  108,711;   63,873;  150,055;52,02666
 200,02;  122,638;   92,669;  145,732;56,47934
 200,62;   72,463;   67,563;   88,793;23,08200
 201,22;  105,268;   86,969;  138,011;35,85198
 201,82;   94,500;   66,174;  141,790;37,46026
 202,42;  125,495;  101,668;  154,973;44,69963
 203,03;   62,779;   60,168;   91,775; 8,26060
 203,63;   96,606;   69,967;  109,037;68,18106
 204,23;   98,618;   70,671;  129,903;47,18204
 204,83;  105,419;   74,567;  123,718;62,76949
 205,43;   90,811;   56,673;  123,555;51,04155
 206,03;   82,376;   50,167;   90,459;79,93874
 206,63;   72,883;   68,865;  100,007;12,90284
 207,24;  120,147;   74,675;  162,566;51,73605
 207,84;   57,732;   39,967;   83,699;40,62344
 208,44;   70,468;   50,669;   95,011;44,65202
 209,04;   55,226;   47,365;   85,066;20,85166
 209,64;   99,151;   69,972;  127,998;50,28558
 210,24;   67,119;   45,367;   97,218;41,95075
 210,84;   73,512;   51,469;  101,970;43,64784
 211,44;  100,585;   86,470;  122,908;38,73725
 212,05;   77,826;   60,865;   99,266;44,16854
 212,65;   84,579;   66,368;  112,975;39,07312
 213,25;  114,695;   93,768;  142,073;43,32291
 213,85;   98,799;   84,465;  114,904;47,09109
 214,45;   70,019;   53,367;  100,418;35,39117
 215,05;   63,212;   39,369;  100,070;39,27876
 215,65;   79,555;   55,169;  105,630;48,32657
 216,25;   56,419;   40,267;   82,518;38,22842
 216,85;   52,725;   34,069;   89,651;33,56514
 217,45;   61,679;   49,068;   97,375;26,10565
 218,05;   91,215;   58,270;  112,886;60,32012
 218,66;   50,582;   28,769;   75,692;46,48711
 219,26;   58,906;   26,567;   79,337;61,28166
 219,86;   59,931;   36,771;   81,584;51,68233
 220,46;   78,671;   54,270;  104,127;48,94298
 221,06;   80,618;   51,871;  115,903;44,89453
 221,66;   77,348;   43,471;  103,481;56,45113
 222,26;   75,551;   39,772;  102,398;57,13081
 222,86;   81,309;   67,268;  118,954;27,16518
 223,46;   69,219;   51,767;   88,918;46,97550
 224,06;  100,674;   64,971;  120,343;64,47897
 224,66;   82,501;   57,570;  105,805;51,68643
 225,26;   79,342;   48,169;  113,748;47,53359
 225,86;   71,281;   42,173;  112,376;41,46220
 226,46;   75,652;   49,968;  102,913;48,51014
 227,06;   55,001;   27,670;   87,705;45,52505
 227,66;   55,256;   37,665;   74,845;47,31325
 228,27;   55,571;   29,270;   96,227;39,28120
 228,87;  115,858;   89,170;  143,046;49,53592
 229,47;   67,294;   29,172;   92,357;60,33347
 230,07;   32,742;   11,169;   59,648;44,49773
 230,67;   53,325;   38,169;   84,651;32,60655
 231,27;   58,471;   27,670;   76,327;63,30331
 231,87;   68,025;   43,169;  100,751;43,16653
 232,47;   89,760;   43,775;  132,047;52,09450
 233,07;   57,440;   42,965;   75,547;44,42547
 233,67;   70,479;   53,768;   94,275;41,25411
 234,27;   36,976;    0,567;   53,259;69,09759
 234,87;   67,331;   34,771;  106,084;45,65845
 235,47;   48,842;   16,169;   74,148;56,35152
 236,07;   40,973;   30,266;   72,042;25,62856
 236,67;   63,246;   49,966;   85,180;37,71060
 237,27;   63,997;   28,873;  109,074;43,79501
 237,87;   61,301;   25,370;   99,805;48,27159
 238,47;   36,938;   14,269;   68,032;42,16600
 239,07;   59,407;   33,272;   95,738;41,83914
 239,67;   87,723;   43,477;  131,421;50,31173
 240,27;   80,781;   46,773;  119,176;46,96998
 240,87;   86,240;   50,773;  119,533;51,58095
 241,47;   49,637;   39,164;   76,131;28,33025
 242,07;   57,765;   39,968;   92,894;33,62667
 242,67;   23,254;  -11,027;   77,914;38,54307
 243,27;   21,019;    7,767;   46,418;34,28604
 243,87;   71,475;   48,671;  108,343;38,21467
 244,47;   64,818;   22,371;   99,703;54,88914
 245,07;   23,912;    2,669;   55,770;40,00414
 245,67;   49,179;   31,068;   85,575;33,22662
 246,27;   43,283;   34,965;   69,007;24,43508
 246,87;   45,709;   26,668;   63,154;52,18639
 247,46;   16,763;   19,663;   23,793;-70,21275
 248,06;   44,215;   20,470;   69,786;48,14765
 248,66;   57,851;   31,072;  105,898;35,78788
 249,26;   40,073;   32,366;   70,742;20,08185
 249,86;   57,281;   42,873;  102,176;24,29525
 250,46;   52,503;   16,775;   93,507;46,56249
 251,06;   41,079;   22,168;   65,375;43,76788
 251,66;   38,288;   20,771;   64,724;39,85396
 252,26;   43,459;   38,866;   70,261;14,62972
 252,86;   39,312;   35,969;   89,070; 6,29476
 253,46;    7,219;   -8,033;   22,118;50,58492
 254,06;   43,129;   31,766;   79,483;23,81441
 254,66;   58,911;   34,973;  100,155;36,72420
 255,26;   73,524;   39,073;  118,836;43,19188
 255,86;   43,337;   37,464;   55,631;32,32693
 256,46;   49,885;   19,870;   70,208;59,62692
 257,05;   41,445;   23,570;   59,565;49,65810
 257,65;   78,231;   38,071;   97,684;67,36847
 258,25;   71,694;   37,372;  101,457;53,55652
 258,85;   43,112;   15,669;   51,770;76,01622
 259,45;   17,625;    6,869;   42,951;29,81038
 260,05;   42,619;   46,667;   85,818;-10,33944
 260,65;   56,759;   45,066;   83,561;30,37533
 261,25;   43,775;   29,371;   85,943;25,46054
 261,85;   20,504;   -0,129;   47,622;43,21023
 262,45;   75,412;   46,169;  109,270;46,34253
 263,04;   73,667;   53,073;  116,295;32,57439
 263,64;   54,949;   33,767;   77,097;48,88485
 264,24;   63,061;   37,671;   89,062;49,40526
 264,84;   99,714;   58,974;  138,671;51,11797
 265,44;   38,435;   26,368;   67,716;29,18591
 266,04;   47,243;   48,865;   71,464;-7,18104
 266,64;   56,246;   39,866;   86,780;34,91368
 267,24;   63,346;   40,166;   68,980;80,44521
 267,84;   46,095;   24,668;   76,573;41,28140
 268,43;   64,622;   48,368;   95,935;34,17119
 269,03;   57,582;   46,969;   87,892;25,93437
 269,63;   80,916;   58,566;   92,402;66,05396
 270,23;   15,656;   10,765;   39,045;17,29473
 270,83;   71,259;   55,266;   83,161;57,33270
 271,43;   50,192;   23,967;   58,856;75,16661
 272,03;   72,635;   64,168;   99,116;24,22968
 272,62;   43,055;   23,269;   68,730;43,52310
 273,22;   35,258;   11,970;   61,046;47,45286
 273,82;   25,397;   17,460;   26,403;88,75391
 274,42;   20,580;   25,164;   46,890;-21,09804
 275,02;   39,996;   34,864;   60,388;20,10664
 275,62;   74,594;   31,972;  100,457;62,23510
 276,21;   45,828;   22,770;   69,267;49,59035
 276,81;   56,532;   46,767;   71,099;40,13418
 277,41;   54,191;   22,971;   96,341;42,55112
 278,01;   16,796;   21,364;   42,788;-21,32282
 278,61;   64,368;   38,869;   83,811;56,73901
 279,20;   92,381;   65,473;  119,076;50,19804
 279,80;   -3,613;    6,762;   11,539;-217,17661
 280,40;   44,473;   36,866;   79,742;17,74097
 281,00;   22,668;   -4,331;   33,311;71,72760
 281,60;   44,070;   20,774;   74,812;43,11133
 282,20;   44,085;   36,670;   70,108;22,17579
 282,79;   47,622;   29,568;   70,135;44,50473
 283,39;   22,316;   17,466;   44,702;17,80694
 283,99;   24,840;   23,165;   34,347;14,97894
 284,59;   33,898;   16,869;   45,289;59,91942
 285,19;   33,076;   27,067;   57,759;19,57790
 285,78;   35,585;   23,270;   63,808;30,37917
 286,38;   42,383;   39,665;   59,207;13,90956
 286,98;   59,722;   35,168;   73,535;63,99845
 287,58;   27,918;    4,771;   61,403;40,87242
 288,17;   46,224;    8,973;   80,336;52,19952
 288,77;   62,720;   19,976;   92,504;58,93414
 289,37;   27,912;   11,269;   57,670;35,86689
 289,97;   56,940;   48,965;   66,647;45,10065
 290,57;   61,378;   46,672;   93,260;31,56562
 291,16;   81,035;   63,868;  102,616;44,30625
 291,76;   25,058;    5,570;   47,346;46,64871
 292,36;   49,406;   34,367;   58,137;63,26602
 292,96;   36,237;   -3,127;   60,117;62,24250
 293,55;   44,132;   24,267;   65,399;48,29672
 294,15;   47,728;   26,870;   62,567;58,43055
 294,75;   44,483;   42,065;   66,207;10,01663
 295,35;   21,935;   21,068;   52,016; 2,80405
 295,94;   41,089;   42,967;   66,740;-7,89753
 296,54;   39,152;   30,768;   70,613;21,04065
 297,14;   52,948;   29,971;   76,881;48,97958
 297,73;   26,313;   12,165;   40,085;50,67188
 298,33;   48,829;   28,066;   57,583;70,34422
 298,93;   53,409;   41,968;   82,554;28,18853
 299,53;   45,764;   24,872;   69,079;47,26002
 300,12;   22,048;  -12,229;   59,481;47,79853
 300,72;   69,549;   41,567;   91,197;56,38093
 301,32;   64,731;   25,771;   99,584;52,78257
 301,92;   27,323;    3,664;   33,050;80,51190
 302,51;   25,762;   11,567;   49,978;36,95633
 303,11;   29,876;   14,667;   48,759;44,61127
 303,71;   43,838;   21,369;   82,132;36,97930
 304,30;   25,086;    5,466;   38,423;59,53200
 304,90;   24,429;   19,666;   44,283;19,35055
 305,50;   30,256;   18,565;   64,345;25,53731
 306,09;   31,973;   15,466;   49,042;49,16159
 306,69;   49,461;   34,171;   90,262;27,25914
 307,29;   16,654;   18,760;   33,144;-14,64263
 307,88;   56,498;   43,269;   72,489;45,27397
 308,48;   24,971;    0,070;   49,727;50,14701
 309,08;   -1,223;   -4,437;   11,774;19,82561
 309,68;   25,613;   22,365;   39,585;18,85988
 310,27;   24,855;   20,169;   49,830;15,79802
 310,87;   43,052;   23,468;   54,813;62,47799
 311,47;   61,619;   54,967;   92,918;17,52771
 312,06;   53,369;   47,865;   68,426;26,77197
 312,66;   72,535;   51,168;  100,016;43,74342
 313,26;   66,888;   48,571;   96,224;38,43834
 313,85;   62,476;   38,267;   65,959;87,42208
 314,45;   59,168;   42,969;   86,611;37,11921
 315,04;   67,169;   52,165;   81,826;50,58698
 315,64;   45,549;   21,267;   47,897;91,18325
 316,24;   63,871;   40,770;   85,627;51,50033
 316,83;   53,973;   40,366;   76,742;37,40527
 317,43;   42,892;   35,167;   68,156;23,41602
 318,03;   45,050;   39,063;   70,012;19,34371
 318,62;   81,400;   73,061;   94,820;38,32650
 319,22;   41,995;    7,668;   66,973;57,88255
 319,82;   59,835;   40,768;   93,516;36,14883
 320,41;   85,638;   59,069;   98,732;66,98831
 321,01;  106,156;   80,465;  115,945;72,41028
 321,60;   83,580;   81,164;  102,790;11,17185
 322,20;   88,011;   67,673;  132,855;31,20117
 322,80;   77,749;   54,567;   91,797;62,26672
 323,39;   66,753;   65,764;   94,828; 3,40195
 323,99;   73,359;   61,766;  102,661;28,34818
 324,59;   73,750;   73,063;   97,512; 2,80837
 325,18;   69,462;   40,967;   92,178;55,64306
 325,78;   93,413;   76,365;  108,885;52,42186
 326,37;   85,279;   74,868;  108,075;31,35133
 326,97;   84,149;   63,267;  111,497;43,29623
 327,57;   42,263;   42,263;   76,493; 0,00084
 328,16;   80,737;   60,864;   93,631;60,64863
 328,76;   70,489;   50,467;  110,140;33,55361
 329,35;   88,931;   56,871;  137,484;39,77078
 329,95;   66,085;   27,470;   91,308;60,48905
 330,54;   76,819;   52,167;   94,018;58,90381
 331,14;   40,932;   26,967;   82,599;25,10341
 331,74;   75,856;   54,165;   96,145;51,67004
 332,33;   71,471;   35,370;  108,127;49,61929
 332,93;   58,923;   43,764;   79,250;42,71894
 333,52;   55,316;   42,466;   93,102;25,37704
 334,12;   89,882;   72,069;  140,392;26,07192
 334,71;   64,573;   50,666;   87,942;37,30696
 335,31;   83,176;   63,267;  119,859;35,17964
 335,90;   39,704;   32,362;   53,836;34,18738
 336,50;   39,383;   30,665;   77,207;18,73189
 337,10;   74,055;   38,769;  121,530;42,63606
 337,69;   66,683;   51,765;   93,707;35,56857
 338,29;   56,806;   30,467;  101,037;37,32227
 338,88;   58,109;   22,468;   99,854;46,05574
 339,48;   77,260;   57,862;  111,677;36,04640
 340,07;   72,702;   48,566;  107,321;41,07974
 340,67;   69,831;   31,171;  124,784;41,29813
 341,26;   67,773;   48,466;   98,942;38,24894
 341,86;   94,542;   61,469;  138,348;43,01832
 342,45;   80,698;   45,669;  142,689;36,10495
 343,05;   66,098;   27,269;  115,689;43,91433
 343,64;   80,346;   47,366;  122,480;43,90582
 344,24;   56,083;   28,765;   92,107;43,12803
 344,83;   76,140;   71,365;  121,747; 9,47758
 345,43;   51,489;   29,667;  114,240;25,80310
 346,02;   64,425;   41,469;  124,351;27,69744
 346,62;   84,288;   40,971;  140,424;43,55522
 347,21;   68,513;   42,165;  131,985;29,33383
 347,81;   76,478;   26,172;  140,560;43,97820
 348,40;   49,237;   29,064;  100,731;28,14802
 349,00;   69,650;   49,163;  137,712;23,13600
 349,59;  104,958;   65,870;  177,846;34,90743
 350,19;   73,188;   32,571;  139,424;38,01206
 350,78;   67,476;   55,467;  140,759;14,07968
 351,38;   48,725;   15,869;  140,951;26,26772
 351,97;   63,389;   26,767;  136,040;33,51463
 352,57;   72,071;   42,570;  155,827;26,04830
 353,16;   53,653;   30,564;  134,328;22,25119
 353,76;   80,258;   38,770;  169,846;31,65182
 354,35;   70,442;   27,669;  160,148;32,28591
 354,95;   69,628;   43,970;  182,067;18,57988
 355,54;   80,695;   38,368;  163,973;33,69854
 356,14;   73,942;   40,069;  164,749;27,16741
 356,73;   56,960;   29,162;  145,176;23,96095
 357,32;   54,538;   13,769;  164,432;27,06025
 357,92;   68,121;   17,772;  181,419;30,76674
 358,51;   90,464;   43,372;  214,179;27,57041
 359,11;   79,878;   36,772;  212,360;24,54940
 359,70;   67,445;   28,470;  189,965;24,13345
 360,30;   78,687;   54,562;  188,039;18,07466
 360,89;   57,209;   31,168;  188,054;16,59838
 361,48;  100,228;   55,570;  216,467;27,75576
 362,08;   56,992;   19,867;  187,156;22,19196
 362,67;   73,463;   39,763;  192,693;22,03643
 363,27;  102,262;   60,767;  247,678;22,20053
 363,86;   75,856;   35,765;  215,745;22,27524
 364,46;  105,837;   44,664;  257,231;28,77814
 365,05;  108,178;   64,659;  254,989;22,86502
 365,64;  103,181;   50,960;  269,706;23,87300
 366,24;  111,818;   38,558;  309,432;27,04580
 366,83;  152,809;   43,255;  335,383;37,50198
 367,43;  153,832;   51,545;  352,843;33,94881
 368,02;  169,651;   34,646;  399,757;36,97651
 368,61;  226,427;   62,239;  475,425;39,73703
 369,21;  198,849;   32,419;  445,299;40,30944
 369,80;  237,236;   43,007;  526,947;40,13489
 370,39;  300,289;   62,006;  604,971;43,88560
 370,99;  305,391;   42,089;  615,416;45,92527
 371,58;  296,042;   22,974;  630,953;44,91402
 372,18;  352,930;   37,166;  701,603;47,52365
 372,77;  335,705;   42,449;  679,385;46,04164
 373,36;  356,996;   42,747;  690,836;48,48857
 373,96;  331,302;   35,135;  639,498;49,00482
 374,55;  312,373;   29,844;  621,406;47,75990
 375,14;  282,062;   42,849;  573,826;45,05144
 375,74;  265,273;   69,157;  543,276;41,36427
 376,33;  211,611;   45,964;  464,589;39,56928
 376,92;  175,284;   33,278;  447,997;34,24147
 377,52;  267,153;   86,103;  548,460;39,15808
 378,11;  200,294;   46,703;  457,203;37,41555
 378,71;  237,608;   73,011;  514,270;37,30159
 379,30;  253,969;   59,517;  553,928;39,33013
 379,89;  248,314;   59,813;  556,103;37,98201
 380,49;  251,729;   31,018;  568,185;41,08804
 381,08;  280,176;   70,306;  570,990;41,91663
 381,67;  278,525;   55,008;  555,483;44,66108
 382,26;  243,776;   41,706;  539,390;40,60205
 382,86;  248,067;   54,003;  516,041;42,00167
 383,45;  253,697;   50,412;  562,105;39,72793
 384,04;  253,111;   38,712;  553,886;41,61674
 384,64;  245,674;   49,014;  566,760;37,98385
 385,23;  268,363;   64,406;  560,509;41,11169
 385,82;  280,693;   59,615;  592,774;41,46570
 386,42;  307,121;   61,024;  659,022;41,15350
 387,01;  284,687;   55,414;  580,541;43,66057
 387,60;  295,485;   69,009;  590,140;43,45865
 388,20;  276,297;   37,712;  590,805;43,13651
 388,79;  348,159;   72,418;  665,563;46,48793
 389,38;  278,476;   32,106;  564,890;46,24198
 389,97;  300,007;   45,415;  640,955;42,74972
 390,57;  327,804;   71,114;  654,038;44,03478
 391,16;  339,004;   62,514;  655,838;46,60006
 391,75;  339,257;   52,713;  638,562;48,91089
 392,34;  368,182;   60,821;  696,694;48,33686
 392,94;  355,246;   44,718;  689,683;48,14645
 393,53;  352,666;   41,016;  666,612;49,81659
 394,12;  402,118;   53,023;  719,105;52,41018
 394,72;  390,301;   54,213;  706,122;51,55435
 395,31;  400,993;   42,115;  694,874;54,97867
 395,90;  415,864;   42,924;  732,881;54,05266
 396,49;  466,333;   58,028;  779,187;56,61791
 397,09;  453,513;   47,417;  749,188;57,86731
 397,68;  495,137;   44,025;  800,719;59,61624
 398,27;  523,944;   54,626;  809,652;62,15910
 398,86;  519,511;   43,125;  807,657;62,31073
 399,45;  575,142;   56,630;  844,037;65,85063
 400,05;  550,935;   23,820;  799,518;67,95371
 400,64;  594,332;   56,419;  831,001;69,44560
 401,23;  604,109;   53,920;  859,956;68,25857
 401,82;  634,209;   67,220;  868,256;70,78192
 402,42;  665,125;   62,921;  873,953;74,25156
 403,01;  707,237;   81,525;  912,919;75,26064
 403,60;  720,789;   68,532;  940,513;74,80177
 404,19;  761,751;   76,024;  931,900;80,11986
 404,78;  730,271;   57,522;  909,929;78,92348
 405,38;  801,005;   68,332;  984,210;79,99680
 405,97;  793,857;   63,226;  953,933;82,02820
 406,56;  828,263;   71,528; 1004,366;81,12183
 407,15;  842,109;   68,829;  989,442;83,99628
 407,74;  895,313;   80,730; 1026,758;86,10552
 408,34;  874,492;   50,933; 1018,629;85,10512
 408,93;  932,159;   59,531; 1016,234;91,21198
 409,52;  930,414;   51,435; 1041,359;88,79259
 410,11;  981,845;   84,931; 1090,453;89,19888
 410,70;  943,273;   54,727; 1027,230;91,36692
 411,29;  973,477;   58,628; 1030,847;94,09902
 411,89; 1033,744;   60,535; 1093,938;94,17522
 412,48; 1021,220;   48,228; 1051,606;96,97158
 413,07; 1036,495;   65,033; 1101,446;93,73313
 413,66; 1083,358;   78,135; 1102,119;98,16783
 414,25; 1115,607;   63,337; 1142,311;97,52506
 414,84; 1135,459;   69,431; 1102,434;103,19696
 415,44; 1144,826;   91,530; 1155,939;98,95592
 416,03; 1164,234;   76,637; 1161,173;100,28222
 416,62; 1187,154;   76,138; 1168,687;101,69022
 417,21; 1193,611;   75,334; 1158,843;103,20887
 417,80; 1211,051;   65,037; 1162,871;104,38863
 418,39; 1208,773;   78,440; 1179,201;102,68652
 418,98; 1196,038;   55,634; 1143,405;104,83862
 419,58; 1200,165;   64,033; 1142,067;105,38926
 420,17; 1214,028;   52,735; 1164,540;104,45110
 420,76; 1232,934;   72,537; 1192,873;103,57578
 421,35; 1212,588;   60,236; 1155,197;105,24131
 421,94; 1297,373;   88,340; 1223,501;106,50763
 422,53; 1277,760;   61,540; 1195,320;107,27123
 423,12; 1283,283;   64,039; 1190,766;108,21120
 423,71; 1277,244;   60,835; 1162,138;110,45186
 424,30; 1292,604;   85,236; 1210,695;107,27786
 424,90; 1251,924;   39,438; 1163,809;107,83684
 425,49; 1311,330;   70,140; 1216,242;108,29667
 426,08; 1336,530;   80,240; 1209,641;111,23500
 426,67; 1277,131;   57,436; 1168,257;109,80123
 427,26; 1318,239;   60,343; 1230,391;107,50808
 427,85; 1322,667;   63,238; 1209,968;109,82784
 428,44; 1347,423;   68,442; 1218,093;111,24943
 429,03; 1360,849;   85,341; 1233,155;111,12497
 429,62; 1376,406;   78,941; 1240,296;111,71994
 430,21; 1389,142;   81,443; 1277,807;109,30610
 430,80; 1378,105;   70,445; 1235,381;112,25170
 431,39; 1376,129;   53,344; 1246,926;110,82476
 431,99; 1381,544;   78,535; 1206,838;115,48402
 432,58; 1407,883;   82,639; 1251,166;113,41157
 433,17; 1373,558;   69,735; 1238,319;111,57289
 433,76; 1415,411;   71,347; 1288,314;110,44380
 434,35; 1458,418;   88,245; 1292,462;113,78130
 434,94; 1463,374;   70,849; 1318,887;111,57713
 435,53; 1458,469;   78,643; 1278,669;114,98297
 436,12; 1449,085;   70,044; 1294,267;112,64628
 436,71; 1486,846;   87,740; 1303,239;115,10551
 437,30; 1479,819;   76,941; 1299,177;114,77967
 437,89; 1505,075;   76,245; 1320,802;114,80630
 438,48; 1501,096;   65,942; 1305,731;115,75787
 439,07; 1526,497;   95,238; 1347,147;114,32615
 439,66; 1552,628;   83,648; 1375,711;113,69257
 440,25; 1549,185;   85,844; 1390,567;112,15727
 440,84; 1550,990;   79,850; 1387,984;112,46096
 441,43; 1578,592;   78,054; 1440,985;110,09640
 442,02; 1558,864;   79,650; 1411,022;111,10443
 442,61; 1586,329;   93,344; 1397,226;114,50303
 443,20; 1609,847;   94,249; 1446,625;112,06930
 443,79; 1570,851;   74,546; 1412,957;111,79719
 444,38; 1620,757;   84,248; 1461,789;111,53998
 444,97; 1635,635;   84,146; 1466,359;112,24672
 445,56; 1646,465;  101,846; 1477,038;112,32026
 446,15; 1658,367;   81,651; 1522,539;109,42668
 446,74; 1658,572;   58,644; 1462,286;113,98407
 447,33; 1699,951;   82,646; 1538,357;111,10075
 447,92; 1735,280;   78,151; 1570,720;111,02531
 448,51; 1744,278;   89,746; 1586,019;110,57692
 449,10; 1772,248;   92,045; 1608,840;110,77325
 449,69; 1778,150;   73,950; 1627,741;109,68013
 450,28; 1793,884;   66,948; 1608,251;112,04388
 450,87; 1831,598;   78,647; 1656,333;111,10901
 451,46; 1886,544;   96,048; 1702,208;111,47679
 452,05; 1874,590;   70,950; 1715,384;109,68151
 452,64; 1934,507;   70,850; 1725,182;112,65315
 453,23; 2033,683;  113,752; 1794,936;114,20112
 453,82; 2013,337;   83,451; 1800,660;112,38501
 454,40; 2042,707;   65,450; 1786,682;114,87452
 454,99; 2116,659;  101,253; 1871,891;113,82377
 455,58; 2120,824;   69,747; 1832,095;116,38325
 456,17; 2164,900;   63,852; 1873,634;116,09399
 456,76; 2233,680;   67,751; 1918,820;117,00965
 457,35; 2277,458;   78,348; 1930,490;118,73334
 457,94; 2363,433;   66,954; 1978,929;120,11031
 458,53; 2374,293;   67,350; 2010,101;118,74624
 459,12; 2508,415;   82,657; 2111,116;119,58625
 459,71; 2470,471;   58,148; 2060,071;120,50031
 460,30; 2525,728;   84,448; 2087,511;121,87732
 460,89; 2575,880;   57,551; 2129,920;121,51936
 461,48; 2627,533;   75,954; 2173,829;121,62684
 462,06; 2702,177;   68,050; 2187,303;124,29504
 462,65; 2706,031;   48,249; 2176,527;124,87942
 463,24; 2806,525;   87,456; 2288,680;123,52531
 463,83; 2808,277;   54,450; 2229,803;126,59216
 464,42; 2862,874;   88,349; 2333,687;123,56825
 465,01; 2891,207;   73,050; 2336,482;124,50814
 465,60; 2907,664;   64,050; 2384,322;122,55517
 466,19; 2960,333;   73,354; 2462,829;120,82064
 466,77; 2979,767;   81,551; 2462,939;121,70280
 467,36; 2999,272;   69,457; 2459,256;122,59668
 467,95; 3029,510;   79,551; 2466,098;123,60781
 468,54; 3027,906;   71,954; 2513,866;121,05069
 469,13; 3027,640;   69,452; 2535,977;119,93343
 469,72; 3018,066;   67,555; 2582,723;117,30867
 470,31; 3082,152;   87,855; 2629,242;117,82136
 470,90; 3079,434;   76,750; 2652,044;116,59577
 471,48; 3075,658;   32,057; 2671,875;115,29586
 472,07; 3102,368;  125,747; 2686,454;116,24215
 472,66; 3077,229;   67,853; 2748,412;112,26674
 473,25; 3058,067;   68,351; 2723,339;112,60751
 473,84; 3052,236;   55,955; 2766,545;110,53980
 474,43; 3057,321;   55,459; 2843,049;107,68665
 475,01; 3026,649;   69,254; 2885,926;104,99608
 475,60; 3070,822;   49,755; 2882,364;106,65317
 476,19; 3084,318;   74,158; 2956,932;104,41886
 476,78; 3064,972;   71,057; 2964,456;103,47395
 477,37; 3076,622;   59,355; 2945,364;104,54809
 477,95; 3107,139;   75,656; 3018,661;103,00636
 478,54; 3111,959;   63,253; 3023,691;102,98161
 479,13; 3145,359;   56,253; 3070,291;102,49064
 479,72; 3177,619;   81,154; 3090,147;102,90701
 480,31; 3191,808;   63,459; 3167,468;100,78415
 480,89; 3208,849;   60,254; 3171,026;101,21587
 481,48; 3269,011;   46,260; 3214,084;101,73389
 482,07; 3274,106;   61,654; 3233,866;101,26849
 482,66; 3319,003;   52,853; 3253,650;102,04176
 483,25; 3391,011;   78,960; 3319,884;102,19464
 483,83; 3419,892;   59,954; 3325,385;102,89416
 484,42; 3454,533;   54,354; 3355,129;103,01154
 485,01; 3517,632;   65,958; 3400,413;103,51536
 485,60; 3592,080;   73,764; 3490,590;102,97029
 486,18; 3535,839;   66,956; 3490,761;101,31659
 486,77; 3592,183;   67,252; 3519,736;102,09840
 487,36; 3677,023;   58,464; 3561,750;103,29043
 487,95; 3649,027;   59,161; 3640,781;100,23023
 488,53; 3693,784;   54,461; 3642,522;101,42867
 489,12; 3741,607;   50,563; 3722,252;100,52712
 489,71; 3746,174;   38,062; 3680,357;101,80700
 490,30; 3824,797;   61,460; 3742,503;102,23562
 490,88; 3874,971;   87,561; 3859,141;100,41971
 491,47; 3832,750;   60,663; 3867,512;99,08686
 492,06; 3900,833;   62,563; 3920,615;99,48728
 492,65; 3893,457;   59,161; 3947,060;98,62129
 493,23; 3924,968;   54,860; 3982,825;98,52704
 493,82; 3971,516;   65,853; 4018,031;98,82306
 494,41; 4003,344;   51,361; 4066,179;98,43492
 494,99; 4007,836;   73,655; 4126,945;97,06142
 495,58; 4029,297;   86,060; 4224,403;95,28541
 496,17; 4025,325;   56,356; 4198,681;95,81503
 496,76; 4005,939;   65,356; 4276,761;93,56931
 497,34; 4007,002;   54,557; 4305,235;92,98387
 497,93; 3945,158;   66,057; 4350,675;90,53551
 498,52; 3959,294;   60,059; 4454,387;88,73338
 499,10; 3940,417;   75,862; 4533,217;86,70064
 499,69; 3854,081;   55,360; 4537,006;84,76174
 500,28; 3832,908;   37,959; 4592,068;83,33021
 500,86; 3759,487;   62,862; 4698,539;79,74295
 501,45; 3708,287;   53,462; 4730,438;78,14504
 502,04; 3651,674;   53,362; 4813,958;75,58533
 502,62; 3632,725;   70,956; 4856,181;74,43265
 503,21; 3540,112;   57,856; 4939,699;71,33076
 503,80; 3487,860;   69,662; 5015,577;69,11155
 504,38; 3433,568;   58,460; 5081,425;67,19354
 504,97; 3397,060;   49,962; 5122,776;65,98109
 505,56; 3413,278;   70,859; 5194,989;65,22900
 506,14; 3416,066;   64,064; 5263,709;64,46598
 506,73; 3368,383;   23,565; 5292,507;63,48178
 507,32; 3475,156;   62,865; 5376,045;64,22314
 507,90; 3534,311;   70,860; 5443,284;64,46719
 508,49; 3619,426;   58,865; 5500,366;65,43344
 509,08; 3690,237;   67,264; 5571,931;65,81638
 509,66; 3788,754;   69,960; 5677,644;66,31605
 510,25; 3913,314;   63,561; 5737,400;67,85093
 510,83; 3982,983;   45,165; 5855,607;67,77140
 511,42; 4084,852;   61,968; 5895,913;68,95649
 512,01; 4124,153;   59,164; 5980,328;68,65185
 512,59; 4198,660;   46,562; 6041,676;69,25803
 513,18; 4273,844;   59,961; 6114,379;69,60013
 513,77; 4278,229;   42,257; 6171,797;69,10750
 514,35; 4328,690;   37,763; 6190,255;69,74291
 514,94; 4372,217;   58,662; 6323,517;68,85323
 515,52; 4346,672;   48,166; 6358,342;68,12023
 516,11; 4381,140;   80,665; 6474,047;67,26447
 516,69; 4284,551;   41,959; 6446,727;66,24115
 517,28; 4246,075;   83,358; 6541,973;64,45216
 517,87; 4180,888;   45,558; 6604,054;63,05303
 518,45; 4120,761;   74,858; 6626,192;61,75694
 519,04; 4098,792;   54,258; 6707,970;60,78612
 519,62; 4008,033;   55,863; 6774,114;58,82737
 520,21; 3912,816;   24,466; 6828,002;57,15190
 520,79; 3927,479;   52,068; 7000,875;55,77088
 521,38; 3832,641;   52,960; 6995,363;54,44340
 521,97; 3863,708;   43,068; 7141,554;53,82332
 522,55; 3805,035;   67,759; 7195,230;52,43481
 523,14; 3764,378;   26,759; 7180,289;52,24860
 523,72; 3857,884;   77,561; 7383,422;51,74371
 524,31; 3837,683;   71,665; 7406,107;51,34703
 524,89; 3869,535;   48,468; 7526,815;51,09508
 525,48; 3851,246;   21,666; 7603,580;50,50940
 526,06; 3959,253;   56,264; 7633,128;51,51193
 526,65; 4045,901;   72,370; 7803,105;51,39914
 527,23; 4082,347;   46,262; 7840,596;51,78229
 527,82; 4214,562;   37,967; 7905,978;53,08324
 528,41; 4388,402;   67,366; 8041,021;54,19142
 528,99; 4529,026;   66,365; 8108,167;55,49331
 529,58; 4673,804;   42,562; 8168,736;56,99166
 530,16; 4923,744;   49,461; 8315,379;58,96844
 530,75; 5172,610;   73,964; 8417,069;61,11209
 531,33; 5370,746;   45,566; 8440,980;63,42962
 531,92; 5540,654;   48,560; 8567,344;64,47040
 532,50; 5764,328;   87,770; 8706,468;65,86329
 533,09; 5906,099;   65,665; 8807,204;66,81242
 533,67; 6066,448;   63,458; 8952,011;67,53619
 534,26; 6144,724;   65,760; 9007,665;67,98288
 534,84; 6275,457;   68,461; 9127,061;68,52048
 535,42; 6369,110;   61,564; 9205,969;68,97711
 536,01; 6482,233;   79,263; 9330,215;69,21418
 536,59; 6547,416;   43,366; 9482,202;68,90733
 537,18; 6689,681;   77,360; 9568,605;69,66758
 537,76; 6762,334;   56,972; 9764,700;69,07242
 538,35; 6851,965;   59,368; 9892,694;69,07731
 538,93; 6902,553;   72,664; 9941,828;69,20433
 539,52; 6999,101;   57,370;10111,405;69,04423
 540,10; 7101,655;   63,269;10309,029;68,69559
 540,69; 7202,993;   68,763;10444,071;68,76162
 541,27; 7211,517;   58,262;10514,917;68,40864
 541,85; 7296,629;   47,366;10658,783;68,31570
 542,44; 7372,911;   56,460;10765,484;68,32042
 543,02; 7490,755;   80,369;10952,729;68,15802
 543,61; 7524,319;   77,067;11102,218;67,54785
 544,19; 7571,886;   55,066;11264,023;67,06083
 544,78; 7690,159;   62,766;11296,562;67,89685
 545,36; 7766,868;   77,469;11521,011;67,19422
 545,94; 7799,110;   54,564;11563,069;67,29411
 546,53; 7809,748;   52,771;11724,882;66,45736
 547,11; 7895,595;   90,668;11879,873;66,20402
 547,70; 7984,681;   75,860;11954,706;66,57904
 548,28; 7994,426;   47,965;12093,066;65,97256
 548,86; 8091,026;   81,365;12327,767;65,40420
 549,45; 8141,509;   33,768;12364,953;65,74989
 550,03; 8197,605;   76,467;12507,537;65,32936
 550,62; 8313,572;   63,566;12662,842;65,48000
 551,20; 8339,419;   61,467;12808,418;64,94064
 551,78; 8399,723;   61,164;12952,850;64,68168
 552,37; 8480,609;   55,864;13112,469;64,52478
 552,95; 8587,640;   56,765;13214,547;64,83520
 553,54; 8676,083;   49,965;13393,207;64,64784
 554,12; 8720,749;   67,167;13498,797;64,42689
 554,70; 8900,295;   67,568;13736,973;64,61676
 555,29; 8957,913;   61,965;13856,285;64,48993
 555,87; 9064,614;   60,170;13987,786;64,65173
 556,45; 9096,573;   57,162;14154,058;64,12342
 557,04; 9231,032;   43,667;14376,600;64,09969
 557,62; 9319,832;   68,867;14525,499;63,99115
 558,20; 9419,691;   42,671;14799,940;63,54170
 558,79; 9584,479;  100,368;14905,875;64,05799
 559,37; 9593,819;   49,867;15000,418;63,83679
 559,95; 9725,582;   46,669;15169,691;64,00118
 560,54; 9810,352;   71,768;15324,613;63,84765
 561,12; 9879,459;   50,866;15485,562;63,67857
 561,70;10011,125;   50,369;15679,551;63,73178
 562,29;10127,165;   61,768;15810,994;63,91042
 562,87;10209,309;   73,168;16023,953;63,54634
 563,45;10350,108;   71,068;16194,754;63,75118
 564,04;10323,747;   54,362;16227,195;63,49775
 564,62;10474,839;   37,769;16438,332;63,63849
 565,20;10582,787;   59,962;16715,838;63,17786
 565,78;10708,470;   70,765;16797,326;63,59768
 566,37;10849,629;   71,066;17011,283;63,62706
 566,95;10897,555;   52,969;17124,330;63,52502
 567,53;10984,674;   67,262;17308,857;63,32020
 568,12;10938,727;   62,265;17367,766;62,84974
 568,70;11190,496;   85,264;17565,889;63,52880
 569,28;11216,725;   61,069;17745,252;63,08268
 569,86;11291,075;   67,767;17910,758;62,90038
 570,45;11455,198;   78,569;18124,689;63,04197
 571,03;11443,030;   53,962;18259,898;62,55689
 571,61;11540,988;   46,571;18424,824;62,54358
 572,19;11550,276;   54,263;18395,773;62,67757
 572,78;11614,979;   70,668;18668,975;62,07184
 573,36;11705,510;   84,264;18797,668;62,10119
 573,94;11800,623;   44,064;18892,750;62,37336
 574,52;11835,107;   54,559;19030,768;62,08062
 575,11;11860,337;   37,264;19159,830;61,82786
 575,69;11906,346;   53,566;19268,680;61,68467
 576,27;11931,527;   47,161;19391,381;61,43627
 576,85;12048,810;   43,264;19549,668;61,54669
 577,44;12072,674;   30,262;19814,158;60,86977
 578,02;12158,694;   32,159;19753,887;61,48820
 578,60;12231,780;   50,464;20073,791;60,83563
 579,18;12378,406;   51,963;20160,752;61,29878
 579,76;12355,953;   40,264;20300,129;60,78860
 580,35;12488,984;   60,170;20436,707;60,99572
 580,93;12631,292;   59,667;20641,557;61,08100
 581,51;12628,328;   24,770;20697,168;60,96805
 582,09;12695,690;   58,663;20755,756;61,05702
 582,67;12824,019;   49,567;20971,318;61,05823
 583,26;12987,052;   28,568;21227,014;61,12940
 583,84;13084,566;   14,164;21413,709;61,07795
 584,42;13170,597;   48,064;21513,287;61,13392
 585,00;13306,346;   81,366;21772,180;60,97042
 585,58;13406,832;   25,167;21912,299;61,13942
 586,17;13450,684;   46,761;21948,521;61,20021
 586,75;13458,616;    6,666;22026,902;61,08904
 587,33;13605,263;   47,767;22191,678;61,22449
 587,91;13656,016;   74,866;22390,201;60,86016
 588,49;13712,573;   63,962;22349,758;61,24354
 589,07;13699,035;   45,468;22403,215;61,06862
 589,65;13653,089;   28,267;22444,439;60,78122
 590,24;13593,230;   42,562;22447,799;60,47992
 590,82;13550,257;   28,261;22484,160;60,21578
 591,40;13584,866;   41,464;22520,209;60,24981
 591,98;13531,151;   45,759;22558,227;59,90188
 592,56;13474,357;   61,161;22699,961;59,24871
 593,14;13452,351;   43,359;22728,928;59,10802
 593,72;13377,083;   29,765;22889,107;58,38890
 594,30;13260,095;   36,759;22797,486;58,09716
 594,89;13169,253;   41,364;22862,428;57,52532
 595,47;13069,184;   38,961;22922,623;56,94116
 596,05;12888,632;   30,267;23003,799;55,97034
 596,63;12673,433;   31,167;23056,199;54,90661
 597,21;12488,572;   36,766;23145,441;53,88369
 597,79;12252,889;   35,467;23166,039;52,81937
 598,37;12067,941;   36,669;23222,748;51,89007
 598,95;11814,916;   50,766;23305,301;50,58863
 599,53;11511,429;   46,757;23207,996;49,49939
 600,11;11286,439;   48,665;23341,947;48,24470
 600,70;10909,950;   57,363;23315,111;46,66224
 601,28;10608,066;   38,564;23424,809;45,19538
 601,86;10321,216;   61,766;23355,102;44,04457
 602,44;10116,957;   23,661;23449,660;43,08587
 603,02; 9887,782;   38,656;23576,521;41,84375
 603,60; 9806,118;   54,858;23663,232;41,30424
 604,18; 9580,220;   69,263;23594,734;40,42834
 604,76; 9520,190;   59,263;23642,154;40,11776
 605,34; 9510,343;   27,565;23530,764;40,34675
 605,92; 9614,700;   59,561;23453,719;40,84412
 606,50; 9818,431;   17,662;23498,998;41,73855
 607,08;10075,445;   31,666;23394,881;42,98971
 607,66;10450,272;   39,266;23561,643;44,26001
 608,24;10708,876;   46,067;23522,059;45,42006
 608,82;11018,637;   26,164;23532,031;46,76480
 609,40;11259,502;   46,466;23471,021;47,86872
 609,98;11487,753;   18,864;23505,928;48,83066
 610,56;11748,141;   43,861;23497,662;49,90355
 611,14;11904,112;   30,765;23481,086;50,63192
 611,72;12032,326;   42,665;23572,467;50,95522
 612,30;12055,547;   24,962;23468,496;51,31728
 612,88;12108,935;   60,659;23517,730;51,36309
 613,46;12085,730;   21,862;23505,697;51,37095
 614,04;12059,095;   30,068;23461,873;51,33632
 614,62;11980,027;   41,561;23489,982;50,91373
 615,20;11943,436;   52,768;23402,416;50,92440
 615,78;11775,854;   25,569;23463,430;50,13378
 616,36;11660,023;   41,364;23400,150;49,74000
 616,94;11481,673;    7,666;23272,242;49,31965
 617,52;11332,893;   24,067;23373,656;48,43265
 618,10;11273,164;   63,559;23336,107;48,16664
 618,68;11032,930;   17,966;23253,184;47,40633
 619,26;10918,522;   39,268;23398,834;46,57302
 619,84;10790,220;   18,963;23277,133;46,31171
 620,42;10699,883;   31,165;23313,506;45,82322
 621,00;10640,183;   28,865;23209,607;45,77644
 621,58;10531,681;   38,760;23216,406;45,27173
 622,16;10551,545;   49,270;23335,164;45,10144
 622,74;10531,072;   47,066;23327,742;45,03308
 623,32;10486,786;   42,166;23291,223;44,92492
 623,90;10488,331;   66,971;23311,484;44,83363
 624,48;10402,230;   32,662;23196,598;44,76601
 625,05;10398,030;   34,562;23105,098;44,92080
 625,63;10355,730;   52,962;23188,799;44,53164
 626,21;10207,247;   38,262;23117,596;44,06100
 626,79;10220,519;   53,967;23219,719;43,88613
 627,37;10080,117;   28,162;23090,717;43,58561
 627,95;10039,535;   72,768;23200,215;43,09497
 628,53; 9916,883;   49,365;23176,607;42,66621
 629,11; 9804,521;   48,259;23043,449;42,42741
 629,69; 9812,438;   53,369;23256,932;42,05850
 630,27; 9744,620;   80,763;23105,434;41,97175
 630,84; 9680,931;   43,862;23021,197;41,94163
 631,42; 9697,592;   54,367;23319,656;41,44898
 632,00; 9750,107;   45,459;23125,768;42,04731
 632,58; 9760,394;   50,263;23105,172;42,11741
 633,16; 9845,102;   49,870;23096,906;42,50105
 633,74; 9880,396;   56,264;23018,488;42,78389
 634,32; 9953,471;   45,661;23007,842;43,14838
 634,90;10150,558;   51,970;23195,746;43,63414
 635,47;10128,254;   38,860;23035,645;43,87306
 636,05;10164,370;   37,461;22989,342;44,12235
 636,63;10296,482;   45,965;23104,807;44,45374
 637,21;10418,953;   67,464;23150,529;44,84452
 637,79;10488,300;   71,465;23192,904;45,05271
 638,37;10449,209;   54,055;23070,883;45,16328
 638,94;10519,913;   33,265;23100,686;45,46086
 639,52;10501,713;   41,665;23195,285;45,17673
 640,10;10495,850;   64,264;23215,900;45,05766
 640,68;10513,919;   54,164;23175,334;45,23887
 641,26;10421,289;   35,864;23250,268;44,73699
 641,84;10435,458;   39,164;23235,002;44,81965
 642,41;10338,327;   28,264;23192,936;44,50770
 642,99;10339,297;   48,464;23145,568;44,55465
 643,57;10244,967;   22,064;23158,402;44,18548
 644,15;10207,536;   27,064;23178,035;43,97428
 644,73;10190,405;   37,564;23277,568;43,68692
 645,30;10152,175;   55,264;23230,303;43,56804
 645,88;10094,944;   44,964;23362,635;43,10028
 646,46;10105,414;   59,264;23447,568;42,95373
 647,04;10154,783;   51,864;23367,902;43,33034
 647,61;10151,053;   46,564;23396,336;43,27446
 648,19;10106,822;   61,664;23433,369;42,98000
 648,77;10226,092;   26,264;23442,002;43,55971
 649,35;10284,062;   51,064;23590,137;43,47239
 649,92;10245,730;   42,464;23596,070;43,31934
 650,50;10262,200;   30,064;23551,104;43,50206
 651,08;10214,370;   39,964;23450,537;43,46073
 651,66;10253,039;   21,864;23534,770;43,51302
 652,23;10320,709;   39,064;23561,004;43,71087
 652,81;10286,378;   36,464;23644,137;43,41772
 653,39;10276,348;   56,164;23647,170;43,32237
 653,97;10258,317;   37,065;23882,504;42,86460
 654,54;10195,687;   23,565;23823,137;42,74078
 655,12;10193,556;   30,965;23831,971;42,69816
 655,70;10207,825;   42,065;23962,805;42,49768
 656,28;10183,195;   32,765;23947,037;42,44507
 656,85;10087,964;   44,065;24051,070;41,83737
 657,43;10074,934;   -1,035;23831,305;42,27855
 658,01;10119,503;   21,465;24078,539;41,97534
 658,58;10276,772;   55,165;24234,371;42,27437
 659,16;10278,242;   51,965;24154,105;42,42892
 659,74;10353,912;   59,465;24338,039;42,40137
 660,32;10476,682;   71,665;24327,672;42,89666
 660,89;10470,851;   34,265;24347,305;42,92588
 661,47;10659,820;   51,665;24464,939;43,45241
 662,05;10759,189;   25,365;24587,373;43,70092
 662,62;10923,359;   59,665;24584,006;44,29760
 663,20;11174,028;   80,665;24740,139;44,98621
 663,78;11219,298;   47,965;24902,773;44,94636
 664,35;11352,968;   52,465;24921,006;45,44096
 664,93;11528,437;   64,465;25123,539;45,74779
 665,51;11648,206;   49,565;25170,973;46,17035
 666,08;11704,776;   30,165;25185,707;46,40970
 666,66;11888,146;   47,465;25667,539;46,21642
 667,23;12031,314;   51,765;25732,773;46,64750
 667,81;12212,084;   65,865;25889,307;47,03563
 668,39;12298,653;   43,265;26047,141;47,12908
 668,96;12422,123;   54,665;26309,074;47,10621
 669,54;12504,293;   38,765;26408,408;47,27227
 670,12;12685,862;   51,165;26808,740;47,21914
 670,69;12807,332;   64,165;26950,674;47,39614
 671,27;12920,501;   25,565;27096,008;47,63474
 671,84;12980,871;   40,665;27105,240;47,81234
 672,42;13068,240;   66,265;27253,875;47,82316
 673,00;13180,010;   57,165;27531,408;47,76417
 673,57;13151,179;   59,965;27276,441;48,10032
 674,15;13220,349;   64,065;27613,475;47,75523
 674,72;13302,618;   58,565;27536,209;48,19938
 675,30;13389,888;   69,466;27513,541;48,53660
 675,88;13492,856;   36,266;27573,176;48,86747
 676,45;13603,427;   59,466;27677,309;49,04062
 677,03;13637,796;   67,866;27525,043;49,42216
 677,60;13627,065;   41,466;27770,576;48,99400
 678,18;13861,635;   59,466;27877,510;49,61589
 678,76;13768,604;   40,766;27809,143;49,43695
 679,33;13969,374;   57,666;27813,176;50,12233
 679,91;13888,644;   44,266;27813,311;49,85543
 680,48;13949,112;   28,766;27740,242;50,23315
 681,06;14081,582;   50,866;27735,176;50,68111
 681,63;14066,552;   37,566;27736,209;50,64864
 682,21;14124,421;   67,966;27797,543;50,69120
 682,78;13964,891;   20,566;27459,576;50,81934
 683,36;14080,360;   46,966;27565,510;50,99614
 683,93;14044,229;   30,466;27450,645;51,10748
 684,51;14035,699;   26,166;27477,277;51,03448
 685,08;14153,868;   38,966;27733,711;50,96599
 685,66;14146,138;   53,066;27694,045;50,98615
 686,24;14142,207;   33,766;27796,578;50,81777
 686,81;14241,877;   57,666;27899,910;50,94493
 687,39;14186,646;   38,866;27807,844;50,94815
 687,96;14203,616;   54,166;27850,479;50,90405
 688,54;14325,485;   30,866;27984,811;51,13632
 689,11;14406,455;   26,966;28043,545;51,32493
 689,69;14453,225;   29,666;28019,279;51,53182
 690,26;14648,193;   59,466;28289,313;51,67838
 690,84;14604,263;   50,066;28239,846;51,62934
 691,41;14714,333;   35,966;28403,879;51,74285
 691,98;14731,902;   31,466;28427,912;51,76858
 692,56;14788,672;   32,866;28437,445;51,94869
 693,13;14932,041;   64,866;28655,080;52,00092
 693,71;15014,410;   24,466;28657,912;52,35117
 694,28;15076,380;   41,966;28715,945;52,43225
 694,86;15089,050;   47,266;28928,879;52,08083
 695,43;15088,919;   61,366;29100,912;51,74858
 696,01;15272,889;   36,266;29145,547;52,34283
 696,58;15347,958;   42,167;29083,879;52,70279
 697,16;15434,228;   38,067;29126,414;52,92896
 697,73;15547,197;   63,467;29338,246;52,89102
 698,30;15663,466;   51,867;29223,980;53,51549
 698,88;15677,735;   40,467;29558,613;52,97510
 699,45;15749,505;   35,367;29765,848;52,85531
 700,03;15963,075;   56,067;29750,980;53,56812
 700,60;15907,844;   56,267;29850,613;53,20330
 701,18;16096,914;   61,867;29963,947;53,62519
 701,75;16295,184;   74,367;30094,682;54,03280
 702,32;16161,253;   50,367;29901,914;53,97002
 702,90;16382,822;   52,467;30254,148;54,07101
 703,47;16454,191;   51,367;30428,881;53,99660
 704,05;16486,762;   67,767;30546,715;53,86995
 704,62;16573,631;   39,867;30587,848;54,12392
 705,19;16641,199;   43,667;30586,982;54,34096
 705,77;16763,570;   29,967;30618,314;54,70581
 706,34;16840,238;   61,667;30627,049;54,89403
 706,91;16901,908;   46,367;30673,883;55,03398
 707,49;17014,078;   57,267;30976,316;54,84260
 708,06;17169,646;   66,367;31089,049;55,13153
 708,64;17151,717;   25,767;31093,582;55,12441
 709,21;17239,186;   58,167;31179,316;55,20689
 709,78;17237,256;   41,367;31281,150;55,04484
 710,36;17412,525;   61,667;31419,684;55,33149
 710,93;17526,395;   50,567;31562,416;55,45796
 711,50;17520,064;   44,467;31506,049;55,54583
 712,08;17725,533;   76,567;31925,383;55,41483
 712,65;17829,104;   73,667;31775,916;56,00687
 713,22;17961,672;   69,067;31900,250;56,21093
 713,80;18036,441;   84,167;31966,883;56,30723
 714,37;17926,611;   55,767;31827,018;56,24848
 714,94;17893,781;   53,967;31727,551;56,32395
 715,52;18048,350;   47,867;31732,984;56,81053
 716,09;18148,520;   65,467;31891,918;56,81768
 716,66;18190,289;   73,467;31935,051;56,86102
 717,23;18187,658;   66,867;31908,484;56,90914
 717,81;18197,928;   50,168;31812,018;57,13697
 718,38;18179,998;   47,468;31671,252;57,33827
 718,95;18198,268;   59,068;31618,984;57,47544
 719,53;18270,637;   56,568;31661,418;57,63061
 720,10;18298,506;   59,968;31481,252;58,04517
 720,67;18240,875;   35,768;31355,984;58,12574
 721,24;18189,545;   59,468;31256,020;58,11564
 721,82;18085,715;   49,968;31236,053;57,83267
 722,39;18159,084;   64,068;31235,885;58,04928
 722,96;18273,154;   64,968;31261,420;58,36621
 723,53;18183,623;   88,268;31151,953;58,25244
 724,11;18133,893;   61,568;31207,486;58,02470
 724,68;18197,963;   71,568;31242,020;58,15249
 725,25;18333,531;   72,768;31399,953;58,29047
 725,82;18365,701;   96,068;31564,387;58,05723
 726,40;18340,871;   62,668;31714,820;57,74711
 726,97;18513,740;   62,168;31875,354;57,99976
 727,54;18442,809;   46,968;31801,486;57,93141
 728,11;18480,078;   49,568;32045,820;57,60209
 728,69;18582,148;   39,568;31938,953;58,12833
 729,26;18689,217;   53,568;32105,088;58,14279
 729,83;18839,688;   53,268;32264,621;58,32235
 730,40;18911,857;   66,768;32291,754;58,47974
 730,97;19055,627;   44,268;32590,588;58,41324
 731,55;19158,795;   41,468;32755,820;58,43712
 732,12;19183,166;   86,268;32841,656;58,30155
 732,69;19359,436;   66,968;32889,988;58,77725
 733,26;19300,604;   55,168;32930,520;58,54062
 733,83;19468,574;   41,168;32979,055;58,98194
 734,41;19523,344;   65,468;32991,590;59,09556
 734,98;19633,213;   51,368;33155,621;59,15205
 735,55;19824,082;   43,168;33183,656;59,68806
 736,12;19856,451;   65,968;33377,289;59,41068
 736,69;19896,621;   76,968;33377,922;59,51677
 737,26;19928,689;   57,468;33552,254;59,32631
 737,84;19841,260;   70,768;33487,188;59,16400
 738,41;19874,830;   63,168;33492,422;59,26445
 738,98;19844,998;   63,569;33375,055;59,38321
 739,55;19881,568;   49,669;33377,789;59,50501
 740,12;20007,139;   62,969;33678,023;59,33107
 740,69;19952,906;   70,569;33575,656;59,34125
 741,26;19835,576;   56,269;33557,391;59,04073
 741,83;19993,246;   53,869;33719,523;59,22765
 742,41;19889,516;   56,169;33833,055;58,71870
 742,98;19998,885;   91,469;33874,590;58,92711
 743,55;20043,055;   53,569;33836,824;59,16980
 744,12;20127,424;   50,469;33859,855;59,38278
 744,69;19971,494;   59,569;33848,492;58,93033
 745,26;19990,063;   42,169;33677,723;59,30598
 745,83;20145,932;   58,769;33854,355;59,43724
 746,40;20134,602;   57,969;33844,789;59,42149
 746,97;20106,371;   44,769;33828,125;59,38309
 747,55;20253,740;   62,269;33966,957;59,55363
 748,12;20282,910;   57,869;33910,191;59,74491
 748,69;20224,379;   68,769;33877,625;59,61636
 749,26;20236,750;   65,069;33958,559;59,51491
 749,83;20328,020;   42,569;33911,992;59,89311
 750,40;20416,688;   89,669;34158,824;59,66399
 750,97;20557,559;   96,269;34144,160;60,09561
 751,54;20558,527;   40,569;33980,793;60,45322
 752,11;20444,996;   52,969;33874,727;60,29263
 752,68;20465,467;   87,869;33912,859;60,24421
 753,25;20384,135;   60,269;33774,594;60,28258
 753,82;20476,705;   65,069;33810,527;60,48706
 754,39;20363,674;   75,169;33727,160;60,28917
 754,96;20436,844;   60,069;33616,395;60,72409
 755,53;20327,213;   29,469;33796,527;60,11108
 756,10;20311,783;   64,169;33720,961;60,15907
 756,67;20192,752;   73,369;33813,395;59,63061
 757,24;20140,922;   72,769;33740,426;59,60662
 757,81;20067,791;   16,469;33677,762;59,56789
 758,38;20239,160;   54,569;33822,695;59,77409
 758,95;20173,430;   79,469;33743,426;59,68984
 759,52;19976,299;   57,469;33615,859;59,35574
 760,09;20018,270;   68,570;33306,992;60,02000
 760,66;19957,838;   59,570;33309,727;59,84413
 761,23;19907,408;   91,070;33353,961;59,57491
 761,80;19751,877;   56,270;33295,793;59,25358
 762,37;19955,848;   68,970;33167,727;60,08346
 762,94;20030,117;   70,970;33187,461;60,26951
 763,51;19902,285;   36,070;32949,793;60,35846
 764,08;19971,855;   66,270;32998,527;60,44404
 764,65;19862,324;   69,570;32798,961;60,47395
 765,22;19923,994;   54,670;32804,496;60,67001
 765,79;19946,164;   77,370;32691,928;60,92002
 766,36;19981,934;   73,170;32743,063;60,93918
 766,93;20041,104;   68,970;32551,295;61,48616
 767,50;20113,672;   89,470;32828,328;61,16341
 768,07;19985,742;   63,870;32699,262;61,04377
 768,64;19928,412;   86,470;32572,596;61,07820
 769,21;19698,480;   57,970;32359,729;60,80322
 769,78;19683,551;   78,770;32244,963;60,94840
 770,34;19542,920;   45,570;32031,195;60,95660
 770,91;19453,590;   58,470;31921,430;60,87043
 771,48;19362,758;   62,370;31836,863;60,74176
 772,05;19226,428;   66,470;31610,697;60,73998
 772,62;19057,697;   42,670;31443,029;60,55672
 773,19;19134,066;   59,370;31579,764;60,51541
 773,76;19024,438;   71,070;31506,297;60,29340
 774,33;18945,605;   74,170;31447,330;60,15153
 774,90;18739,475;   52,870;31206,064;59,98295
 775,47;18745,045;   59,970;30957,498;60,47434
 776,03;18658,814;   73,470;30984,330;60,12561
 776,60;18584,283;   55,970;30757,863;60,34909
 777,17;18491,754;   65,470;30698,098;60,15248
 777,74;18469,924;   30,870;30522,031;60,47344
 778,31;18566,191;   68,970;30582,064;60,62060
 778,88;18351,162;   30,470;30366,898;60,39172
 779,45;18331,531;   75,770;30358,131;60,28513
 780,01;18415,201;   58,370;30299,664;60,70121
 780,58;18302,570;   60,570;30177,998;60,56958
 781,15;18029,939;   38,771;29979,432;60,08942
 781,72;18197,709;   66,771;29962,266;60,64773
 782,29;18139,979;   51,771;29667,100;61,07718
 782,86;18096,947;   55,571;29617,732;61,02861
 783,42;18109,418;   56,171;29598,166;61,11045
 783,99;18016,588;   66,671;29482,100;61,02212
 784,56;17845,756;   55,171;29320,232;60,79121
 785,13;17701,426;   40,271;29247,266;60,46892
 785,70;17674,895;   49,071;29060,299;60,75518
 786,26;17545,664;   51,671;28910,732;60,61872
 786,83;17469,635;   84,371;28889,166;60,35545
 787,40;17439,805;   57,171;28783,500;60,51116
 787,97;17230,273;   43,971;28581,133;60,22429
 788,54;17200,543;   70,371;28515,268;60,22230
 789,10;17116,412;   57,971;28344,400;60,30610
 789,67;16973,781;   70,371;28245,334;59,99444
 790,24;16932,451;   51,071;28193,768;59,98494
 790,81;16627,721;   88,271;27914,400;59,43856
 791,37;16629,090;   73,671;27872,135;59,55516
 791,94;16603,561;   70,771;27886,367;59,43712
 792,51;16430,029;   46,271;27539,201;59,59262
 793,08;16474,299;   69,771;27555,234;59,68438
 793,64;16275,368;   71,271;27455,168;59,17382
 794,21;16204,338;   69,671;27250,602;59,36024
 794,78;16203,907;   53,071;27147,035;59,61046
 795,35;16036,177;   73,471;27007,969;59,26491
 795,91;16003,346;   48,071;26789,301;59,66545
 796,48;15909,115;   55,771;26710,734;59,47614
 797,05;15736,585;   57,671;26624,369;59,01717
 797,62;15788,654;   41,971;26600,701;59,29005
 798,18;15703,824;   57,471;26410,736;59,37159
 798,75;15584,493;   56,571;26279,770;59,21445
 799,32;15582,263;   60,771;26209,102;59,35940
 799,88;15542,032;   55,971;26051,535;59,57194
 800,45;15363,602;   33,971;25945,270;59,16195
 801,02;15515,571;   65,271;25880,104;59,85048
 801,58;15207,940;   90,872;25660,436;59,12134
 802,15;15076,910;   72,872;25615,270;58,74170
 802,72;14942,779;   66,172;25404,703;58,71140
 803,28;14903,649;   49,172;25288,938;58,85347
 803,85;14789,719;   41,972;25144,871;58,74918
 804,42;14632,388;   77,772;24948,004;58,52224
 804,98;14563,857;  100,672;24935,537;58,23742
 805,55;14395,627;   56,972;24702,371;58,17985
 806,12;14384,696;   83,572;24611,004;58,30665
 806,68;14201,065;   66,472;24493,738;57,86400
 807,25;14026,636;   74,972;24436,271;57,26979
 807,82;14053,705;   86,872;24407,805;57,42721
 808,38;13890,574;   73,672;24367,037;56,87521
 808,95;13892,644;   62,972;24166,971;57,37501
 809,52;13787,913;   50,272;24162,004;56,97492
 810,08;13803,083;   55,172;23994,938;57,42709
 810,65;13902,952;   77,172;24169,672;57,38624
 811,21;13833,222;   69,972;24123,404;57,21948
 811,78;13945,591;   92,472;24337,539;57,13789
 812,35;13886,061;   64,972;24173,871;57,32775
 812,91;13895,830;   90,072;24239,705;57,16757
 813,48;13911,300;   68,172;24202,738;57,35810
 814,04;13843,369;   64,172;24088,373;57,35549
 814,61;13874,038;   77,572;24176,006;57,25047
 815,18;13803,208;   67,772;23892,539;57,65192
 815,74;13745,378;   69,772;23709,172;57,85090
 816,31;13638,747;   83,372;23614,406;57,60637
 816,87;13444,017;   43,272;23489,641;57,15488
 817,44;13555,486;   76,972;23452,273;57,66135
 818,00;13268,455;   43,272;23159,506;57,21167
 818,57;13266,925;   71,872;23076,340;57,35865
 819,14;13129,694;   82,872;22924,273;57,11918
 819,70;13039,164;   72,672;22792,707;57,07074
 820,27;12978,434;   62,972;22691,941;57,07490
 820,83;12863,402;   70,072;22541,373;56,93186
 821,40;12773,973;   98,072;22431,908;56,75649
 821,96;12684,642;   75,272;22315,541;56,69612
 822,53;12631,011;   70,973;22257,574;56,61092
 823,09;12535,081;   81,073;22073,309;56,62911
 823,66;12341,150;   68,173;21862,541;56,31261
 824,22;12309,420;   77,173;21851,674;56,17693
 824,79;12354,289;   75,473;21561,408;57,14816
 825,35;12352,259;   65,173;21648,041;56,92981
 825,92;12178,228;   75,173;21398,875;56,75869
 826,48;12201,497;   87,673;21501,309;56,57061
 827,05;12094,667;   89,573;21448,242;56,20713
 827,61;12005,236;   75,273;21249,076;56,34304
 828,18;12030,806;   60,873;21191,209;56,64809
 828,74;12071,575;   91,673;21053,543;57,15092
 829,31;12009,345;   83,373;21002,176;57,01078
 829,87;11941,314;   73,073;20733,709;57,44374
 830,44;11895,584;   85,173;20631,443;57,48202
 831,00;11891,854;   91,273;20673,977;57,33251
 831,57;11859,022;  101,573;20631,609;57,26950
 832,13;11727,192;   72,073;20323,344;57,55253
 832,69;11654,262;   58,173;20309,477;57,26095
 833,26;11647,131;   85,473;20322,711;57,13061
 833,82;11581,900;   93,073;20197,744;57,14506
 834,39;11485,770;   78,773;20137,477;56,86806
 834,95;11432,640;   57,173;19959,410;57,15672
 835,52;11294,409;   87,873;19851,744;56,70213
 836,08;11285,278;   95,573;19951,877;56,35341
 836,64;11240,848;   76,273;19800,711;56,60275
 837,21;11123,518;   88,673;19552,443;56,69428
 837,77;11031,487;   91,873;19491,777;56,39004
 838,34;10999,456;   67,473;19470,012;56,34305
 838,90;10960,126;   64,473;19306,045;56,62559
 839,46;10917,195;   83,873;19312,479;56,33961
 840,03;10835,665;   76,173;19300,811;55,96720
 840,59;10762,634;   85,873;19175,645;55,92922
 841,16;10756,704;  105,173;19156,578;55,90942
 841,72;10689,974;   59,373;18965,512;56,22830
 842,28;10670,043;   77,873;18857,246;56,40321
 842,85;10749,412;   95,573;18812,578;56,92064
 843,41;10686,382;  105,374;18740,813;56,77896
 843,97;10606,451;   89,174;18686,846;56,55158
 844,54;10595,820;  104,774;18624,979;56,64649
 845,10;10545,290;   89,174;18523,713;56,72025
 845,67;10495,260;   68,774;18413,445;56,83659
 846,23;10448,329;   78,674;18361,080;56,71931
 846,79;10395,599;   90,474;18265,613;56,69901
 847,36;10232,868;   55,774;18179,047;56,15484
 847,92;10255,938;   84,874;18034,680;56,66392
 848,48;10123,807;   41,874;18039,213;56,01902
 849,04;10145,376;   62,374;17949,447;56,37033
 849,61;10040,945;   56,274;17918,580;55,89800
 850,17;10069,516;   68,174;17819,514;56,34133
 850,73; 9909,385;   71,474;17764,848;55,60223
 851,30; 9873,654;   46,074;17669,881;55,76310
 851,86; 9842,023;   75,874;17597,914;55,73637
 852,42; 9767,193;   51,174;17568,348;55,46568
 852,99; 9796,963;   79,274;17583,082;55,51757
 853,55; 9758,032;   83,174;17542,514;55,41365
 854,11; 9734,502;   70,074;17432,049;55,66434
 854,67; 9696,871;   85,474;17420,881;55,44374
 855,24; 9604,641;   51,874;17213,414;55,66381
 855,80; 9554,610;   76,874;17244,848;55,20591
 856,36; 9486,880;   80,574;17175,881;55,02274
 856,92; 9411,549;   54,474;17027,215;55,13002
 857,49; 9490,719;   81,274;17048,248;55,45741
 858,05; 9440,688;   67,274;16968,482;55,46002
 858,61; 9444,257;   65,774;17003,316;55,37098
 859,17; 9422,727;   77,374;16904,250;55,53825
 859,74; 9364,496;   82,074;16836,883;55,40154
 860,30; 9342,766;   93,074;16663,016;55,82211
 860,86; 9314,035;   72,074;16692,350;55,60654
 861,42; 9292,604;   74,674;16545,883;55,96390
 861,99; 9204,774;   54,674;16506,717;55,61680
 862,55; 9181,144;   66,374;16393,051;55,82746
 863,11; 9161,513;   75,174;16437,283;55,53281
 863,67; 9075,482;   61,274;16290,117;55,54437
 864,23; 9060,152;   80,175;16199,351;55,70991
 864,80; 8973,922;   69,175;16081,384;55,61223
 865,36; 8928,891;   71,875;16120,817;55,18754
 865,92; 8823,460;   96,175;16088,751;54,57085
 866,48; 8809,030;   67,375;15987,384;54,90987
 867,04; 8728,699;   60,675;15891,418;54,75438
 867,60; 8756,068;   99,375;15884,451;54,84100
 868,17; 8664,639;   93,675;15884,685;54,27749
 868,73; 8565,008;   82,775;15672,618;54,40871
 869,29; 8521,178;   59,475;15470,151;54,90806
 869,85; 8536,247;  100,475;15369,685;55,24695
 870,41; 8480,416;   80,575;15293,418;55,21546
 870,97; 8335,186;   92,975;15232,252;54,44256
 871,54; 8268,155;   84,175;15178,686;54,21826
 872,10; 8309,024;   84,275;15055,419;54,93735
 872,66; 8183,194;   66,775;14910,652;54,67856
 873,22; 8170,864;   81,975;14890,586;54,62287
 873,78; 8021,533;   65,275;14742,419;54,20849
 874,34; 8071,103;   95,075;14662,652;54,75191
 874,90; 7990,803;  109,775;14536,053;54,62967
 875,46; 7940,603;   96,375;14412,952;54,79122
 876,03; 7846,402;   86,475;14363,353;54,35311
 876,59; 7801,502;   64,475;14153,253;54,91624
 877,15; 7815,303;  101,475;14166,853;54,84266
 877,71; 7672,303;   78,275;14064,652;54,29589
 878,27; 7592,402;   95,675;13910,553;54,26561
 878,83; 7590,203;  114,275;13971,753;53,94869
 879,39; 7508,902;   91,075;14082,753;53,01600
 879,95; 7488,902;   86,275;13964,253;53,34082
 880,51; 7401,103;   75,175;13927,253;52,88685
 881,07; 7445,002;   82,375;13978,753;52,98235
 881,63; 7410,402;   92,575;13971,253;52,72712
 882,19; 7445,703;   82,675;13921,553;53,20538
 882,75; 7353,703;   86,275;14019,553;52,15878
 883,31; 7416,103;   95,575;14187,853;51,94709
 883,88; 7394,002;   96,375;14174,353;51,83719
 884,44; 7329,303;   76,175;14175,753;51,44216
 885,00; 7439,703;  106,075;14266,952;51,78795
 885,56; 7444,603;  101,675;14299,452;51,71885
 886,12; 7401,002;  109,875;14421,152;50,94673
 886,68; 7381,803;   90,775;14436,753;50,82280
 887,24; 7517,902;  102,475;14574,952;51,23813
 887,80; 7442,303;   86,975;14671,753;50,43154
 888,36; 7501,603;  106,275;14715,652;50,62042
 888,92; 7475,002;   98,975;14773,353;50,26467
 889,48; 7595,203;   99,575;14973,853;50,39322
 890,04; 7606,402;   95,275;14803,053;51,06908
 890,60; 7641,002;  117,475;15014,652;50,50304
 891,16; 7559,803;   99,875;15075,853;49,81263
 891,72; 7650,703;  113,275;15058,452;50,43385
 892,28; 7564,803;  112,475;15126,053;49,63725
 892,84; 7505,402;   93,775;15039,853;49,58911
 893,39; 7542,002;  117,575;15112,952;49,51144
 893,95; 7457,603;  112,975;15044,753;49,18790
 894,51; 7359,902;   66,375;14891,253;49,19789
 895,07; 7394,402;  127,375;14906,353;49,17138
 895,63; 7152,402;   74,275;14689,952;48,42832
 896,19; 7057,603;   90,375;14601,952;48,01151
 896,75; 6972,703;  105,175;14460,152;47,84074
 897,31; 6886,703;   82,775;14295,853;47,87090
 897,87; 6777,303;   98,175;14146,853;47,54275
 898,43; 6720,002;   87,775;14075,753;47,41377
 898,99; 6657,002;  109,175;14002,753;47,12845
 899,55; 6559,203;  109,475;13940,652;46,63180
 900,11; 6453,203;  104,975;13747,553;46,53246
 900,67; 6351,703;   91,375;13658,652;46,14284
 901,22; 6305,402;  108,375;13601,952;45,92576
 901,78; 6189,803;   91,275;13560,053;45,27900
 902,34; 6176,303;  103,075;13451,152;45,49890
 902,90; 6050,902;   73,575;13350,652;45,01990
 903,46; 5993,502;   95,775;13236,353;44,88180
 904,02; 5896,203;   88,075;13091,553;44,66596
 904,58; 5818,703;   67,075;12918,152;44,75600
 905,14; 5788,902;   63,975;12874,553;44,68906
 905,70; 5742,603;   66,775;12696,053;44,94182
 906,25; 5705,303;   84,375;12708,452;44,52545
 906,81; 5630,402;   87,675;12732,152;43,83516
 907,37; 5569,103;   79,275;12616,152;43,78943
 907,93; 5492,103;   74,775;12588,152;43,29229
 908,49; 5441,402;  101,875;12497,652;43,07537
 909,05; 5384,203;   89,675;12425,553;42,91975
 909,60; 5336,203;   86,575;12340,452;42,84054
 910,16; 5206,402;   67,675;12291,853;42,03741
 910,72; 5153,603;  100,475;12207,753;41,73628
 911,28; 5082,402;   90,875;12156,053;41,37135
 911,84; 5012,402;   79,575;12106,753;41,01400
 912,39; 4950,103;   73,475;12049,353;40,72042
 912,95; 4945,603;  104,475;12001,452;40,69208
 913,51; 4861,703;   85,375;11945,253;40,27299
 914,07; 4787,703;   83,775;11813,452;40,10279
 914,63; 4755,502;   64,775;11748,053;40,14907
 915,18; 4668,203;   77,475;11617,853;39,77970
 915,74; 4614,803;   63,975;11632,652;39,33749
 916,30; 4565,203;   61,475;11588,553;39,07085
 916,86; 4491,902;   83,575;11514,652;38,56441
 917,42; 4443,703;   82,275;11425,152;38,45080
 917,97; 4392,103;   75,375;11265,452;38,57639
 918,53; 4344,902;   67,775;11196,253;38,43407
 919,09; 4309,803;   88,975;11223,753;37,90671
 919,65; 4196,402;   83,375;11083,452;37,39090
 920,20; 4130,902;   61,875;10983,053;37,25814
 920,76; 4055,502;   65,475;10849,452;36,99959
 921,32; 4023,603;   82,675;10770,952;36,87149
 921,87; 3937,202;   97,475;10670,253;36,31711
 922,43; 3859,903;   64,675;10561,353;36,15647
 922,99; 3737,103;   61,875;10406,753;35,52703
 923,55; 3649,903;   63,775;10357,353;34,83850
 924,10; 3609,302;   73,575;10282,853;34,63249
 924,66; 3542,403;   78,675;10170,152;34,32330
 925,22; 3427,302;   43,275;10093,952;33,66965
 925,77; 3354,002;   66,075; 9927,053;33,34281
 926,33; 3313,502;   90,375; 9903,253;32,84589
 926,89; 3199,802;   71,975; 9692,753;32,51117
 927,44; 3129,002;   52,175; 9580,553;32,29120
 928,00; 3074,603;   66,875; 9533,753;31,77106
 928,56; 3029,403;   80,375; 9372,253;31,73769
 929,12; 2941,603;   72,775; 9275,152;31,17485
 929,67; 2802,802;   67,575; 9091,053;30,31234
 930,23; 2780,202;   50,975; 8915,253;30,78905
 930,78; 2758,302;  100,675; 8842,553;30,40111
 931,34; 2640,802;   61,975; 8632,152;30,09071
 931,90; 2591,603;   61,675; 8494,353;30,00147
 932,45; 2455,502;   78,775; 8290,753;28,94220
 933,01; 2365,802;   52,975; 8024,453;29,01379
 933,57; 2300,702;   72,175; 7753,252;29,01321
 934,12; 2175,002;   70,475; 7399,553;28,71476
 934,68; 2022,302;   59,075; 7020,252;28,20252
 935,24; 1902,802;   67,875; 6614,752;28,02752
 935,79; 1761,802;   72,975; 6254,853;27,31901
 936,35; 1678,103;   91,375; 5812,252;27,73574
 936,90; 1536,603;   80,275; 5348,752;27,64228
 937,46; 1406,902;   72,775; 4956,953;27,31529
 938,02; 1284,002;   63,375; 4549,152;27,21106
 938,57; 1169,802;   73,175; 4265,053;26,16077
 939,13; 1091,002;   70,575; 3986,752;26,05672
 939,68;  986,503;   57,375; 3713,452;25,41323
 940,24;  942,403;   68,775; 3504,052;25,43106
 940,79;  928,503;   91,875; 3391,052;25,35867
 941,35;  875,503;   79,675; 3217,552;25,36197
 941,91;  825,102;   71,375; 3122,252;24,70527
 942,46;  799,703;   75,075; 3063,552;24,24738
 943,02;  783,602;   65,375; 3050,752;24,05818
 943,57;  733,503;   61,275; 2982,452;23,01221
 944,13;  752,302;   67,375; 2974,452;23,56069
 944,68;  760,503;   65,975; 3041,752;23,33936
 945,24;  759,302;   82,275; 3060,052;22,73600
 945,79;  738,602;   68,775; 3104,052;22,06808
 946,35;  748,802;   51,775; 3194,752;22,17730
 946,90;  787,003;   98,575; 3283,552;21,61483
 947,46;  763,602;   52,175; 3311,052;21,83045
 948,01;  765,703;   51,575; 3390,052;21,39081
 948,57;  801,903;   86,775; 3552,952;20,63159
 949,12;  800,302;   65,875; 3613,353;20,70281
 949,68;  829,003;   76,275; 3732,653;20,58670
 950,23;  829,203;   70,075; 3833,252;20,17251
 950,79;  821,903;   75,775; 3933,452;19,34137
 951,34;  855,602;   83,275; 4070,952;19,36785
 951,90;  846,003;   57,475; 4140,853;19,31067
 952,45;  863,703;   81,075; 4292,152;18,58497
 953,01;  849,003;   65,975; 4364,252;18,21724
 953,56;  890,302;   87,975; 4500,853;18,18150
 954,12;  855,602;   42,075; 4567,553;17,97661
 954,67;  883,703;   70,875; 4720,453;17,48175
 955,23;  890,802;   61,975; 4804,553;17,47631
 955,78;  902,703;   67,175; 4882,953;17,34979
 956,33;  870,703;   58,575; 4947,252;16,61242
 956,89;  883,602;   53,475; 5038,553;16,65225
 957,44;  884,302;   53,675; 5170,752;16,23246
 958,00;  877,802;   49,475; 5238,353;15,96352
 958,55;  881,003;   70,475; 5313,953;15,45782
 959,10;  876,403;   52,375; 5370,252;15,49542
 959,66;  909,302;   74,275; 5488,752;15,42213
 960,21;  885,003;   78,475; 5567,453;14,69358
 960,77;  882,403;   54,275; 5606,152;14,91617
 961,32;  889,203;   48,375; 5663,453;14,97446
 961,87;  910,203;   79,775; 5738,752;14,67452
 962,43;  901,203;   68,975; 5780,652;14,57063
 962,98;  896,102;   76,175; 5828,652;14,25347
 963,54;  836,503;   27,075; 5820,652;13,97112
 964,09;  881,503;   56,275; 5873,953;14,18483
 964,64;  894,102;   64,975; 5901,053;14,20693
 965,20;  855,903;   44,375; 5966,652;13,70296
 965,75;  874,602;   66,575; 5976,353;13,67272
 966,30;  875,203;   75,275; 6068,553;13,34708
 966,86;  854,802;   62,975; 6121,953;13,06867
 967,41;  865,403;   81,075; 6084,453;13,06477
 967,96;  849,602;   75,175; 6108,953;12,83487
 968,52;  883,903;   81,775; 6126,353;13,27020
 969,07;  831,703;   72,975; 6120,152;12,54680
 969,62;  838,903;   77,175; 6134,953;12,57437
 970,18;  808,003;   57,575; 6147,652;12,32213
 970,73;  799,302;   66,475; 6203,553;11,94098
 971,28;  816,203;   95,775; 6197,053;11,80781
 971,84;  794,003;   55,075; 6118,752;12,18613
 972,39;  802,302;   95,875; 6148,652;11,67113
 972,94;  761,703;   54,975; 6140,652;11,61296
 973,49;  753,403;   64,575; 6141,252;11,33559
 974,05;  746,102;   64,375; 6178,053;11,15086
 974,60;  744,102;   88,575; 6213,252;10,70305
 975,15;  739,802;   77,675; 6231,553;10,75952
 975,71;  719,802;   62,375; 6121,453;10,85029
 976,26;  702,403;   77,575; 6110,252;10,35738
 976,81;  718,903;   90,675; 6134,152;10,39513
 977,36;  709,503;   84,775; 6156,953;10,28836
 977,92;  715,203;   90,175; 6209,353;10,21424
 978,47;  671,003;   77,175; 6060,252; 9,92512
 979,02;  684,403;   95,475; 6085,652; 9,83155
 979,57;  643,703;   86,775; 6058,453; 9,32615
 980,13;  649,903;   76,175; 6038,752; 9,62214
 980,68;  639,403;   77,075; 6010,553; 9,47720
 981,23;  637,802;   89,175; 6054,652; 9,19671
 981,78;  629,003;   82,075; 5974,152; 9,28242
 982,33;  603,203;   79,275; 5893,252; 9,01152
 982,89;  617,503;   94,375; 5938,152; 8,95187
 983,44;  585,203;   65,675; 5935,853; 8,85029
 983,99;  613,703;  104,775; 5949,453; 8,70754
 984,54;  581,903;   81,475; 5900,053; 8,60051
 985,09;  587,602;   87,275; 5873,752; 8,64649
 985,65;  557,102;   69,375; 5811,853; 8,49333
 986,20;  581,302;  106,575; 5791,152; 8,35115
 986,75;  585,302;   95,875; 5823,953; 8,54436
 987,30;  564,102;   97,175; 5726,053; 8,29521
 987,85;  528,802;   92,475; 5721,353; 7,75159
 988,40;  538,802;   96,675; 5693,953; 7,89897
 988,96;  541,602;  114,875; 5666,553; 7,68646
 989,51;  541,403;  108,875; 5644,053; 7,81416
 990,06;  542,503;  128,275; 5680,853; 7,46009
 990,61;  503,603;   93,575; 5569,053; 7,48843
 991,16;  506,003;  104,375; 5558,053; 7,36434
 991,71;  477,603;   79,875; 5505,853; 7,33006
 992,26;  482,603;   93,475; 5457,252; 7,25473
 992,81;  472,302;   75,075; 5427,053; 7,42207
 993,37;  497,603;  113,475; 5390,553; 7,27917
 993,92;  472,603;  108,375; 5368,953; 6,92372
 994,47;  477,302;  117,475; 5329,652; 6,90359
 995,02;  489,003;  118,475; 5313,252; 7,13269
 995,57;  456,703;   90,875; 5274,652; 7,05716
 996,12;  495,802;  133,575; 5247,553; 7,08309
 996,67;  476,503;  132,375; 5191,652; 6,80191
 997,22;  443,902;   99,875; 5128,652; 6,84118
 997,77;  460,902;  115,275; 5110,553; 6,91908
 998,32;  433,703;  103,775; 5015,652; 6,71693
 998,87;  457,802;  114,275; 5018,752; 7,00436
 999,42;  443,503;  101,675; 4972,553; 7,01778
 999,97;  426,203;  109,975; 4956,353; 6,52503
1000,53;  457,402;  123,475; 4993,752; 6,85644
1001,08;  424,203;   98,375; 4879,053; 6,81551
1001,63;  436,902;  144,475; 4878,053; 6,17773
1002,18;  375,402;   85,075; 4777,453; 6,18722
1002,73;  422,103;  131,375; 4813,853; 6,20884
1003,28;  400,302;  103,575; 4811,953; 6,30212
1003,83;  418,203;  119,075; 4691,752; 6,54163
1004,38;  432,503;  137,775; 4703,152; 6,45571
1004,93;  393,203;  114,375; 4680,953; 6,10583
1005,48;  394,902;  104,075; 4573,053; 6,50770
1006,03;  382,902;  112,775; 4525,652; 6,12135
1006,58;  386,103;  111,475; 4486,553; 6,27709
1007,13;  361,503;   94,475; 4466,252; 6,10798
1007,68;  375,203;  104,975; 4462,453; 6,20147
1008,23;  379,402;  114,575; 4425,853; 6,14267
1008,78;  375,003;  107,375; 4384,152; 6,25769
1009,33;  392,103;  121,875; 4307,752; 6,45570
1009,88;  355,603;   84,775; 4329,553; 6,38025
1010,43;  364,503;  118,875; 4320,752; 5,84566
1010,98;  371,203;  100,675; 4310,053; 6,42678
1011,52;  351,503;   97,075; 4264,953; 6,10449
1012,07;  391,603;  144,475; 4319,252; 5,91954
1012,62;  350,503;  103,875; 4259,152; 5,93528
1013,17;  361,802;   97,175; 4172,053; 6,49412
1013,72;  347,003;   94,575; 4143,453; 6,23451
1014,27;  334,302;  100,275; 4105,853; 5,84254
1014,82;  334,603;   86,875; 4042,952; 6,26195
1015,37;  326,103;   84,375; 3964,853; 6,22932
1015,92;  347,503;  109,475; 3894,252; 6,28908
1016,47;  320,503;   90,275; 3819,452; 6,17368
1017,02;  291,802;   81,075; 3732,153; 5,77165
1017,57;  335,003;   96,475; 3718,853; 6,58483
1018,11;  309,103;   77,275; 3656,252; 6,47748
1018,66;  321,003;  120,175; 3636,552; 5,71120
1019,21;  318,302;  109,675; 3579,552; 6,01253
1019,76;  299,802;   77,675; 3497,353; 6,49557
1020,31;  283,603;   71,975; 3446,452; 6,27142
1020,86;  293,203;   96,175; 3448,052; 5,87812
1021,41;  284,203;   80,175; 3387,052; 6,16979
1021,96;  282,902;   83,675; 3385,853; 6,03322
1022,50;  310,603;  105,975; 3332,952; 6,34115
1023,05;  293,203;   94,675; 3288,052; 6,21685
1023,60;  279,402;   97,975; 3251,353; 5,75343
1024,15;  268,203;   81,075; 3184,853; 6,02902
1024,70;  301,802;   95,075; 3176,252; 6,70937
1025,25;  281,402;   81,175; 3127,452; 6,57286
1025,79;  287,103;  101,175; 3110,752; 6,17786
1026,34;  282,902;   83,475; 3044,653; 6,73474
1026,89;  282,902;  102,175; 3039,052; 6,15373
1027,44;  271,003;   95,875; 2952,952; 6,12960
1027,99;  276,503;   93,475; 2944,552; 6,41959
1028,53;  265,603;   89,675; 2900,052; 6,25992
1029,08;  276,603;  114,775; 2876,653; 5,85933
1029,63;  278,603;  114,875; 2854,952; 5,97529
1030,18;  264,302;   92,075; 2788,552; 6,38713
1030,73;  254,102;   91,175; 2739,552; 6,15197
1031,27;  254,003;   85,875; 2715,252; 6,39419
1031,82;  247,402;   81,875; 2686,452; 6,35525
1032,37;  264,302;   98,875; 2688,853; 6,38722
1032,92;  255,402;  100,575; 2675,452; 6,01300
1033,46;  265,503;   99,775; 2599,252; 6,63049
1034,01;  236,003;   78,375; 2582,952; 6,29358
1034,56;  258,302;   98,875; 2559,252; 6,47980
1035,11;  254,503;   92,375; 2523,552; 6,66868
1035,65;  249,602;   87,575; 2478,052; 6,77804
1036,20;  245,902;   99,375; 2454,452; 6,22177
1036,75;  275,902;  118,675; 2446,353; 6,75469
1037,29;  240,102;   90,275; 2398,252; 6,49172
1037,84;  237,602;   78,375; 2347,252; 7,01790
1038,39;  238,202;   91,075; 2329,952; 6,57149
1038,94;  213,803;   73,075; 2277,153; 6,38487
1039,48;  224,402;   83,575; 2278,552; 6,41590
1040,03;  238,303;  102,875; 2245,252; 6,32137
1040,58;  223,602;  101,175; 2194,552; 5,84832
1041,12;  225,902;   91,375; 2191,653; 6,40522
1041,67;  220,803;  101,075; 2166,752; 5,79604
1042,22;  240,402;  118,475; 2145,252; 6,01583
1042,76;  220,402;   99,275; 2118,452; 5,99885
1043,31;  216,102;   90,675; 2060,653; 6,36695
1043,86;  228,602;   98,875; 2044,252; 6,66850
1044,40;  230,902;   92,975; 2018,052; 7,16478
1044,95;  211,303;   94,175; 1988,552; 6,18290
1045,50;  194,003;   75,375; 1934,353; 6,38133
1046,04;  228,803;  114,375; 1930,453; 6,30081
1046,59;  207,402;   96,175; 1878,353; 6,24110
1047,13;  225,503;  121,075; 1879,453; 5,93886
1047,68;  212,303;  115,675; 1860,052; 5,53937
1048,23;  224,303;  118,775; 1866,752; 6,03712
1048,77;  204,102;   90,175; 1784,953; 6,72227
1049,32;  210,803;  104,175; 1785,953; 6,34017
1049,86;  208,402;   92,675; 1760,552; 6,93861
1050,41;  191,003;   82,475; 1735,552; 6,56518
1050,96;  206,202;  100,875; 1698,652; 6,59213
1051,50;  200,102;  101,675; 1663,252; 6,30308
1052,05;  202,803;   94,675; 1664,052; 6,88983
1052,59;  197,902;   82,975; 1624,152; 7,45712
1053,14;  180,202;   84,475; 1582,652; 6,38960
1053,69;  189,602;   98,475; 1571,453; 6,18662
1054,23;  199,702;  104,575; 1569,052; 6,49566
1054,78;  194,202;  100,775; 1550,152; 6,44604
1055,32;  212,003;  123,075; 1550,453; 6,23013
1055,87;  161,303;   68,875; 1491,752; 6,49582
1056,41;  161,003;   78,775; 1469,552; 5,91234
1056,96;  178,503;   96,775; 1451,052; 6,03477
1057,50;  206,102;  113,375; 1470,853; 6,83087
1058,05;  164,402;   82,075; 1401,953; 6,23751
1058,59;  181,803;   95,875; 1396,552; 6,60637
1059,14;  192,602;  103,575; 1370,453; 7,02732
1059,68;  160,803;   75,975; 1329,353; 6,76791
1060,23;  207,803;  126,875; 1383,752; 6,43877
1060,77;  177,102;   97,375; 1317,052; 6,53677
1061,32;  191,003;  108,575; 1320,652; 6,80051
1061,86;  170,003;  111,175; 1289,752; 4,99140
1062,41;  182,003;   93,975; 1242,953; 7,66138
1062,95;  177,902;  109,575; 1230,853; 6,09372
1063,50;  176,402;  111,075; 1230,052; 5,83814
1064,04;  175,102;   90,475; 1197,453; 7,64492
1064,59;  180,602;  114,775; 1210,052; 6,01012
1065,13;  165,003;  103,475; 1170,552; 5,76598
1065,68;  169,102;  107,275; 1161,353; 5,86555
1066,22;  184,303;  115,875; 1166,453; 6,51332
1066,76;  191,102;  130,175; 1145,252; 6,00225
1067,31;  173,102;   99,875; 1110,552; 7,24539
1067,85;  165,503;  100,975; 1090,252; 6,52269
1068,40;  177,303;  110,275; 1095,353; 6,80429
1068,94;  171,003;   99,175; 1079,353; 7,32801
1069,49;  155,303;   98,175; 1041,652; 6,05499
1070,03;  159,102;  111,175; 1034,353; 5,19158
1070,57;  156,202;   88,775; 1012,852; 7,29674
1071,12;  138,402;   75,875;  987,153; 6,86152
1071,66;  192,303;  131,775; 1039,953; 6,66472
1072,21;  166,902;  112,475; 1011,352; 6,05505
1072,75;  165,602;  104,475;  978,552; 6,99337
1073,29;  145,102;   77,075;  942,453; 7,86102
1073,84;  159,503;   95,975;  941,153; 7,51647
1074,38;  154,202;   93,875;  928,253; 7,23024
1074,92;  165,003;  107,275;  940,153; 6,93109
1075,47;  176,902;  112,775;  938,852; 7,76289
1076,01;  178,202;  121,775;  926,253; 7,01418
1076,56;  155,202;   97,275;  891,953; 7,28943
1077,10;  144,702;   86,075;  865,253; 7,52428
1077,64;  158,702;   97,875;  884,453; 7,73319
1078,19;  180,402;  123,175;  887,753; 7,48485
1078,73;  155,202;   98,775;  853,852; 7,47307
1079,27;  171,503;  121,075;  875,552; 6,68377
1079,81;  184,902;  121,375;  860,953; 8,58970
1080,36;  159,902;  105,975;  836,052; 7,38654
1080,90;  146,602;   96,375;  819,753; 6,94347
1081,44;  134,503;   82,475;  789,552; 7,35810
1081,99;  129,902;   70,375;  771,753; 8,48723
1082,53;  168,503;  113,075;  798,653; 8,08479
1083,07;  151,402;  104,175;  791,453; 6,87168
1083,62;  159,303;  101,275;  772,552; 8,64434
1084,16;  144,602;   98,975;  782,453; 6,67579
1084,70;  156,503;  107,475;  767,153; 7,43204
1085,24;  164,503;  108,775;  750,653; 8,68195
1085,79;  149,503;  109,175;  747,552; 6,31719
1086,33;  138,503;   99,075;  711,453; 6,43843
1086,87;  151,803;  102,075;  714,852; 8,11510
1087,41;  133,702;   84,475;  686,852; 8,17220
1087,96;  170,303;  124,575;  732,552; 7,52125
1088,50;  148,102;  112,075;  696,953; 6,15984
1089,04;  169,902;  121,775;  715,153; 8,11077
1089,58;  125,402;   82,375;  655,953; 7,50160
1090,13;  142,902;  102,975;  653,153; 7,25720
1090,67;  143,803;  101,775;  678,753; 7,28408
1091,21;  145,503;   92,075;  651,852; 9,54442
1091,75;  141,202;  106,875;  647,153; 6,35368
1092,29;  164,003;  105,875;  642,552;10,83099
1092,84;  142,803;  105,975;  628,352; 7,04998
1093,38;  172,902;  128,175;  662,753; 8,36689
1093,92;  167,102;  113,475;  640,052;10,18416
1094,46;  161,602;  128,175;  638,852; 6,54571
1095,00;  141,003;   93,975;  602,052; 9,25597
1095,54;  142,902;   89,975;  591,352;10,55642
1096,09;  150,003;  114,975;  597,352; 7,26143
1096,63;  154,803;  117,175;  598,453; 7,81825
1097,17;  133,902;  102,575;  573,052; 6,65866
1097,71;  164,803;  122,875;  582,453; 9,12305
1098,25;  134,503;  103,275;  553,653; 6,93363
1098,79;  147,003;  104,775;  568,753; 9,10120
1099,33;  149,902;  111,975;  572,052; 8,24372
1099,88;  147,902;  110,775;  562,253; 8,22355
1100,42;  107,003;   83,275;  521,253; 5,41752

