0127 ELITRO MAX
Integration time [ms]:   8,000
Averaging Nr. [scans]: 10
Smoothing Nr. [pixels]: 0
Data measured with spectrometer [name]: 7314920SP
Wave   ;Sample   ;Dark     ;Reference;Reflectance
[nm]   ;[counts] ;[counts] ;[counts] ;[%]

 199,42;  116,398;   63,873;  150,055;60,94668
 200,02;  131,998;   92,669;  145,732;74,11700
 200,62;   81,227;   67,563;   88,793;64,36019
 201,22;  115,656;   86,969;  138,011;56,20424
 201,82;  121,375;   66,174;  141,790;73,00082
 202,42;  129,045;  101,668;  154,973;51,35859
 203,03;   90,380;   60,168;   91,775;95,58584
 203,63;  103,668;   69,967;  109,037;86,25790
 204,23;  111,251;   70,671;  129,903;68,50997
 204,83;  104,162;   74,567;  123,718;60,21269
 205,43;  116,598;   56,673;  123,555;89,59834
 206,03;   74,909;   50,167;   90,459;61,40808
 206,63;   90,862;   68,865;  100,007;70,63541
 207,24;  131,998;   74,675;  162,566;65,22046
 207,84;   67,356;   39,967;   83,699;62,62992
 208,44;   86,356;   50,669;   95,011;80,48321
 209,04;   72,115;   47,365;   85,066;65,64778
 209,64;  115,780;   69,972;  127,998;78,94451
 210,24;   81,562;   45,367;   97,218;69,80602
 210,84;   94,809;   51,469;  101,970;85,82088
 211,44;  121,621;   86,470;  122,908;96,46867
 212,05;   88,215;   60,865;   99,266;71,22169
 212,65;  101,080;   66,368;  112,975;74,47786
 213,25;  130,245;   93,768;  142,073;75,51372
 213,85;  106,027;   84,465;  114,904;70,83516
 214,45;   78,262;   53,367;  100,418;52,91101
 215,05;   68,109;   39,369;  100,070;47,34746
 215,65;   88,362;   55,169;  105,630;65,78075
 216,25;   64,562;   40,267;   82,518;57,50195
 216,85;   65,604;   34,069;   89,651;56,73525
 217,45;   86,480;   49,068;   97,375;77,44610
 218,05;  101,080;   58,270;  112,886;78,38311
 218,66;   59,451;   28,769;   75,692;65,38794
 219,26;   59,768;   26,567;   79,337;62,91633
 219,86;   72,845;   36,771;   81,584;80,49888
 220,46;   96,027;   54,270;  104,127;83,75389
 221,06;   93,851;   51,871;  115,903;65,56069
 221,66;   92,510;   43,471;  103,481;81,71676
 222,26;   82,780;   39,772;  102,398;68,67481
 222,86;   90,639;   67,268;  118,954;45,21705
 223,46;   81,362;   51,767;   88,918;79,66164
 224,06;  105,298;   64,971;  120,343;72,82839
 224,66;  102,986;   57,570;  105,805;94,15477
 225,26;   89,668;   48,169;  113,748;63,28061
 225,86;   95,239;   42,173;  112,376;75,58931
 226,46;   87,392;   49,968;  102,913;70,68390
 227,06;   70,886;   27,670;   87,705;71,98399
 227,66;   73,974;   37,665;   74,845;97,65748
 228,27;   79,927;   29,270;   96,227;75,65630
 228,87;  117,033;   89,170;  143,046;51,71690
 229,47;   85,033;   29,172;   92,357;88,40847
 230,07;   43,768;   11,169;   59,648;67,24311
 230,67;   86,204;   38,169;   84,651;103,33995
 231,27;   70,427;   27,670;   76,327;87,87465
 231,87;   80,804;   43,169;  100,751;65,35820
 232,47;  116,492;   43,775;  132,047;82,37844
 233,07;   64,309;   42,965;   75,547;65,50872
 233,67;   82,780;   53,768;   94,275;71,62197
 234,27;   45,909;    0,567;   53,259;86,05209
 234,87;   79,645;   34,771;  106,084;62,92542
 235,47;   63,768;   16,169;   74,148;82,09660
 236,07;   59,039;   30,266;   72,042;68,87325
 236,67;   71,350;   49,966;   85,180;60,72623
 237,27;   89,204;   28,873;  109,074;75,22470
 237,87;   77,386;   25,370;   99,805;69,88056
 238,47;   57,498;   14,269;   68,032;80,40598
 239,07;   77,827;   33,272;   95,738;71,32685
 239,67;  102,481;   43,477;  131,421;67,09264
 240,27;   94,739;   46,773;  119,176;66,24865
 240,87;   99,457;   50,773;  119,533;70,80206
 241,47;   60,538;   39,164;   76,131;57,82099
 242,07;   64,586;   39,968;   92,894;46,51359
 242,67;   50,251;  -11,027;   77,914;68,89698
 243,27;   48,762;    7,767;   46,418;106,06461
 243,87;   89,798;   48,671;  108,343;68,92104
 244,47;   78,751;   22,371;   99,703;72,90621
 245,07;   34,909;    2,669;   55,770;60,71521
 245,67;   63,080;   31,068;   85,575;58,73001
 246,27;   51,262;   34,965;   69,007;47,87415
 246,87;   51,039;   26,668;   63,154;66,79549
 247,46;   12,727;   19,663;   23,793;-167,95569
 248,06;   59,680;   20,470;   69,786;79,50708
 248,66;   76,380;   31,072;  105,898;60,55148
 249,26;   52,039;   32,366;   70,742;51,26266
 249,86;   80,639;   42,873;  102,176;63,68317
 250,46;   63,345;   16,775;   93,507;60,69216
 251,06;   50,280;   22,168;   65,375;65,06339
 251,66;   49,092;   20,771;   64,724;64,43422
 252,26;   53,145;   38,866;   70,261;45,47967
 252,86;   69,109;   35,969;   89,070;62,41010
 253,46;   23,762;   -8,033;   22,118;105,45266
 254,06;   57,986;   31,766;   79,483;54,94881
 254,66;   69,698;   34,973;  100,155;53,27397
 255,26;   96,592;   39,073;  118,836;72,11271
 255,86;   55,338;   37,464;   55,631;98,39022
 256,46;   60,121;   19,870;   70,208;79,96210
 257,05;   64,839;   23,570;   59,565;114,65222
 257,65;   89,845;   38,071;   97,684;86,85010
 258,25;   88,833;   37,372;  101,457;80,30097
 258,85;   60,509;   15,669;   51,770;124,20823
 259,45;   46,704;    6,869;   42,951;110,39980
 260,05;   59,062;   46,667;   85,818;31,66001
 260,65;   65,745;   45,066;   83,561;53,71693
 261,25;   73,798;   29,371;   85,943;78,53091
 261,85;   41,157;   -0,129;   47,622;86,46043
 262,45;   72,809;   46,169;  109,270;42,21863
 263,04;   92,045;   53,073;  116,295;61,64286
 263,64;   64,721;   33,767;   77,097;71,43834
 264,24;   78,904;   37,671;   89,062;80,23265
 264,84;  118,669;   58,974;  138,671;74,90177
 265,44;   52,227;   26,368;   67,716;62,54077
 266,04;   72,480;   48,865;   71,464;104,49584
 266,64;   67,250;   39,866;   86,780;58,37092
 267,24;   62,350;   40,166;   68,980;76,99092
 267,84;   66,145;   24,668;   76,573;79,90933
 268,43;   88,233;   48,368;   95,935;83,80857
 269,03;   64,051;   46,969;   87,892;41,74169
 269,63;   78,192;   58,566;   92,402;58,00247
 270,23;   29,474;   10,765;   39,045;66,15605
 270,83;   71,345;   55,266;   83,161;57,63875
 271,43;   59,374;   23,967;   58,856;101,48439
 272,03;   75,827;   64,168;   99,116;33,36203
 272,62;   55,462;   23,269;   68,730;70,81600
 273,22;   48,633;   11,970;   61,046;74,70664
 273,82;   21,168;   17,460;   26,403;41,45552
 274,42;   30,391;   25,164;   46,890;24,06114
 275,02;   44,556;   34,864;   60,388;37,97203
 275,62;   82,033;   31,972;  100,457;73,09757
 276,21;   55,474;   22,770;   69,267;70,33556
 276,81;   63,956;   46,767;   71,099;70,64476
 277,41;   56,863;   22,971;   96,341;46,19238
 278,01;   30,556;   21,364;   42,788;42,90518
 278,61;   71,156;   38,869;   83,811;71,84333
 279,20;   90,439;   65,473;  119,076;46,57601
 279,80;   -0,756;    6,762;   11,539;-157,36651
 280,40;   58,139;   36,866;   79,742;49,61415
 281,00;   19,856;   -4,331;   33,311;64,25748
 281,60;   63,316;   20,774;   74,812;78,72593
 282,20;   62,821;   36,670;   70,108;78,20840
 282,79;   58,533;   29,568;   70,135;71,40087
 283,39;   30,292;   17,466;   44,702;47,09095
 283,99;   36,909;   23,165;   34,347;122,90810
 284,59;   32,115;   16,869;   45,289;53,64592
 285,19;   36,909;   27,067;   57,759;32,06865
 285,78;   52,321;   23,270;   63,808;71,66449
 286,38;   51,262;   39,665;   59,207;59,34550
 286,98;   53,333;   35,168;   73,535;47,34572
 287,58;   37,051;    4,771;   61,403;56,99926
 288,17;   55,892;    8,973;   80,336;65,74732
 288,77;   74,810;   19,976;   92,504;75,60375
 289,37;   38,309;   11,269;   57,670;58,27543
 289,97;   53,109;   48,965;   66,647;23,43850
 290,57;   77,868;   46,672;   93,260;66,96280
 291,16;   83,627;   63,868;  102,616;50,99453
 291,76;   37,133;    5,570;   47,346;75,55303
 292,36;   46,368;   34,367;   58,137;50,48777
 292,96;   36,586;   -3,127;   60,117;62,79402
 293,55;   55,056;   24,267;   65,399;74,85475
 294,15;   47,774;   26,870;   62,567;58,55957
 294,75;   47,462;   42,065;   66,207;22,35675
 295,35;   41,027;   21,068;   52,016;64,49320
 295,94;   61,103;   42,967;   66,740;76,29118
 296,54;   52,592;   30,768;   70,613;54,77113
 297,14;   46,410;   29,971;   76,881;35,04207
 297,73;   26,821;   12,165;   40,085;52,49185
 298,33;   55,786;   28,066;   57,583;93,91167
 298,93;   48,839;   41,968;   82,554;16,92884
 299,53;   59,574;   24,872;   69,079;78,49997
 300,12;   41,510;  -12,229;   59,481;74,93826
 300,72;   72,721;   41,567;   91,197;62,77286
 301,32;   66,445;   25,771;   99,584;55,10415
 301,92;   24,644;    3,664;   33,050;71,39617
 302,51;   38,815;   11,567;   49,978;70,93902
 303,11;   44,809;   14,667;   48,759;88,41538
 303,71;   53,098;   21,369;   82,132;52,21733
 304,30;   34,133;    5,466;   38,423;86,98163
 304,90;   35,486;   19,666;   44,283;64,26421
 305,50;   52,574;   18,565;   64,345;74,28782
 306,09;   41,939;   15,466;   49,042;78,84336
 306,69;   69,104;   34,171;   90,262;62,27811
 307,29;   17,115;   18,760;   33,144;-11,44053
 307,88;   72,915;   43,269;   72,489;101,45900
 308,48;   27,527;    0,070;   49,727;55,29373
 309,08;    6,121;   -4,437;   11,774;65,12771
 309,68;   44,921;   22,365;   39,585;130,98448
 310,27;   43,962;   20,169;   49,830;80,21890
 310,87;   54,992;   23,468;   54,813;100,56994
 311,47;   72,362;   54,967;   92,918;45,83588
 312,06;   68,668;   47,865;   68,426;101,17772
 312,66;   77,027;   51,168;  100,016;52,93842
 313,26;   85,692;   48,571;   96,224;77,89784
 313,85;   60,109;   38,267;   65,959;78,87680
 314,45;   69,756;   42,969;   86,611;61,38074
 315,04;   71,468;   52,165;   81,826;65,07908
 315,64;   50,921;   21,267;   47,897;111,35752
 316,24;   67,227;   40,770;   85,627;58,98121
 316,83;   62,539;   40,366;   76,742;60,95370
 317,43;   50,074;   35,167;   68,156;45,18689
 318,03;   59,833;   39,063;   70,012;67,10880
 318,62;  101,538;   73,061;   94,820;130,87897
 319,22;   49,445;    7,668;   66,973;70,44407
 319,82;   77,327;   40,768;   93,516;69,30945
 320,41;   94,298;   59,069;   98,732;88,81984
 321,01;  101,674;   80,465;  115,945;59,77709
 321,60;   86,191;   81,164;  102,790;23,24762
 322,20;  106,798;   67,673;  132,855;60,02434
 322,80;   85,021;   54,567;   91,797;81,80045
 323,39;   77,603;   65,764;   94,828;40,73395
 323,99;   91,745;   61,766;  102,661;73,30557
 324,59;   83,433;   73,063;   97,512;42,41239
 325,18;   79,415;   40,967;   92,178;75,07841
 325,78;   98,521;   76,365;  108,885;68,12942
 326,37;   92,580;   74,868;  108,075;53,33809
 326,97;   98,421;   63,267;  111,497;72,88874
 327,57;   49,427;   42,263;   76,493;20,92792
 328,16;   86,838;   60,864;   93,631;79,27066
 328,76;   77,803;   50,467;  110,140;45,81094
 329,35;   99,745;   56,871;  137,484;53,18500
 329,95;   80,121;   27,470;   91,308;82,47645
 330,54;   86,462;   52,167;   94,018;81,94569
 331,14;   66,056;   26,967;   82,599;70,26403
 331,74;   90,874;   54,165;   96,145;87,44404
 332,33;   84,527;   35,370;  108,127;67,56352
 332,93;   68,944;   43,764;   79,250;70,95890
 333,52;   70,292;   42,466;   93,102;54,95242
 334,12;  111,151;   72,069;  140,392;57,20179
 334,71;   75,539;   50,666;   87,942;66,72521
 335,31;  103,009;   63,267;  119,859;70,22644
 335,90;   50,209;   32,362;   53,836;83,10939
 336,50;   57,062;   30,665;   77,207;56,71717
 337,10;   82,762;   38,769;  121,530;53,15733
 337,69;   77,062;   51,765;   93,707;60,31495
 338,29;   67,568;   30,467;  101,037;52,57325
 338,88;   58,639;   22,468;   99,854;46,74088
 339,48;   78,456;   57,862;  111,677;38,26836
 340,07;   87,597;   48,566;  107,321;66,43105
 340,67;   91,945;   31,171;  124,784;64,92048
 341,26;   77,839;   48,466;   98,942;58,19108
 341,86;   92,468;   61,469;  138,348;40,32154
 342,45;   96,015;   45,669;  142,689;51,89256
 343,05;   84,215;   27,269;  115,689;64,40421
 343,64;   87,250;   47,366;  122,480;53,09812
 344,24;   58,762;   28,765;   92,107;47,35771
 344,83;   85,909;   71,365;  121,747;28,86815
 345,43;   73,103;   29,667;  114,240;51,36007
 346,02;   83,304;   41,469;  124,351;50,47489
 346,62;   96,092;   40,971;  140,424;55,42402
 347,21;   89,521;   42,165;  131,985;52,72292
 347,81;   86,068;   26,172;  140,560;52,36270
 348,40;   61,038;   29,064;  100,731;44,61570
 349,00;   76,933;   49,163;  137,712;31,36045
 349,59;  123,633;   65,870;  177,846;51,58515
 350,19;   82,392;   32,571;  139,424;46,62567
 350,78;   76,609;   55,467;  140,759;24,78838
 351,38;   69,404;   15,869;  140,951;42,79962
 351,97;   84,903;   26,767;  136,040;53,20321
 352,57;   84,527;   42,570;  155,827;37,04603
 353,16;   68,103;   30,564;  134,328;36,17721
 353,76;   93,933;   38,770;  169,846;42,08473
 354,35;   75,668;   27,669;  160,148;36,23125
 354,95;   97,674;   43,970;  182,067;38,88872
 355,54;  102,745;   38,368;  163,973;51,25329
 356,14;   82,768;   40,069;  164,749;34,24698
 356,73;   72,056;   29,162;  145,176;36,97290
 357,32;   73,998;   13,769;  164,432;39,97590
 357,92;   85,121;   17,772;  181,419;41,15525
 358,51;  117,374;   43,372;  214,179;43,32516
 359,11;  109,368;   36,772;  212,360;41,34488
 359,70;   90,939;   28,470;  189,965;38,68152
 360,30;  104,844;   54,562;  188,039;37,67138
 360,89;   82,639;   31,168;  188,054;32,80778
 361,48;  125,774;   55,570;  216,467;43,63296
 362,08;   96,874;   19,867;  187,156;46,03214
 362,67;   95,427;   39,763;  192,693;36,39812
 363,27;  130,615;   60,767;  247,678;37,36979
 363,86;  104,574;   35,765;  215,745;38,23137
 364,46;  141,138;   44,664;  257,231;45,38556
 365,05;  156,432;   64,659;  254,989;48,21796
 365,64;  143,803;   50,960;  269,706;42,44338
 366,24;  176,315;   38,558;  309,432;50,85627
 366,83;  195,903;   43,255;  335,383;52,25363
 367,43;  204,272;   51,545;  352,843;50,68991
 368,02;  246,608;   34,646;  399,757;58,05411
 368,61;  299,743;   62,239;  475,425;57,48104
 369,21;  271,065;   32,419;  445,299;57,80023
 369,80;  290,734;   43,007;  526,947;51,18969
 370,39;  375,311;   62,006;  604,971;57,70257
 370,99;  377,786;   42,089;  615,416;58,55249
 371,58;  387,456;   22,974;  630,953;59,94973
 372,18;  424,084;   37,166;  701,603;58,23258
 372,77;  417,072;   42,449;  679,385;58,81631
 373,36;  432,760;   42,747;  690,836;60,17889
 373,96;  404,665;   35,135;  639,498;61,14362
 374,55;  406,453;   29,844;  621,406;63,66362
 375,14;  364,519;   42,849;  573,826;60,58072
 375,74;  354,490;   69,157;  543,276;60,18164
 376,33;  289,849;   45,964;  464,589;58,25862
 376,92;  273,497;   33,278;  447,997;57,92332
 377,52;  377,311;   86,103;  548,460;62,98326
 378,11;  313,993;   46,703;  457,203;65,11330
 378,71;  360,735;   73,011;  514,270;65,20517
 379,30;  374,012;   59,517;  553,928;63,60994
 379,89;  396,176;   59,813;  556,103;67,77552
 380,49;  388,929;   31,018;  568,185;66,62944
 381,08;  430,517;   70,306;  570,990;71,94368
 381,67;  421,311;   55,008;  555,483;73,19110
 382,26;  400,417;   41,706;  539,390;72,07596
 382,86;  411,105;   54,003;  516,041;77,28838
 383,45;  437,711;   50,412;  562,105;75,68970
 384,04;  444,005;   38,712;  553,886;78,67110
 384,64;  433,194;   49,014;  566,760;74,20240
 385,23;  445,623;   64,406;  560,509;76,84217
 385,82;  481,829;   59,615;  592,774;79,19107
 386,42;  542,765;   61,024;  659,022;80,55902
 387,01;  505,088;   55,414;  580,541;85,63149
 387,60;  533,629;   69,009;  590,140;89,15610
 388,20;  517,511;   37,712;  590,805;86,74833
 388,79;  577,188;   72,418;  665,563;85,10055
 389,38;  499,417;   32,106;  564,890;87,71105
 389,97;  585,623;   45,415;  640,955;90,70902
 390,57;  603,653;   71,114;  654,038;91,35639
 391,16;  608,153;   62,514;  655,838;91,96296
 391,75;  596,729;   52,713;  638,562;92,85936
 392,34;  653,794;   60,821;  696,694;93,25343
 392,94;  648,794;   44,718;  689,683;93,66035
 393,53;  649,841;   41,016;  666,612;97,31924
 394,12;  714,094;   53,023;  719,105;99,24772
 394,72;  719,182;   54,213;  706,122;102,00337
 395,31;  710,029;   42,115;  694,874;102,32177
 395,90;  743,118;   42,924;  732,881;101,48370
 396,49;  813,048;   58,028;  779,187;104,69526
 397,09;  779,365;   47,417;  749,188;104,30012
 397,68;  839,630;   44,025;  800,719;105,14220
 398,27;  852,371;   54,626;  809,652;105,65798
 398,86;  851,342;   43,125;  807,657;105,71390
 399,45;  919,160;   56,630;  844,037;109,54056
 400,05;  872,371;   23,820;  799,518;109,39189
 400,64;  927,600;   56,419;  831,001;112,47104
 401,23;  930,982;   53,920;  859,956;108,81184
 401,82;  967,382;   67,220;  868,256;112,37479
 402,42; 1008,047;   62,921;  873,953;116,53372
 403,01; 1048,430;   81,525;  912,919;116,29921
 403,60; 1065,183;   68,532;  940,513;114,29740
 404,19; 1058,324;   76,024;  931,900;114,77128
 404,78; 1041,871;   57,522;  909,929;115,47870
 405,38; 1122,848;   68,332;  984,210;115,13716
 405,97; 1085,265;   63,226;  953,933;114,74472
 406,56; 1147,006;   71,528; 1004,366;115,29105
 407,15; 1138,830;   68,829;  989,442;116,22706
 407,74; 1205,601;   80,730; 1026,758;118,90457
 408,34; 1182,154;   50,933; 1018,629;116,89836
 408,93; 1208,224;   59,531; 1016,234;120,06790
 409,52; 1215,160;   51,435; 1041,359;117,55695
 410,11; 1269,230;   84,931; 1090,453;117,77955
 410,70; 1227,430;   54,727; 1027,230;120,58600
 411,29; 1257,101;   58,628; 1030,847;123,27189
 411,89; 1286,519;   60,535; 1093,938;118,63563
 412,48; 1276,754;   48,228; 1051,606;122,43891
 413,07; 1315,225;   65,033; 1101,446;120,62684
 413,66; 1332,013;   78,135; 1102,119;122,45095
 414,25; 1340,307;   63,337; 1142,311;118,35039
 414,84; 1348,824;   69,431; 1102,434;123,85184
 415,44; 1369,295;   91,530; 1155,939;120,04452
 416,03; 1369,895;   76,637; 1161,173;119,24529
 416,62; 1388,131;   76,138; 1168,687;120,08547
 417,21; 1391,489;   75,334; 1158,843;121,47157
 417,80; 1399,160;   65,037; 1162,871;121,52325
 418,39; 1419,266;   78,440; 1179,201;121,80902
 418,98; 1358,177;   55,634; 1143,405;119,74426
 419,58; 1401,066;   64,033; 1142,067;124,02510
 420,17; 1397,854;   52,735; 1164,540;120,98512
 420,76; 1421,795;   72,537; 1192,873;120,43334
 421,35; 1388,772;   60,236; 1155,197;121,33175
 421,94; 1423,666;   88,340; 1223,501;117,63319
 422,53; 1394,172;   61,540; 1195,320;117,53887
 423,12; 1410,090;   64,039; 1190,766;119,46558
 423,71; 1365,019;   60,835; 1162,138;118,42191
 424,30; 1397,837;   85,236; 1210,695;116,62804
 424,90; 1356,972;   39,438; 1163,809;117,17968
 425,49; 1403,513;   70,140; 1216,242;116,33987
 426,08; 1397,113;   80,240; 1209,641;116,59921
 426,67; 1371,625;   57,436; 1168,257;118,30789
 427,26; 1393,025;   60,343; 1230,391;113,89979
 427,85; 1378,225;   63,238; 1209,968;114,67274
 428,44; 1412,460;   68,442; 1218,093;116,90661
 429,03; 1404,049;   85,341; 1233,155;114,88858
 429,62; 1412,896;   78,941; 1240,296;114,86193
 430,21; 1444,396;   81,443; 1277,807;113,92457
 430,80; 1412,784;   70,445; 1235,381;115,22862
 431,39; 1424,702;   53,344; 1246,926;114,89428
 431,99; 1409,419;   78,535; 1206,838;117,95450
 432,58; 1446,190;   82,639; 1251,166;116,68973
 433,17; 1420,613;   69,735; 1238,319;115,59957
 433,76; 1487,726;   71,347; 1288,314;116,38599
 434,35; 1499,178;   88,245; 1292,462;117,16607
 434,94; 1534,814;   70,849; 1318,887;117,30130
 435,53; 1509,484;   78,643; 1278,669;119,23414
 436,12; 1510,049;   70,044; 1294,267;117,62604
 436,71; 1553,778;   87,740; 1303,239;120,61203
 437,30; 1582,690;   76,941; 1299,177;123,19624
 437,89; 1614,825;   76,245; 1320,802;123,62472
 438,48; 1621,072;   65,942; 1305,731;125,43505
 439,07; 1649,784;   95,238; 1347,147;124,17406
 439,66; 1701,290;   83,648; 1375,711;125,19841
 440,25; 1710,949;   85,844; 1390,567;124,55555
 440,84; 1792,279;   79,850; 1387,984;130,90616
 441,43; 1825,238;   78,054; 1440,985;128,19309
 442,02; 1811,790;   79,650; 1411,022;130,10188
 442,61; 1815,202;   93,344; 1397,226;132,05622
 443,20; 1882,126;   94,249; 1446,625;132,20266
 443,79; 1892,608;   74,546; 1412,957;135,83739
 444,38; 1954,949;   84,248; 1461,789;135,79999
 444,97; 1962,943;   84,146; 1466,359;135,92672
 445,56; 2015,702;  101,846; 1477,038;139,17013
 446,15; 2058,761;   81,651; 1522,539;137,21471
 446,74; 2036,955;   58,644; 1462,286;140,94128
 447,33; 2111,908;   82,646; 1538,357;139,40009
 447,92; 2152,555;   78,151; 1570,720;138,98215
 448,51; 2175,396;   89,746; 1586,019;139,38969
 449,10; 2224,637;   92,045; 1608,840;140,59857
 449,69; 2229,896;   73,950; 1627,741;138,75392
 450,28; 2253,937;   66,948; 1608,251;141,89218
 450,87; 2323,931;   78,647; 1656,333;142,31509
 451,46; 2371,355;   96,048; 1702,208;141,66126
 452,05; 2375,379;   70,950; 1715,384;140,13502
 452,64; 2430,243;   70,850; 1725,182;142,61911
 453,23; 2480,526;  113,752; 1794,936;140,78016
 453,82; 2509,002;   83,451; 1800,660;141,24959
 454,40; 2516,643;   65,450; 1786,682;142,40925
 454,99; 2586,808;  101,253; 1871,891;140,37629
 455,58; 2595,820;   69,747; 1832,095;143,33566
 456,17; 2626,490;   63,852; 1873,634;141,59932
 456,76; 2660,255;   67,751; 1918,820;140,05444
 457,35; 2744,749;   78,348; 1930,490;143,96314
 457,94; 2747,620;   66,954; 1978,929;140,20406
 458,53; 2800,049;   67,350; 2010,101;140,66135
 459,12; 2857,744;   82,657; 2111,116;136,80764
 459,71; 2850,143;   58,148; 2060,071;139,46570
 460,30; 2862,890;   84,448; 2087,511;138,70968
 460,89; 2908,055;   57,551; 2129,920;137,54812
 461,48; 2931,420;   75,954; 2173,829;136,11233
 462,06; 2961,084;   68,050; 2187,303;136,51196
 462,65; 2961,261;   48,249; 2176,527;136,87175
 463,24; 3079,367;   87,456; 2288,680;135,92032
 463,83; 3059,685;   54,450; 2229,803;138,14925
 464,42; 3137,614;   88,349; 2333,687;135,80426
 465,01; 3165,844;   73,050; 2336,482;136,64178
 465,60; 3199,490;   64,050; 2384,322;135,13244
 466,19; 3264,820;   73,354; 2462,829;133,56350
 466,77; 3250,861;   81,551; 2462,939;133,08669
 467,36; 3296,191;   69,457; 2459,256;135,02112
 467,95; 3358,214;   79,551; 2466,098;137,38102
 468,54; 3407,232;   71,954; 2513,866;136,58467
 469,13; 3462,473;   69,452; 2535,977;137,56281
 469,72; 3523,450;   67,555; 2582,723;137,40212
 470,31; 3566,956;   87,855; 2629,242;136,89769
 470,90; 3607,531;   76,750; 2652,044;137,10207
 471,48; 3610,797;   32,057; 2671,875;135,56766
 472,07; 3737,973;  125,747; 2686,454;141,06360
 472,66; 3772,949;   67,853; 2748,412;138,22103
 473,25; 3841,161;   68,351; 2723,339;142,10273
 473,84; 3867,291;   55,955; 2766,545;140,60908
 474,43; 3956,785;   55,459; 2843,049;139,95338
 475,01; 4014,785;   69,254; 2885,926;140,07776
 475,60; 4069,197;   49,755; 2882,364;141,89892
 476,19; 4139,915;   74,158; 2956,932;141,03624
 476,78; 4162,191;   71,057; 2964,456;141,39541
 477,37; 4208,297;   59,355; 2945,364;143,76053
 477,95; 4270,761;   75,656; 3018,661;142,54493
 478,54; 4307,008;   63,253; 3023,691;143,34892
 479,13; 4306,808;   56,253; 3070,291;141,02529
 479,72; 4362,526;   81,154; 3090,147;142,28585
 480,31; 4393,891;   63,459; 3167,468;139,51095
 480,89; 4435,985;   60,254; 3171,026;140,66382
 481,48; 4460,562;   46,260; 3214,084;139,34806
 482,07; 4510,132;   61,654; 3233,866;140,23266
 482,66; 4485,661;   52,853; 3253,650;138,49076
 483,25; 4557,562;   78,960; 3319,884;138,18903
 483,83; 4538,438;   59,954; 3325,385;137,14831
 484,42; 4538,620;   54,354; 3355,129;135,85496
 485,01; 4573,409;   65,958; 3400,413;135,17802
 485,60; 4610,292;   73,764; 3490,590;132,77021
 486,18; 4589,461;   66,956; 3490,761;132,09002
 486,77; 4584,826;   67,252; 3519,736;130,84994
 487,36; 4580,344;   58,464; 3561,750;129,07539
 487,95; 4571,227;   59,161; 3640,781;125,97832
 488,53; 4551,074;   54,461; 3642,522;125,32151
 489,12; 4598,379;   50,563; 3722,252;123,86169
 489,71; 4559,750;   38,062; 3680,357;124,14391
 490,30; 4565,868;   61,460; 3742,503;122,36770
 490,88; 4605,179;   87,561; 3859,141;119,78052
 491,47; 4567,033;   60,663; 3867,512;118,37532
 492,06; 4568,268;   62,563; 3920,615;116,78705
 492,65; 4553,885;   59,161; 3947,060;115,60805
 493,23; 4538,909;   54,860; 3982,825;114,15705
 493,82; 4567,355;   65,853; 4018,031;113,89928
 494,41; 4530,591;   51,361; 4066,179;111,56746
 494,99; 4589,291;   73,655; 4126,945;111,40668
 495,58; 4571,868;   86,060; 4224,403;108,39622
 496,17; 4571,167;   56,356; 4198,681;108,99222
 496,76; 4558,461;   65,356; 4276,761;106,68898
 497,34; 4599,950;   54,557; 4305,235;106,93336
 497,93; 4624,897;   66,057; 4350,675;106,40014
 498,52; 4632,397;   60,059; 4454,387;104,05091
 499,10; 4648,503;   75,862; 4533,217;102,58642
 499,69; 4601,303;   55,360; 4537,006;101,43467
 500,28; 4617,691;   37,959; 4592,068;100,56264
 500,86; 4657,144;   62,862; 4698,539;99,10704
 501,45; 4664,344;   53,462; 4730,438;98,58682
 502,04; 4714,050;   53,362; 4813,958;97,90137
 502,62; 4749,867;   70,956; 4856,181;97,77830
 503,21; 4740,373;   57,856; 4939,699;95,91699
 503,80; 4817,156;   69,662; 5015,577;95,98819
 504,38; 4838,309;   58,460; 5081,425;95,15991
 504,97; 4802,756;   49,962; 5122,776;93,69146
 505,56; 4864,532;   70,859; 5194,989;93,55096
 506,14; 4903,597;   64,064; 5263,709;93,07429
 506,73; 4907,962;   23,565; 5292,507;92,70167
 507,32; 4927,874;   62,865; 5376,045;91,56492
 507,90; 4929,162;   70,860; 5443,284;90,43034
 508,49; 4960,915;   58,865; 5500,366;90,08635
 509,08; 4989,438;   67,264; 5571,931;89,41820
 509,66; 5009,915;   69,960; 5677,644;88,09260
 510,25; 5034,532;   63,561; 5737,400;87,61212
 510,83; 4998,262;   45,165; 5855,607;85,24476
 511,42; 5017,492;   61,968; 5895,913;84,94293
 512,01; 5052,803;   59,164; 5980,328;84,33543
 512,59; 5031,856;   46,562; 6041,676;83,15595
 513,18; 5068,591;   59,961; 6114,379;82,72687
 513,77; 5049,938;   42,257; 6171,797;81,69750
 514,35; 5013,115;   37,763; 6190,255;80,86726
 514,94; 5096,103;   58,662; 6323,517;80,40794
 515,52; 5022,139;   48,166; 6358,342;78,82462
 516,11; 5060,009;   80,665; 6474,047;77,88279
 516,69; 4966,944;   41,959; 6446,727;76,89560
 517,28; 5014,562;   83,358; 6541,973;76,35079
 517,87; 4950,855;   45,558; 6604,054;74,79303
 518,45; 4928,368;   74,858; 6626,192;74,08430
 519,04; 4953,126;   54,258; 6707,970;73,62609
 519,62; 4940,668;   55,863; 6774,114;72,70947
 520,21; 4917,392;   24,466; 6828,002;71,91739
 520,79; 4982,180;   52,068; 7000,875;70,94904
 521,38; 4951,721;   52,960; 6995,363;70,56290
 521,97; 4999,439;   43,068; 7141,554;69,82293
 522,55; 4952,579;   67,759; 7195,230;68,53511
 523,14; 5013,232;   26,759; 7180,289;69,70647
 523,72; 5057,874;   77,561; 7383,422;68,16873
 524,31; 5060,862;   71,665; 7406,107;68,02422
 524,89; 5103,827;   48,468; 7526,815;67,59995
 525,48; 5116,351;   21,666; 7603,580;67,19523
 526,06; 5165,303;   56,264; 7633,128;67,42946
 526,65; 5233,786;   72,370; 7803,105;66,76488
 527,23; 5260,262;   46,262; 7840,596;66,89474
 527,82; 5339,515;   37,967; 7905,978;67,38105
 528,41; 5416,498;   67,366; 8041,021;67,08507
 528,99; 5468,415;   66,365; 8108,167;67,17463
 529,58; 5461,409;   42,562; 8168,736;66,68387
 530,16; 5620,591;   49,461; 8315,379;67,39881
 530,75; 5717,850;   73,964; 8417,069;67,64731
 531,33; 5741,050;   45,566; 8440,980;67,84042
 531,92; 5796,615;   48,560; 8567,344;67,47506
 532,50; 5994,074;   87,770; 8706,468;68,52896
 533,09; 6006,627;   65,665; 8807,204;67,96242
 533,67; 6052,773;   63,458; 8952,011;67,38235
 534,26; 6214,456;   65,760; 9007,665;68,76271
 534,84; 6303,285;   68,461; 9127,061;68,82768
 535,42; 6442,050;   61,564; 9205,969;69,77476
 536,01; 6592,268;   79,263; 9330,215;70,40362
 536,59; 6683,592;   43,366; 9482,202;70,35005
 537,18; 6909,203;   77,360; 9568,605;71,98047
 537,76; 7088,516;   56,972; 9764,700;72,43243
 538,35; 7299,986;   59,368; 9892,694;73,63345
 538,93; 7513,303;   72,664; 9941,828;75,39280
 539,52; 7748,386;   57,370;10111,405;76,49680
 540,10; 7975,962;   63,269;10309,029;77,22895
 540,69; 8201,285;   68,763;10444,071;78,38343
 541,27; 8379,303;   58,262;10514,917;79,57651
 541,85; 8624,086;   47,366;10658,783;80,82540
 542,44; 8782,262;   56,460;10765,484;81,48083
 543,02; 9031,862;   80,369;10952,729;82,33256
 543,61; 9215,462;   77,067;11102,218;82,88680
 544,19; 9304,433;   55,066;11264,023;82,51764
 544,78; 9422,744;   62,766;11296,562;83,31982
 545,36; 9586,356;   77,469;11521,011;83,09392
 545,94; 9606,650;   54,564;11563,069;83,00023
 546,53; 9800,409;   52,771;11724,882;83,51221
 547,11; 9928,645;   90,668;11879,873;83,44902
 547,70; 9955,203;   75,860;11954,706;83,16753
 548,28;10035,915;   47,965;12093,066;82,92126
 548,86;10161,615;   81,365;12327,767;82,31194
 549,45;10231,239;   33,768;12364,953;82,69660
 550,03;10343,368;   76,467;12507,537;82,59065
 550,62;10523,839;   63,566;12662,842;83,02281
 551,20;10655,563;   61,467;12808,418;83,11082
 551,78;10641,444;   61,164;12952,850;82,07057
 552,37;10774,050;   55,864;13112,469;82,09015
 552,95;10864,509;   56,765;13214,547;82,13956
 553,54;11043,162;   49,965;13393,207;82,38775
 554,12;11107,521;   67,167;13498,797;82,19668
 554,70;11308,045;   67,568;13736,973;82,23092
 555,29;11410,921;   61,965;13856,285;82,27267
 555,87;11456,680;   60,170;13987,786;81,82671
 556,45;11550,250;   57,162;14154,058;81,52921
 557,04;11711,057;   43,667;14376,600;81,40267
 557,62;11832,756;   68,867;14525,499;81,37365
 558,20;11987,063;   42,671;14799,940;80,93903
 558,79;12069,880;  100,368;14905,875;80,84500
 559,37;12181,362;   49,867;15000,418;81,14414
 559,95;12302,751;   46,669;15169,691;81,04254
 560,54;12425,392;   71,768;15324,613;80,99226
 561,12;12571,345;   50,866;15485,562;81,11905
 561,70;12646,504;   50,369;15679,551;80,59369
 562,29;12778,086;   61,768;15810,994;80,74249
 562,87;12912,539;   73,168;16023,953;80,49366
 563,45;13043,438;   71,068;16194,754;80,45537
 564,04;13062,162;   54,362;16227,195;80,42994
 564,62;13256,998;   37,769;16438,332;80,60229
 565,20;13336,744;   59,962;16715,838;79,71230
 565,78;13456,668;   70,765;16797,326;80,02782
 566,37;13628,485;   71,066;17011,283;80,03097
 566,95;13691,063;   52,969;17124,330;79,88873
 567,53;13783,550;   67,262;17308,857;79,55347
 568,12;13827,115;   62,265;17367,766;79,54032
 568,70;14033,057;   85,264;17565,889;79,79001
 569,28;14086,104;   61,069;17745,252;79,30835
 569,86;14120,609;   67,767;17910,758;78,75833
 570,45;14347,516;   78,569;18124,689;79,06933
 571,03;14381,297;   53,962;18259,898;78,69595
 571,61;14515,191;   46,571;18424,824;78,72685
 572,19;14491,621;   54,263;18395,773;78,71412
 572,78;14623,080;   70,668;18668,975;78,24590
 573,36;14791,150;   84,264;18797,668;78,59012
 573,94;14817,645;   44,064;18892,750;78,37990
 574,52;14882,991;   54,559;19030,768;78,14223
 575,11;14935,438;   37,264;19159,830;77,90887
 575,69;15052,551;   53,566;19268,680;78,05827
 576,27;15028,727;   47,161;19391,381;77,44725
 576,85;15278,150;   43,264;19549,668;78,10197
 577,44;15365,850;   30,262;19814,158;77,51551
 578,02;15324,097;   32,159;19753,887;77,53853
 578,60;15496,791;   50,464;20073,791;77,14166
 579,18;15616,080;   51,963;20160,752;77,39957
 579,76;15741,203;   40,264;20300,129;77,49775
 580,35;15863,921;   60,170;20436,707;77,55857
 580,93;16062,374;   59,667;20641,557;77,75140
 581,51;16057,174;   24,770;20697,168;77,55464
 582,09;16194,814;   58,663;20755,756;77,96337
 582,67;16350,862;   49,567;20971,318;77,91554
 583,26;16459,393;   28,568;21227,014;77,50957
 583,84;16612,396;   14,164;21413,709;77,56348
 584,42;16661,855;   48,064;21513,287;77,39864
 585,00;16899,451;   81,366;21772,180;77,53552
 585,58;17047,256;   25,167;21912,299;77,77213
 586,17;17051,574;   46,761;21948,521;77,64131
 586,75;17052,391;    6,666;22026,902;77,40936
 587,33;17186,916;   47,767;22191,678;77,39893
 587,91;17276,691;   74,866;22390,201;77,08522
 588,49;17362,850;   63,962;22349,758;77,62293
 589,07;17331,727;   45,468;22403,215;77,31664
 589,65;17359,904;   28,267;22444,439;77,31756
 590,24;17374,598;   42,562;22447,799;77,35707
 590,82;17371,984;   28,261;22484,160;77,23460
 591,40;17505,998;   41,464;22520,209;77,69355
 591,98;17404,045;   45,759;22558,227;77,10521
 592,56;17525,484;   61,161;22699,961;77,14333
 593,14;17461,943;   43,359;22728,928;76,78267
 593,72;17477,262;   29,765;22889,107;76,32545
 594,30;17460,996;   36,759;22797,486;76,55396
 594,89;17452,004;   41,364;22862,428;76,29197
 595,47;17485,174;   38,961;22922,623;76,23873
 596,05;17392,656;   30,267;23003,799;75,57562
 596,63;17505,855;   31,167;23056,199;75,89431
 597,21;17481,939;   36,766;23145,441;75,49188
 597,79;17410,803;   35,467;23166,039;75,11849
 598,37;17454,768;   36,669;23222,748;75,12309
 598,95;17504,992;   50,766;23305,301;75,05730
 599,53;17365,438;   46,757;23207,996;74,77441
 600,11;17539,309;   48,665;23341,947;75,08879
 600,70;17394,332;   57,363;23315,111;74,54277
 601,28;17494,297;   38,564;23424,809;74,64103
 601,86;17494,191;   61,766;23355,102;74,83868
 602,44;17491,086;   23,661;23449,660;74,56427
 603,02;17411,914;   38,656;23576,521;73,80983
 603,60;17445,215;   54,858;23663,232;73,66181
 604,18;17421,475;   69,263;23594,734;73,75925
 604,76;17436,215;   59,263;23642,154;73,68457
 605,34;17305,080;   27,565;23530,764;73,51133
 605,92;17127,738;   59,561;23453,719;72,95914
 606,50;16986,797;   17,662;23498,998;72,26648
 607,08;16854,750;   31,666;23394,881;72,00672
 607,66;16824,238;   39,266;23561,643;71,35747
 608,24;16583,609;   46,067;23522,059;70,44449
 608,82;16441,438;   26,164;23532,031;69,83479
 609,40;16153,197;   46,466;23471,021;68,76003
 609,98;15924,203;   18,864;23505,928;67,71957
 610,56;15686,221;   43,861;23497,662;66,69435
 611,14;15416,821;   30,765;23481,086;65,61128
 611,72;15115,315;   42,665;23572,467;64,05770
 612,30;14897,462;   24,962;23468,496;63,43967
 612,88;14571,779;   60,659;23517,730;61,86246
 613,46;14222,697;   21,862;23505,697;60,47068
 614,04;13874,745;   30,068;23461,873;59,08498
 614,62;13721,026;   41,561;23489,982;58,33853
 615,20;13494,627;   52,768;23402,416;57,56772
 615,78;13414,563;   25,569;23463,430;57,12549
 616,36;13242,944;   41,364;23400,150;56,51655
 616,94;13244,039;    7,666;23272,242;56,89497
 617,52;13315,774;   24,067;23373,656;56,92480
 618,10;13471,738;   63,559;23336,107;57,61371
 618,68;13551,985;   17,966;23253,184;58,24787
 619,26;13744,433;   39,268;23398,834;58,67046
 619,84;13891,674;   18,963;23277,133;59,64661
 620,42;13992,762;   31,165;23313,506;59,96647
 621,00;14122,063;   28,865;23209,607;60,79701
 621,58;14203,903;   38,760;23216,406;61,11554
 622,16;14330,938;   49,270;23335,164;61,33184
 622,74;14416,339;   47,066;23327,742;61,72189
 623,32;14457,833;   42,166;23291,223;62,00539
 623,90;14467,345;   66,971;23311,484;61,95171
 624,48;14370,797;   32,662;23196,598;61,89853
 625,05;14339,397;   34,562;23105,098;62,00478
 625,63;14221,997;   52,962;23188,799;61,24280
 626,21;14191,962;   38,262;23117,596;61,32629
 626,79;14156,063;   53,967;23219,719;60,87476
 627,37;14025,604;   28,162;23090,717;60,69337
 627,95;14012,827;   72,768;23200,215;60,27496
 628,53;13892,162;   49,365;23176,607;59,85494
 629,11;13698,085;   48,259;23043,449;59,35948
 629,69;13757,897;   53,369;23256,932;59,06217
 630,27;13590,073;   80,763;23105,434;58,67320
 630,84;13472,997;   43,862;23021,197;58,44514
 631,42;13465,974;   54,367;23319,656;57,64642
 632,00;13345,391;   45,459;23125,768;57,62458
 632,58;13203,985;   50,263;23105,172;57,05389
 633,16;13194,886;   49,870;23096,906;57,03560
 633,74;12975,256;   56,264;23018,488;56,26193
 634,32;12884,479;   45,661;23007,842;55,91289
 634,90;12903,133;   51,970;23195,746;55,52751
 635,47;12702,515;   38,860;23035,645;55,06707
 636,05;12684,779;   37,461;22989,342;55,10363
 636,63;12667,762;   45,965;23104,807;54,73734
 637,21;12653,803;   67,464;23150,529;54,52629
 637,79;12630,827;   71,465;23192,904;54,31912
 638,37;12567,503;   54,055;23070,883;54,36652
 638,94;12643,921;   33,265;23100,686;54,66869
 639,52;12718,821;   41,665;23195,285;54,75237
 640,10;12837,279;   64,264;23215,900;55,17111
 640,68;12897,871;   54,164;23175,334;55,54956
 641,26;12937,163;   35,864;23250,268;55,57454
 641,84;13037,154;   39,164;23235,002;56,03587
 642,41;13064,446;   28,264;23192,936;56,27614
 642,99;13228,438;   48,464;23145,568;57,06332
 643,57;13234,529;   22,064;23158,402;57,10699
 644,15;13288,921;   27,064;23178,035;57,28424
 644,73;13406,513;   37,564;23277,568;57,52559
 645,30;13425,904;   55,264;23230,303;57,69414
 645,88;13462,896;   44,964;23362,635;57,54405
 646,46;13541,588;   59,264;23447,568;57,64558
 647,04;13594,180;   51,864;23367,902;58,08155
 647,61;13539,071;   46,564;23396,336;57,78432
 648,19;13580,163;   61,664;23433,369;57,84130
 648,77;13529,654;   26,264;23442,002;57,66801
 649,35;13489,646;   51,064;23590,137;57,09053
 649,92;13450,038;   42,464;23596,070;56,92366
 650,50;13402,529;   30,064;23551,104;56,85321
 651,08;13380,821;   39,964;23450,537;56,98646
 651,66;13456,213;   21,864;23534,770;57,13606
 652,23;13350,004;   39,064;23561,004;56,58946
 652,81;13407,296;   36,464;23644,137;56,63765
 653,39;13452,788;   56,164;23647,170;56,78700
 653,97;13466,979;   37,065;23882,504;56,32069
 654,54;13459,671;   23,565;23823,137;56,45524
 655,12;13560,263;   30,965;23831,971;56,84339
 655,70;13620,454;   42,065;23962,805;56,76409
 656,28;13681,446;   32,765;23947,037;57,07337
 656,85;13642,038;   44,065;24051,070;56,64169
 657,43;13610,729;   -1,035;23831,305;57,11468
 658,01;13804,321;   21,465;24078,539;57,29232
 658,58;13863,813;   55,165;24234,371;57,10960
 659,16;13832,004;   51,965;24154,105;57,17351
 659,74;13848,496;   59,465;24338,039;56,79506
 660,32;14034,888;   71,665;24327,672;57,56604
 660,89;13968,180;   34,265;24347,305;57,31046
 661,47;14041,371;   51,665;24464,939;57,30369
 662,05;14085,362;   25,365;24587,373;57,24287
 662,62;14229,555;   59,665;24584,006;57,77888
 663,20;14279,446;   80,665;24740,139;57,57942
 663,78;14403,838;   47,965;24902,773;57,75894
 664,35;14403,729;   52,465;24921,006;57,70851
 664,93;14434,721;   64,465;25123,539;57,34552
 665,51;14557,013;   49,565;25170,973;57,74934
 666,08;14515,804;   30,165;25185,707;57,58428
 666,66;14792,296;   47,465;25667,539;57,55187
 667,23;14919,987;   51,765;25732,773;57,89579
 667,81;15041,179;   65,865;25889,307;57,99116
 668,39;15121,071;   43,265;26047,141;57,98292
 668,96;15326,263;   54,665;26309,074;58,16774
 669,54;15491,554;   38,765;26408,408;58,60067
 670,12;15754,146;   51,165;26808,740;58,68611
 670,69;15864,838;   64,165;26950,674;58,76803
 671,27;15979,029;   25,565;27096,008;58,93315
 671,84;16061,221;   40,665;27105,240;59,19382
 672,42;16254,213;   66,265;27253,875;59,54164
 673,00;16294,804;   57,165;27531,408;59,10131
 673,57;16297,396;   59,965;27276,441;59,66030
 674,15;16504,188;   64,065;27613,475;59,67504
 674,72;16430,479;   58,565;27536,209;59,58267
 675,30;16397,070;   69,466;27513,541;59,49410
 675,88;16480,262;   36,266;27573,176;59,71620
 676,45;16563,354;   59,466;27677,309;59,75806
 677,03;16498,545;   67,866;27525,043;59,84111
 677,60;16419,137;   41,466;27770,576;59,06310
 678,18;16624,129;   59,466;27877,510;59,54647
 678,76;16586,920;   40,766;27809,143;59,58632
 679,33;16562,313;   57,666;27813,176;59,46440
 679,91;16624,805;   44,266;27813,311;59,70871
 680,48;16625,896;   28,766;27740,242;59,89263
 681,06;16576,787;   50,866;27735,176;59,69418
 681,63;16545,578;   37,566;27736,209;59,59863
 682,21;16707,371;   67,966;27797,543;60,00598
 682,78;16549,162;   20,566;27459,576;60,23758
 683,36;16657,953;   46,966;27565,510;60,36289
 683,93;16646,945;   30,466;27450,645;60,59946
 684,51;16656,037;   26,166;27477,277;60,57996
 685,08;16823,629;   38,966;27733,711;60,60595
 685,66;16859,121;   53,066;27694,045;60,80123
 686,24;16931,613;   33,766;27796,578;60,86504
 686,81;16985,504;   57,666;27899,910;60,79911
 687,39;17057,295;   38,866;27807,844;61,28576
 687,96;17179,787;   54,166;27850,479;61,61113
 688,54;17337,279;   30,866;27984,811;61,91045
 689,11;17413,371;   26,966;28043,545;62,05756
 689,69;17460,262;   29,666;28019,279;62,27523
 690,26;17635,953;   59,466;28289,313;62,26207
 690,84;17558,945;   50,066;28239,846;62,11073
 691,41;17693,438;   35,966;28403,879;62,24452
 691,98;17817,729;   31,466;28427,912;62,63552
 692,56;17876,521;   32,866;28437,445;62,81964
 693,13;17945,313;   64,866;28655,080;62,54044
 693,71;18061,703;   24,466;28657,912;62,99359
 694,28;18177,096;   41,966;28715,945;63,24595
 694,86;18260,688;   47,266;28928,879;63,06234
 695,43;18344,680;   61,366;29100,912;62,96005
 696,01;18469,771;   36,266;29145,547;63,32518
 696,58;18512,861;   42,167;29083,879;63,60057
 697,16;18639,654;   38,067;29126,414;63,94859
 697,73;18840,945;   63,467;29338,246;64,14217
 698,30;18833,537;   51,867;29223,980;64,38227
 698,88;18977,430;   40,467;29558,613;64,15363
 699,45;19154,820;   35,367;29765,848;64,30926
 700,03;19231,813;   56,067;29750,980;64,57586
 700,60;19340,504;   56,267;29850,613;64,72448
 701,18;19479,396;   61,867;29963,947;64,93705
 701,75;19788,188;   74,367;30094,682;65,66827
 702,32;19664,680;   50,367;29901,914;65,70619
 702,90;19806,971;   52,467;30254,148;65,40862
 703,47;19975,762;   51,367;30428,881;65,58929
 704,05;20039,254;   67,767;30546,715;65,52551
 704,62;20155,146;   39,867;30587,848;65,84815
 705,19;20355,838;   43,667;30586,982;66,50284
 705,77;20387,029;   29,967;30618,314;66,55169
 706,34;20478,621;   61,667;30627,049;66,79764
 706,91;20563,111;   46,367;30673,883;66,98795
 707,49;20792,404;   57,267;30976,316;67,06266
 708,06;20855,096;   66,367;31089,049;67,01138
 708,64;20810,287;   25,767;31093,582;66,90049
 709,21;20970,479;   58,167;31179,316;67,19646
 709,78;21037,971;   41,367;31281,150;67,21111
 710,36;21271,262;   61,667;31419,684;67,63691
 710,93;21382,453;   50,567;31562,416;67,69481
 711,50;21461,846;   44,467;31506,049;68,07470
 712,08;21769,637;   76,567;31925,383;68,11264
 712,65;21701,930;   73,667;31775,916;68,22312
 713,22;21832,020;   69,067;31900,250;68,36991
 713,80;21947,611;   84,167;31966,883;68,57460
 714,37;21921,504;   55,767;31827,018;68,82240
 714,94;21938,596;   53,967;31727,551;69,09426
 715,52;22001,887;   47,867;31732,984;69,28811
 716,09;22146,578;   65,467;31891,918;69,37975
 716,66;22169,070;   73,467;31935,051;69,34873
 717,23;22209,762;   66,867;31908,484;69,54073
 717,81;22157,555;   50,168;31812,018;69,60359
 718,38;22057,346;   47,468;31671,252;69,59913
 718,95;22261,338;   59,068;31618,984;70,34958
 719,53;22192,029;   56,568;31661,418;70,03818
 720,10;22290,020;   59,968;31481,252;70,74839
 720,67;22199,611;   35,768;31355,984;70,76529
 721,24;22162,805;   59,468;31256,020;70,85186
 721,82;21961,596;   49,968;31236,053;70,26091
 722,39;22166,887;   64,068;31235,885;70,90642
 722,96;22173,879;   64,968;31261,420;70,86995
 723,53;22194,170;   88,268;31151,953;71,16317
 724,11;22320,963;   61,568;31207,486;71,46810
 724,68;22393,953;   71,568;31242,020;71,61393
 725,25;22434,145;   72,768;31399,953;71,38010
 725,82;22648,137;   96,068;31564,387;71,66595
 726,40;22716,629;   62,668;31714,820;71,57163
 726,97;22791,121;   62,168;31875,354;71,44507
 727,54;22957,813;   46,968;31801,486;72,14987
 728,11;23025,604;   49,568;32045,820;71,80852
 728,69;23007,295;   39,568;31938,953;72,00053
 729,26;23241,387;   53,568;32105,088;72,34546
 729,83;23332,879;   53,268;32264,621;72,27145
 730,40;23412,871;   66,768;32291,754;72,44721
 730,97;23593,861;   44,268;32590,588;72,35716
 731,55;23771,254;   41,468;32755,820;72,53632
 732,12;23835,645;   86,268;32841,656;72,50525
 732,69;23830,938;   66,968;32889,988;72,40031
 733,26;23950,029;   55,168;32930,520;72,68321
 733,83;24022,420;   41,168;32979,055;72,80750
 734,41;24063,512;   65,468;32991,590;72,88451
 734,98;24128,904;   51,368;33155,621;72,73246
 735,55;24439,996;   43,168;33183,656;73,61638
 736,12;24449,188;   65,968;33377,289;73,19800
 736,69;24483,779;   76,968;33377,922;73,29163
 737,26;24543,670;   57,468;33552,254;73,10452
 737,84;24606,861;   70,768;33487,188;73,42526
 738,41;24801,553;   63,168;33492,422;74,00220
 738,98;24623,346;   63,569;33375,055;73,72765
 739,55;24689,938;   49,669;33377,789;73,93237
 740,12;24797,928;   62,969;33678,023;73,58298
 740,69;24756,320;   70,569;33575,656;73,67762
 741,26;24855,611;   56,269;33557,391;74,02541
 741,83;24788,703;   53,869;33719,523;73,47201
 742,41;24937,295;   56,169;33833,055;73,66317
 742,98;25087,086;   91,469;33874,590;73,98848
 743,55;25165,879;   53,569;33836,824;74,33360
 744,12;25244,871;   50,469;33859,855;74,51896
 744,69;25217,162;   59,569;33848,492;74,45515
 745,26;25159,553;   42,169;33677,723;74,67510
 745,83;25248,346;   58,769;33854,355;74,53511
 746,40;25048,438;   57,969;33844,789;73,96514
 746,97;25170,928;   44,769;33828,125;74,37437
 747,55;25303,320;   62,269;33966,957;74,44708
 748,12;25353,711;   57,869;33910,191;74,72410
 748,69;25341,904;   68,769;33877,625;74,75300
 749,26;25371,395;   65,069;33958,559;74,66427
 749,83;25437,086;   42,569;33911,992;74,97771
 750,40;25515,178;   89,669;34158,824;74,62911
 750,97;25472,770;   96,269;34144,160;74,53178
 751,54;25474,762;   40,569;33980,793;74,93820
 752,11;25373,453;   52,969;33874,727;74,86448
 752,68;25406,445;   87,869;33912,859;74,85169
 753,25;25253,537;   60,269;33774,594;74,72571
 753,82;25289,328;   65,069;33810,527;74,74860
 754,39;25372,520;   75,169;33727,160;75,17341
 754,96;25335,412;   60,069;33616,395;75,32214
 755,53;25285,004;   29,469;33796,527;74,79341
 756,10;25127,596;   64,169;33720,961;74,46766
 756,67;25353,086;   73,369;33813,395;74,92501
 757,24;25304,279;   72,769;33740,426;74,94288
 757,81;25329,170;   16,469;33677,762;75,19824
 758,38;25413,461;   54,569;33822,695;75,09712
 758,95;25351,553;   79,469;33743,426;75,07164
 759,52;25226,145;   57,469;33615,859;74,99965
 760,09;25126,037;   68,570;33306,992;75,38705
 760,66;25022,629;   59,570;33309,727;75,07652
 761,23;25072,820;   91,070;33353,961;75,10397
 761,80;24953,611;   56,270;33295,793;74,90282
 762,37;25112,803;   68,970;33167,727;75,66397
 762,94;25062,795;   70,970;33187,461;75,46640
 763,51;25059,986;   36,070;32949,793;76,02882
 764,08;24886,578;   66,270;32998,527;75,36777
 764,65;24979,471;   69,570;32798,961;76,10866
 765,22;24906,961;   54,670;32804,496;75,88526
 765,79;24820,354;   77,370;32691,928;75,86484
 766,36;24869,346;   73,170;32743,063;75,89917
 766,93;24785,236;   68,970;32551,295;76,09143
 767,50;24782,328;   89,470;32828,328;75,42370
 768,07;24791,420;   63,870;32699,262;75,76912
 768,64;24665,512;   86,470;32572,596;75,66012
 769,21;24510,803;   57,970;32359,729;75,70124
 769,78;24400,096;   78,770;32244,963;75,61145
 770,34;24227,887;   45,570;32031,195;75,60370
 770,91;24217,979;   58,470;31921,430;75,82318
 771,48;24167,570;   62,370;31836,863;75,86337
 772,05;23985,961;   66,470;31610,697;75,82843
 772,62;23855,654;   42,670;31443,029;75,83666
 773,19;23822,846;   59,370;31579,764;75,39080
 773,76;23800,736;   71,070;31506,297;75,48750
 774,33;23816,328;   74,170;31447,330;75,67665
 774,90;23650,619;   52,870;31206,064;75,74745
 775,47;23604,313;   59,970;30957,498;76,20138
 776,03;23553,803;   73,470;30984,330;75,96143
 776,60;23398,494;   55,970;30757,863;76,02959
 777,17;23360,486;   65,470;30698,098;76,04642
 777,74;23243,078;   30,870;30522,031;76,12766
 778,31;23272,570;   68,970;30582,064;76,04473
 778,88;23019,361;   30,470;30366,898;75,77982
 779,45;23043,854;   75,770;30358,131;75,84641
 780,01;22937,045;   58,370;30299,664;75,65376
 780,58;22840,836;   60,570;30177,998;75,63815
 781,15;22772,729;   38,771;29979,432;75,93005
 781,72;22759,420;   66,771;29962,266;75,90658
 782,29;22516,512;   51,771;29667,100;75,85511
 782,86;22545,104;   55,571;29617,732;76,07540
 783,42;22388,395;   56,171;29598,166;75,59484
 783,99;22385,787;   66,671;29482,100;75,87554
 784,56;22276,078;   55,171;29320,232;75,92982
 785,13;22218,770;   40,271;29247,266;75,93557
 785,70;22077,461;   49,071;29060,299;75,93057
 786,26;21979,053;   51,671;28910,732;75,98092
 786,83;21943,244;   84,371;28889,166;75,88623
 787,40;21778,236;   57,171;28783,500;75,61379
 787,97;21660,129;   43,971;28581,133;75,74740
 788,54;21608,920;   70,371;28515,268;75,72026
 789,10;21474,211;   57,971;28344,400;75,71207
 789,67;21310,203;   70,371;28245,334;75,38548
 790,24;21317,195;   51,071;28193,768;75,56534
 790,81;21045,086;   88,271;27914,400;75,31344
 791,37;21085,379;   73,671;27872,135;75,58586
 791,94;21047,570;   70,771;27886,367;75,41380
 792,51;20932,961;   46,271;27539,201;75,97113
 793,08;20960,254;   69,771;27555,234;76,00557
 793,64;20789,744;   71,271;27455,168;75,65933
 794,21;20655,936;   69,671;27250,602;75,73789
 794,78;20559,129;   53,071;27147,035;75,68497
 795,35;20670,920;   73,471;27007,969;76,47237
 795,91;20407,611;   48,071;26789,301;76,13539
 796,48;20173,004;   55,771;26710,734;75,47275
 797,05;20136,195;   57,671;26624,369;75,57779
 797,62;20228,887;   41,971;26600,701;76,00859
 798,18;20023,479;   57,471;26410,736;75,76294
 798,75;19885,869;   56,571;26279,770;75,61739
 799,32;19903,861;   60,771;26209,102;75,88664
 799,88;19742,254;   55,971;26051,535;75,72939
 800,45;19520,244;   33,971;25945,270;75,20377
 801,02;19498,137;   65,271;25880,104;75,27791
 801,58;19409,527;   90,872;25660,436;75,55333
 802,15;19180,520;   72,872;25615,270;74,80757
 802,72;19112,412;   66,172;25404,703;75,16710
 803,28;19149,303;   49,172;25288,938;75,67476
 803,85;18978,494;   41,972;25144,871;75,43560
 804,42;18807,586;   77,772;24948,004;75,31017
 804,98;18828,178;  100,672;24935,537;75,40812
 805,55;18594,070;   56,972;24702,371;75,21525
 806,12;18485,461;   83,572;24611,004;75,02575
 806,68;18329,354;   66,472;24493,738;74,76433
 807,25;18305,945;   74,972;24436,271;74,83580
 807,82;18336,336;   86,872;24407,805;75,03604
 808,38;18238,527;   73,672;24367,037;74,77291
 808,95;18175,420;   62,972;24166,971;75,14292
 809,52;18223,912;   50,272;24162,004;75,37260
 810,08;18147,004;   55,172;23994,938;75,57230
 810,65;18154,895;   77,172;24169,672;75,03465
 811,21;18113,586;   69,972;24123,404;75,01472
 811,78;18116,777;   92,472;24337,539;74,34216
 812,35;18171,670;   64,972;24173,871;75,10379
 812,91;18273,961;   90,072;24239,705;75,29675
 813,48;18186,354;   68,172;24202,738;75,07150
 814,04;18094,045;   64,172;24088,373;75,04879
 814,61;17970,736;   77,572;24176,006;74,25032
 815,18;17862,027;   67,772;23892,539;74,68806
 815,74;17725,219;   69,772;23709,172;74,68653
 816,31;17698,311;   83,372;23614,406;74,85833
 816,87;17571,203;   43,272;23489,641;74,75755
 817,44;17362,195;   76,972;23452,273;73,94653
 818,00;17208,186;   43,272;23159,506;74,25480
 818,57;17072,979;   71,872;23076,340;73,90350
 819,14;17002,969;   82,872;22924,273;74,07644
 819,70;16924,361;   72,672;22792,707;74,17105
 820,27;16735,652;   62,972;22691,941;73,67848
 820,83;16699,244;   70,072;22541,373;74,00182
 821,40;16545,836;   98,072;22431,908;73,64505
 821,96;16455,828;   75,272;22315,541;73,65269
 822,53;16333,020;   70,973;22257,574;73,29670
 823,09;16295,711;   81,073;22073,309;73,72892
 823,66;16188,003;   68,173;21862,541;73,96328
 824,22;16105,994;   77,173;21851,674;73,61281
 824,79;15908,486;   75,473;21561,408;73,69013
 825,35;15915,778;   65,173;21648,041;73,44068
 825,92;15888,869;   75,173;21398,875;74,16018
 826,48;15862,361;   87,673;21501,309;73,66656
 827,05;15718,853;   89,573;21448,242;73,17534
 827,61;15630,244;   75,273;21249,076;73,46328
 828,18;15501,636;   60,873;21191,209;73,07391
 828,74;15493,328;   91,673;21053,543;73,47462
 829,31;15469,619;   83,373;21002,176;73,55223
 829,87;15251,511;   73,073;20733,709;73,46549
 830,44;15214,903;   85,173;20631,443;73,63736
 831,00;15215,095;   91,273;20673,977;73,47831
 831,57;15112,386;  101,573;20631,609;73,11635
 832,13;14956,478;   72,073;20323,344;73,49862
 832,69;14940,069;   58,173;20309,477;73,48612
 833,26;14874,161;   85,473;20322,711;73,07661
 833,82;14723,853;   93,073;20197,744;72,77304
 834,39;14610,045;   78,773;20137,477;72,44372
 834,95;14581,136;   57,173;19959,410;72,97653
 835,52;14512,928;   87,873;19851,744;72,98699
 836,08;14416,920;   95,573;19951,877;72,12494
 836,64;14371,211;   76,273;19800,711;72,47323
 837,21;14281,103;   88,673;19552,443;72,91716
 837,77;14211,795;   91,873;19491,777;72,78346
 838,34;14154,187;   67,473;19470,012;72,60242
 838,90;14010,678;   64,473;19306,045;72,47955
 839,46;13995,170;   83,873;19312,479;72,34688
 840,03;14053,562;   76,173;19300,811;72,70560
 840,59;13916,152;   85,873;19175,645;72,44864
 841,16;13895,645;  105,173;19156,578;72,38559
 841,72;13723,437;   59,373;18965,512;72,27316
 842,28;13729,428;   77,873;18857,246;72,69441
 842,85;13771,819;   95,573;18812,578;73,06856
 843,41;13736,611;  105,374;18740,813;73,14686
 843,97;13670,703;   89,174;18686,846;73,02812
 844,54;13601,895;  104,774;18624,979;72,87782
 845,10;13584,786;   89,174;18523,713;73,20830
 845,67;13474,277;   68,774;18413,445;73,07574
 846,23;13441,369;   78,674;18361,080;73,09046
 846,79;13372,062;   90,474;18265,613;73,07558
 847,36;13178,152;   55,774;18179,047;72,40623
 847,92;13154,944;   84,874;18034,680;72,81455
 848,48;13162,836;   41,874;18039,213;72,90501
 849,04;13010,928;   62,374;17949,447;72,39057
 849,61;12988,520;   56,274;17918,580;72,39964
 850,17;12990,311;   68,174;17819,514;72,79528
 850,73;12841,303;   71,474;17764,848;72,17294
 851,30;12717,794;   46,074;17669,881;71,90115
 851,86;12630,486;   75,874;17597,914;71,65040
 852,42;12654,578;   51,174;17568,348;71,94885
 852,99;12595,970;   79,274;17583,082;71,50842
 853,55;12614,461;   83,174;17542,514;71,77412
 854,11;12530,953;   70,074;17432,049;71,77109
 854,67;12505,845;   85,474;17420,881;71,64741
 855,24;12382,836;   51,874;17213,414;71,85230
 855,80;12375,328;   76,874;17244,848;71,63603
 856,36;12274,720;   80,574;17175,881;71,33037
 856,92;12249,011;   54,474;17027,215;71,84778
 857,49;12326,803;   81,274;17048,248;72,17273
 858,05;12140,895;   67,274;16968,482;71,43643
 858,61;12180,086;   65,774;17003,316;71,52343
 859,17;12193,978;   77,374;16904,250;72,00744
 859,74;12075,270;   82,074;16836,883;71,58062
 860,30;12058,661;   93,074;16663,016;72,21261
 860,86;12009,753;   72,074;16692,350;71,82600
 861,42;11901,244;   74,674;16545,883;71,80147
 861,99;11942,136;   54,674;16506,717;72,25523
 862,55;11835,327;   66,374;16393,051;72,08419
 863,11;11750,720;   75,174;16437,283;71,35722
 863,67;11705,711;   61,274;16290,117;71,75149
 864,23;11644,503;   80,175;16199,351;71,74268
 864,80;11603,895;   69,175;16081,384;72,03703
 865,36;11664,686;   71,875;16120,817;72,23411
 865,92;11573,378;   96,175;16088,751;71,76582
 866,48;11486,069;   67,375;15987,384;71,72543
 867,04;11489,061;   60,675;15891,418;72,19109
 867,60;11421,053;   99,375;15884,451;71,72394
 868,17;11266,944;   93,675;15884,685;70,75716
 868,73;11211,336;   82,775;15672,618;71,38341
 869,29;11168,327;   59,475;15470,151;72,08543
 869,85;11178,119;  100,475;15369,685;72,54890
 870,41;10977,911;   80,575;15293,418;71,63248
 870,97;10977,702;   92,975;15232,252;71,89727
 871,54;10766,895;   84,175;15178,686;70,77222
 872,10;10769,786;   84,275;15055,419;71,37405
 872,66;10650,277;   66,775;14910,652;71,29877
 873,22;10604,969;   81,975;14890,586;71,05997
 873,78;10504,261;   65,275;14742,419;71,12409
 874,34;10418,853;   95,075;14662,652;70,86818
 874,90;10397,553;  109,775;14536,053;71,31277
 875,46;10332,853;   96,375;14412,952;71,50087
 876,03;10254,753;   86,475;14363,353;71,22200
 876,59;10190,952;   64,475;14153,253;71,87619
 877,15;10159,353;  101,475;14166,853;71,50805
 877,71;10178,553;   78,275;14064,652;72,21511
 878,27; 9934,853;   95,675;13910,553;71,22160
 878,83; 9971,952;  114,275;13971,753;71,13616
 879,39; 9894,353;   91,075;14082,753;70,06506
 879,95; 9906,853;   86,275;13964,253;70,76375
 880,51; 9907,853;   75,175;13927,253;70,98341
 881,07; 9967,853;   82,375;13978,753;71,13708
 881,63; 9950,853;   92,575;13971,253;71,03182
 882,19; 9991,952;   82,675;13921,553;71,60463
 882,75;10051,753;   86,275;14019,553;71,52285
 883,31;10086,553;   95,575;14187,853;70,89683
 883,88; 9996,952;   96,375;14174,353;70,32670
 884,44;10029,053;   76,175;14175,753;70,58990
 885,00;10138,952;  106,075;14266,952;70,84926
 885,56;10087,853;  101,675;14299,452;70,33620
 886,12;10118,053;  109,875;14421,152;69,93211
 886,68;10189,152;   90,775;14436,753;70,39170
 887,24;10330,053;  102,475;14574,952;70,66916
 887,80;10244,553;   86,975;14671,753;69,64506
 888,36;10367,753;  106,275;14715,652;70,23898
 888,92;10382,053;   98,975;14773,353;70,07505
 889,48;10550,553;   99,575;14973,853;70,26209
 890,04;10542,253;   95,275;14803,053;71,03030
 890,60;10665,553;  117,475;15014,652;70,80588
 891,16;10604,853;   99,875;15075,853;70,14552
 891,72;10592,452;  113,275;15058,452;70,11745
 892,28;10669,652;  112,475;15126,053;70,31753
 892,84;10576,152;   93,775;15039,853;70,13464
 893,39;10627,952;  117,575;15112,952;70,09078
 893,95;10521,452;  112,975;15044,753;69,70688
 894,51;10446,952;   66,375;14891,253;70,02133
 895,07;10496,553;  127,375;14906,353;70,16167
 895,63;10335,353;   74,275;14689,952;70,20597
 896,19;10195,053;   90,375;14601,952;69,63184
 896,75;10151,553;  105,175;14460,152;69,98533
 897,31;10055,053;   82,775;14295,853;70,16269
 897,87; 9866,952;   98,175;14146,853;69,53521
 898,43; 9793,053;   87,775;14075,753;69,38299
 898,99; 9695,853;  109,175;14002,753;69,00078
 899,55; 9622,652;  109,475;13940,652;68,78068
 900,11; 9478,353;  104,975;13747,553;68,70679
 900,67; 9376,452;   91,375;13658,652;68,43729
 901,22; 9327,853;  108,375;13601,952;68,32493
 901,78; 9203,253;   91,275;13560,053;67,65260
 902,34; 9186,353;  103,075;13451,152;68,04933
 902,90; 9058,753;   73,575;13350,652;67,67437
 903,46; 9021,152;   95,775;13236,353;67,92226
 904,02; 8965,853;   88,075;13091,553;68,27233
 904,58; 8839,753;   67,075;12918,152;68,26414
 905,14; 8768,952;   63,975;12874,553;67,95148
 905,70; 8710,753;   66,775;12696,053;68,44396
 906,25; 8670,253;   84,375;12708,452;68,01193
 906,81; 8568,053;   87,675;12732,152;67,06784
 907,37; 8560,053;   79,275;12616,152;67,64665
 907,93; 8513,353;   74,775;12588,152;67,43645
 908,49; 8482,553;  101,875;12497,652;67,60913
 909,05; 8365,452;   89,675;12425,553;67,08706
 909,60; 8316,753;   86,575;12340,452;67,16387
 910,16; 8275,152;   67,675;12291,853;67,14135
 910,72; 8248,753;  100,475;12207,753;67,30066
 911,28; 8199,853;   90,875;12156,053;67,20976
 911,84; 8112,752;   79,575;12106,753;66,79187
 912,39; 8064,752;   73,475;12049,353;66,72812
 912,95; 8011,053;  104,475;12001,452;66,45871
 913,51; 7924,652;   85,375;11945,253;66,09914
 914,07; 7787,353;   83,775;11813,452;65,67596
 914,63; 7799,752;   64,775;11748,053;66,20554
 915,18; 7676,353;   77,475;11617,853;65,84600
 915,74; 7583,152;   63,975;11632,652;64,99600
 916,30; 7493,152;   61,475;11588,553;64,47148
 916,86; 7454,652;   83,575;11514,652;64,48279
 917,42; 7485,853;   82,275;11425,152;65,27072
 917,97; 7366,752;   75,375;11265,452;65,15931
 918,53; 7302,953;   67,775;11196,253;65,01498
 919,09; 7247,152;   88,975;11223,753;64,28666
 919,65; 7217,553;   83,375;11083,452;64,85571
 920,20; 7111,953;   61,875;10983,053;64,55419
 920,76; 7021,553;   65,475;10849,452;64,50382
 921,32; 6899,453;   82,675;10770,952;63,77808
 921,87; 6870,053;   97,475;10670,253;64,05675
 922,43; 6729,453;   64,675;10561,353;63,49416
 922,99; 6658,752;   61,875;10406,753;63,76950
 923,55; 6685,353;   63,775;10357,353;64,32727
 924,10; 6550,053;   73,575;10282,853;63,43718
 924,66; 6467,252;   78,675;10170,152;63,30666
 925,22; 6373,652;   43,275;10093,952;62,98459
 925,77; 6301,553;   66,075; 9927,053;63,23387
 926,33; 6261,453;   90,375; 9903,253;62,88754
 926,89; 6130,353;   71,975; 9692,753;62,97181
 927,44; 6027,152;   52,175; 9580,553;62,70718
 928,00; 5927,853;   66,875; 9533,753;61,91035
 928,56; 5890,252;   80,375; 9372,253;62,52641
 929,12; 5751,752;   72,775; 9275,152;61,71207
 929,67; 5654,553;   67,575; 9091,053;61,91601
 930,23; 5594,053;   50,975; 8915,253;62,53276
 930,78; 5524,953;  100,675; 8842,553;62,04934
 931,34; 5336,752;   61,975; 8632,152;61,54805
 931,90; 5198,252;   61,675; 8494,353;60,91277
 932,45; 5071,453;   78,775; 8290,753;60,79750
 933,01; 4902,252;   52,975; 8024,453;60,83286
 933,57; 4698,553;   72,175; 7753,252;60,23084
 934,12; 4569,353;   70,475; 7399,553;61,38395
 934,68; 4252,353;   59,075; 7020,252;60,23805
 935,24; 4008,552;   67,875; 6614,752;60,19171
 935,79; 3821,952;   72,975; 6254,853;60,64464
 936,35; 3555,853;   91,375; 5812,252;60,55850
 936,90; 3254,153;   80,275; 5348,752;60,24279
 937,46; 3041,353;   72,775; 4956,953;60,77948
 938,02; 2814,552;   63,375; 4549,152;61,33112
 938,57; 2628,252;   73,175; 4265,053;60,95305
 939,13; 2421,353;   70,575; 3986,752;60,02735
 939,68; 2252,653;   57,375; 3713,452;60,04461
 940,24; 2140,452;   68,775; 3504,052;60,30597
 940,79; 2106,952;   91,875; 3391,052;61,07817
 941,35; 1978,252;   79,675; 3217,552;60,50515
 941,91; 1903,152;   71,375; 3122,252;60,04100
 942,46; 1854,453;   75,075; 3063,552;59,54127
 943,02; 1831,652;   65,375; 3050,752;59,16429
 943,57; 1762,652;   61,275; 2982,452;58,24287
 944,13; 1823,052;   67,375; 2974,452;60,39321
 944,68; 1812,752;   65,975; 3041,752;58,69987
 945,24; 1821,552;   82,275; 3060,052;58,40858
 945,79; 1819,552;   68,775; 3104,052;57,68097
 946,35; 1829,953;   51,775; 3194,752;56,57621
 946,90; 1924,752;   98,575; 3283,552;57,33722
 947,46; 1910,453;   52,175; 3311,052;57,02201
 948,01; 1910,252;   51,575; 3390,052;55,67440
 948,57; 2016,552;   86,775; 3552,952;55,67452
 949,12; 2016,252;   65,875; 3613,353;54,97928
 949,68; 2077,052;   76,275; 3732,653;54,72021
 950,23; 2139,552;   70,075; 3833,252;54,99282
 950,79; 2154,153;   75,775; 3933,452;53,87640
 951,34; 2211,052;   83,275; 4070,952;53,35882
 951,90; 2227,952;   57,475; 4140,853;53,15397
 952,45; 2283,853;   81,075; 4292,152;52,30912
 953,01; 2337,853;   65,975; 4364,252;52,85554
 953,56; 2389,452;   87,975; 4500,853;52,15367
 954,12; 2404,752;   42,075; 4567,553;52,20835
 954,67; 2493,552;   70,875; 4720,453;52,10532
 955,23; 2487,653;   61,975; 4804,553;51,14682
 955,78; 2505,752;   67,175; 4882,953;50,63725
 956,33; 2525,653;   58,575; 4947,252;50,46513
 956,89; 2574,353;   53,475; 5038,553;50,56847
 957,44; 2597,952;   53,675; 5170,752;49,72130
 958,00; 2613,153;   49,475; 5238,353;49,40717
 958,55; 2666,052;   70,475; 5313,953;49,50107
 959,10; 2677,452;   52,375; 5370,252;49,36325
 959,66; 2692,153;   74,275; 5488,752;48,34959
 960,21; 2713,353;   78,475; 5567,453;48,00307
 960,77; 2665,653;   54,275; 5606,152;47,03594
 961,32; 2698,853;   48,375; 5663,453;47,20287
 961,87; 2738,252;   79,775; 5738,752;46,97805
 962,43; 2716,052;   68,975; 5780,652;46,34501
 962,98; 2724,952;   76,175; 5828,652;46,04586
 963,54; 2671,052;   27,075; 5820,652;45,63635
 964,09; 2698,653;   56,275; 5873,953;45,41980
 964,64; 2705,353;   64,975; 5901,053;45,24233
 965,20; 2695,052;   44,375; 5966,652;44,75774
 965,75; 2667,353;   66,575; 5976,353;44,00804
 966,30; 2679,752;   75,275; 6068,553;43,45665
 966,86; 2660,752;   62,975; 6121,953;42,87485
 967,41; 2673,452;   81,075; 6084,453;43,18198
 967,96; 2637,452;   75,175; 6108,953;42,46556
 968,52; 2628,552;   81,775; 6126,353;42,13326
 969,07; 2618,952;   72,975; 6120,152;42,10191
 969,62; 2595,252;   77,175; 6134,953;41,56768
 970,18; 2606,153;   57,575; 6147,652;41,84803
 970,73; 2581,153;   66,475; 6203,553;40,97516
 971,28; 2569,752;   95,775; 6197,053;40,54851
 971,84; 2519,853;   55,075; 6118,752;40,64823
 972,39; 2542,552;   95,875; 6148,652;40,42239
 972,94; 2486,452;   54,975; 6140,652;39,95410
 973,49; 2478,952;   64,575; 6141,252;39,73187
 974,05; 2445,952;   64,375; 6178,053;38,95491
 974,60; 2443,853;   88,575; 6213,252;38,45554
 975,15; 2411,153;   77,675; 6231,553;37,91882
 975,71; 2364,452;   62,375; 6121,453;37,99386
 976,26; 2375,052;   77,575; 6110,252;38,08388
 976,81; 2372,252;   90,675; 6134,152;37,75273
 977,36; 2344,653;   84,775; 6156,953;37,21692
 977,92; 2336,353;   90,175; 6209,353;36,70718
 978,47; 2258,653;   77,175; 6060,252;36,46079
 979,02; 2264,952;   95,475; 6085,652;36,21725
 979,57; 2225,752;   86,775; 6058,453;35,81870
 980,13; 2170,353;   76,175; 6038,752;35,12202
 980,68; 2167,452;   77,075; 6010,553;35,23022
 981,23; 2144,752;   89,175; 6054,652;34,45789
 981,78; 2094,252;   82,075; 5974,152;34,15056
 982,33; 2088,252;   79,275; 5893,252;34,55427
 982,89; 2057,052;   94,375; 5938,152;33,58577
 983,44; 2034,552;   65,675; 5935,853;33,54034
 983,99; 2035,752;  104,775; 5949,453;33,03822
 984,54; 1987,853;   81,475; 5900,053;32,76363
 985,09; 1950,552;   87,275; 5873,752;32,20055
 985,65; 1923,552;   69,375; 5811,853;32,28881
 986,20; 1973,652;  106,575; 5791,152;32,84461
 986,75; 1913,853;   95,875; 5823,953;31,73800
 987,30; 1867,052;   97,175; 5726,053;31,44281
 987,85; 1818,752;   92,475; 5721,353;30,66824
 988,40; 1794,853;   96,675; 5693,953;30,33935
 988,96; 1808,752;  114,875; 5666,553;30,51109
 989,51; 1766,853;  108,875; 5644,053;29,95347
 990,06; 1766,552;  128,275; 5680,853;29,50481
 990,61; 1710,252;   93,575; 5569,053;29,52578
 991,16; 1716,953;  104,375; 5558,053;29,56862
 991,71; 1674,453;   79,875; 5505,853;29,38784
 992,26; 1644,552;   93,475; 5457,252;28,91763
 992,81; 1599,752;   75,075; 5427,053;28,48811
 993,37; 1645,652;  113,475; 5390,553;29,03458
 993,92; 1588,552;  108,375; 5368,953;28,13717
 994,47; 1574,052;  117,475; 5329,652;27,94566
 995,02; 1558,353;  118,475; 5313,252;27,71779
 995,57; 1521,353;   90,875; 5274,652;27,59527
 996,12; 1515,552;  133,575; 5247,553;27,02353
 996,67; 1493,453;  132,375; 5191,652;26,90261
 997,22; 1456,453;   99,875; 5128,652;26,97629
 997,77; 1472,652;  115,275; 5110,553;27,17321
 998,32; 1432,853;  103,775; 5015,652;27,05844
 998,87; 1397,353;  114,275; 5018,752;26,16135
 999,42; 1379,552;  101,675; 4972,553;26,23506
 999,97; 1355,552;  109,975; 4956,353;25,70121
1000,53; 1360,052;  123,475; 4993,752;25,39029
1001,08; 1304,752;   98,375; 4879,053;25,23444
1001,63; 1326,752;  144,475; 4878,053;24,97640
1002,18; 1226,752;   85,075; 4777,453;24,33047
1002,73; 1280,152;  131,375; 4813,853;24,53354
1003,28; 1217,353;  103,575; 4811,953;23,65523
1003,83; 1215,552;  119,075; 4691,752;23,97889
1004,38; 1221,152;  137,775; 4703,152;23,73029
1004,93; 1182,853;  114,375; 4680,953;23,39777
1005,48; 1151,252;  104,075; 4573,053;23,43215
1006,03; 1126,652;  112,775; 4525,652;22,97543
1006,58; 1124,953;  111,475; 4486,553;23,16479
1007,13; 1073,152;   94,475; 4466,252;22,38626
1007,68; 1074,052;  104,975; 4462,453;22,23941
1008,23; 1078,152;  114,575; 4425,853;22,35016
1008,78; 1048,953;  107,375; 4384,152;22,01605
1009,33; 1030,953;  121,875; 4307,752;21,71773
1009,88; 1011,153;   84,775; 4329,553;21,82393
1010,43; 1018,453;  118,875; 4320,752;21,40894
1010,98;  988,352;  100,675; 4310,053;21,08809
1011,52;  976,753;   97,075; 4264,953;21,10613
1012,07; 1002,953;  144,475; 4319,252;20,56343
1012,62;  963,552;  103,875; 4259,152;20,68881
1013,17;  954,653;   97,175; 4172,053;21,04302
1013,72;  920,453;   94,575; 4143,453;20,39769
1014,27;  933,352;  100,275; 4105,853;20,79794
1014,82;  906,653;   86,875; 4042,952;20,72198
1015,37;  848,052;   84,375; 3964,853;19,67999
1015,92;  875,852;  109,475; 3894,252;20,24894
1016,47;  824,453;   90,275; 3819,452;19,68739
1017,02;  798,352;   81,075; 3732,153;19,64564
1017,57;  806,552;   96,475; 3718,853;19,60253
1018,11;  765,753;   77,275; 3656,252;19,23671
1018,66;  773,352;  120,175; 3636,552;18,57529
1019,21;  756,153;  109,675; 3579,552;18,63113
1019,76;  717,253;   77,675; 3497,353;18,70286
1020,31;  721,052;   71,975; 3446,452;19,23490
1020,86;  703,253;   96,175; 3448,052;18,11157
1021,41;  681,953;   80,175; 3387,052;18,19776
1021,96;  682,052;   83,675; 3385,853;18,12069
1022,50;  698,352;  105,975; 3332,952;18,35704
1023,05;  667,253;   94,675; 3288,052;17,93015
1023,60;  653,653;   97,975; 3251,353;17,62166
1024,15;  633,352;   81,075; 3184,853;17,79372
1024,70;  650,253;   95,075; 3176,252;18,01836
1025,25;  613,953;   81,175; 3127,452;17,48946
1025,79;  619,352;  101,175; 3110,752;17,21762
1026,34;  605,253;   83,475; 3044,653;17,62061
1026,89;  597,852;  102,175; 3039,052;16,87770
1027,44;  582,653;   95,875; 2952,952;17,03760
1027,99;  579,153;   93,475; 2944,552;17,03488
1028,53;  557,052;   89,675; 2900,052;16,63042
1029,08;  566,753;  114,775; 2876,653;16,36486
1029,63;  559,153;  114,875; 2854,952;16,21405
1030,18;  531,153;   92,075; 2788,552;16,28337
1030,73;  528,453;   91,175; 2739,552;16,51115
1031,27;  505,052;   85,875; 2715,252;15,94208
1031,82;  506,753;   81,875; 2686,452;16,31272
1032,37;  520,352;   98,875; 2688,853;16,27340
1032,92;  524,552;  100,575; 2675,452;16,46593
1033,46;  493,552;   99,775; 2599,252;15,75439
1034,01;  473,652;   78,375; 2582,952;15,78220
1034,56;  487,152;   98,875; 2559,252;15,78122
1035,11;  485,353;   92,375; 2523,552;16,16408
1035,65;  465,253;   87,575; 2478,052;15,79925
1036,20;  467,652;   99,375; 2454,452;15,63760
1036,75;  476,052;  118,675; 2446,353;15,35339
1037,29;  426,552;   90,275; 2398,252;14,57022
1037,84;  420,853;   78,375; 2347,252;15,09458
1038,39;  434,253;   91,075; 2329,952;15,32811
1038,94;  399,953;   73,075; 2277,153;14,83058
1039,48;  418,353;   83,575; 2278,552;15,25198
1040,03;  414,753;  102,875; 2245,252;14,55754
1040,58;  400,253;  101,175; 2194,552;14,28684
1041,12;  396,152;   91,375; 2191,653;14,51130
1041,67;  391,853;  101,075; 2166,752;14,07662
1042,22;  414,552;  118,475; 2145,252;14,60829
1042,76;  384,953;   99,275; 2118,452;14,14821
1043,31;  382,552;   90,675; 2060,653;14,81628
1043,86;  372,652;   98,875; 2044,252;14,07323
1044,40;  380,953;   92,975; 2018,052;14,95927
1044,95;  364,353;   94,175; 1988,552;14,26207
1045,50;  340,652;   75,375; 1934,353;14,27008
1046,04;  372,152;  114,375; 1930,453;14,19419
1046,59;  334,253;   96,175; 1878,353;13,35880
1047,13;  363,253;  121,075; 1879,453;13,77278
1047,68;  350,052;  115,675; 1860,052;13,43617
1048,23;  354,152;  118,775; 1866,752;13,46571
1048,77;  336,753;   90,175; 1784,953;14,54925
1049,32;  328,953;  104,175; 1785,953;13,36547
1049,86;  328,652;   92,675; 1760,552;14,14837
1050,41;  311,453;   82,475; 1735,552;13,85159
1050,96;  319,652;  100,875; 1698,652;13,69261
1051,50;  317,953;  101,675; 1663,252;13,84994
1052,05;  313,152;   94,675; 1664,052;13,92128
1052,59;  301,753;   82,975; 1624,152;14,19548
1053,14;  286,453;   84,475; 1582,652;13,48155
1053,69;  291,753;   98,475; 1571,453;13,12155
1054,23;  300,552;  104,575; 1569,052;13,38208
1054,78;  299,253;  100,775; 1550,152;13,69398
1055,32;  314,753;  123,075; 1550,453;13,42865
1055,87;  258,152;   68,875; 1491,752;13,30245
1056,41;  263,853;   78,775; 1469,552;13,30749
1056,96;  268,652;   96,775; 1451,052;12,69145
1057,50;  310,453;  113,375; 1470,853;14,51792
1058,05;  245,253;   82,075; 1401,953;12,36308
1058,59;  272,353;   95,875; 1396,552;13,56812
1059,14;  279,453;  103,575; 1370,453;13,88276
1059,68;  246,553;   75,975; 1329,353;13,60943
1060,23;  289,953;  126,875; 1383,752;12,97481
1060,77;  250,352;   97,375; 1317,052;12,54245
1061,32;  272,753;  108,575; 1320,652;13,54513
1061,86;  269,552;  111,175; 1289,752;13,43802
1062,41;  261,152;   93,975; 1242,953;14,55011
1062,95;  247,352;  109,575; 1230,853;12,28755
1063,50;  258,353;  111,075; 1230,052;13,16179
1064,04;  233,352;   90,475; 1197,453;12,90699
1064,59;  257,353;  114,775; 1210,052;13,01748
1065,13;  245,553;  103,475; 1170,552;13,31464
1065,68;  244,452;  107,275; 1161,353;13,01399
1066,22;  248,852;  115,875; 1166,453;12,65756
1066,76;  255,253;  130,175; 1145,252;12,32197
1067,31;  218,852;   99,875; 1110,552;11,77205
1067,85;  232,253;  100,975; 1090,252;13,27004
1068,40;  236,452;  110,275; 1095,353;12,80889
1068,94;  225,553;   99,175; 1079,353;12,89333
1069,49;  237,152;   98,175; 1041,652;14,73035
1070,03;  229,452;  111,175; 1034,353;12,81200
1070,57;  211,553;   88,775; 1012,852;13,28649
1071,12;  198,452;   75,875;  987,153;13,45117
1071,66;  248,152;  131,775; 1039,953;12,81440
1072,21;  229,852;  112,475; 1011,352;13,05823
1072,75;  210,152;  104,475;  978,552;12,09017
1073,29;  195,652;   77,075;  942,453;13,70240
1073,84;  210,253;   95,975;  941,153;13,52112
1074,38;  201,253;   93,875;  928,253;12,86918
1074,92;  218,253;  107,275;  940,153;13,32459
1075,47;  222,852;  112,775;  938,852;13,32532
1076,01;  238,253;  121,775;  926,253;14,47865
1076,56;  196,253;   97,275;  891,953;12,45505
1077,10;  187,852;   86,075;  865,253;13,06217
1077,64;  208,352;   97,875;  884,453;14,04534
1078,19;  229,352;  123,175;  887,753;13,88708
1078,73;  205,152;   98,775;  853,852;14,08829
1079,27;  221,852;  121,075;  875,552;13,35726
1079,81;  229,253;  121,375;  860,953;14,58637
1080,36;  206,053;  105,975;  836,052;13,70779
1080,90;  197,753;   96,375;  819,753;14,01447
1081,44;  192,352;   82,475;  789,552;15,53967
1081,99;  168,053;   70,375;  771,753;13,92652
1082,53;  206,852;  113,075;  798,653;13,67861
1083,07;  189,352;  104,175;  791,453;12,39346
1083,62;  191,152;  101,275;  772,552;13,38902
1084,16;  185,152;   98,975;  782,453;12,60868
1084,70;  201,952;  107,475;  767,153;14,32177
1085,24;  190,352;  108,775;  750,653;12,70920
1085,79;  195,253;  109,175;  747,552;13,48379
1086,33;  181,952;   99,075;  711,453;13,53373
1086,87;  193,452;  102,075;  714,852;14,91202
1087,41;  179,652;   84,475;  686,852;15,80031
1087,96;  202,452;  124,575;  732,552;12,80927
1088,50;  186,852;  112,075;  696,953;12,78515
1089,04;  196,652;  121,775;  715,153;12,61886
1089,58;  153,152;   82,375;  655,953;12,33966
1090,13;  180,952;  102,975;  653,153;14,17315
1090,67;  180,352;  101,775;  678,753;13,61881
1091,21;  166,753;   92,075;  651,852;13,34057
1091,75;  171,753;  106,875;  647,153;12,00818
1092,29;  177,152;  105,875;  642,552;13,28125
1092,84;  178,152;  105,975;  628,352;13,81712
1093,38;  207,553;  128,175;  662,753;14,84864
1093,92;  184,253;  113,475;  640,052;13,44104
1094,46;  194,553;  128,175;  638,852;12,99793
1095,00;  166,452;   93,975;  602,052;14,26505
1095,54;  156,753;   89,975;  591,352;13,31881
1096,09;  178,352;  114,975;  597,352;13,13857
1096,63;  181,253;  117,175;  598,453;13,31404
1097,17;  171,852;  102,575;  573,052;14,72493
1097,71;  186,152;  122,875;  582,453;13,76862
1098,25;  166,852;  103,275;  553,653;14,11649
1098,79;  172,352;  104,775;  568,753;14,56482
1099,33;  172,852;  111,975;  572,052;13,23201
1099,88;  167,152;  110,775;  562,253;12,48733
1100,42;  147,652;   83,275;  521,253;14,69881

