0036 ELITRO
Integration time [ms]:   8,000
Averaging Nr. [scans]: 10
Smoothing Nr. [pixels]: 0
Data measured with spectrometer [name]: 7314920SP
Wave   ;Sample   ;Dark     ;Reference;Reflectance
[nm]   ;[counts] ;[counts] ;[counts] ;[%]

 199,42;  104,505;   63,873;  150,055;47,14634
 200,02;  112,698;   92,669;  145,732;37,74618
 200,62;   67,558;   67,563;   88,793;-0,02526
 201,22;  104,284;   86,969;  138,011;33,92318
 201,82;   98,062;   66,174;  141,790;42,17093
 202,42;  119,936;  101,668;  154,973;34,27054
 203,03;   69,026;   60,168;   91,775;28,02671
 203,63;   86,278;   69,967;  109,037;41,74871
 204,23;   97,813;   70,671;  129,903;45,82374
 204,83;   79,754;   74,567;  123,718;10,55427
 205,43;   79,405;   56,673;  123,555;33,98763
 206,03;   65,693;   50,167;   90,459;38,53314
 206,63;   67,701;   68,865;  100,007;-3,73599
 207,24;  115,558;   74,675;  162,566;46,51516
 207,84;   58,231;   39,967;   83,699;41,76274
 208,44;   68,984;   50,669;   95,011;41,30417
 209,04;   52,763;   47,365;   85,066;14,31868
 209,64;  111,333;   69,972;  127,998;71,27993
 210,24;   71,054;   45,367;   97,218;49,54086
 210,84;   73,746;   51,469;  101,970;44,11155
 211,44;  111,594;   86,470;  122,908;68,94940
 212,05;   69,363;   60,865;   99,266;22,13027
 212,65;   83,226;   66,368;  112,975;36,17131
 213,25;  110,336;   93,768;  142,073;34,29856
 213,85;   91,111;   84,465;  114,904;21,83272
 214,45;   71,554;   53,367;  100,418;38,65478
 215,05;   61,546;   39,369;  100,070;36,53444
 215,65;   69,608;   55,169;  105,630;28,61373
 216,25;   51,754;   40,267;   82,518;27,18867
 216,85;   56,622;   34,069;   89,651;40,57610
 217,45;   72,726;   49,068;   97,375;48,97492
 218,05;   94,180;   58,270;  112,886;65,74854
 218,66;   52,660;   28,769;   75,692;50,91605
 219,26;   54,978;   26,567;   79,337;53,83974
 219,86;   53,989;   36,771;   81,584;38,42313
 220,46;   75,718;   54,270;  104,127;43,01835
 221,06;   78,713;   51,871;  115,903;41,92016
 221,66;   71,999;   43,471;  103,481;47,53835
 222,26;   70,233;   39,772;  102,398;48,63919
 222,86;   93,112;   67,268;  118,954;50,00242
 223,46;   64,054;   51,767;   88,918;33,07441
 224,06;   74,851;   64,971;  120,343;17,84361
 224,66;   78,903;   57,570;  105,805;44,22743
 225,26;   76,132;   48,169;  113,748;42,63898
 225,86;   72,219;   42,173;  112,376;42,79841
 226,46;   65,974;   49,968;  102,913;30,23110
 227,06;   52,903;   27,670;   87,705;42,03066
 227,66;   56,349;   37,665;   74,845;50,25292
 228,27;   60,918;   29,270;   96,227;47,26564
 228,87;  112,041;   89,170;  143,046;42,45198
 229,47;   61,195;   29,172;   92,357;50,68044
 230,07;   17,832;   11,169;   59,648;13,74249
 230,67;   63,722;   38,169;   84,651;54,97391
 231,27;   62,218;   27,670;   76,327;71,00238
 231,87;   55,022;   43,169;  100,751;20,58466
 232,47;   91,134;   43,775;  132,047;53,65106
 233,07;   62,039;   42,965;   75,547;58,54223
 233,67;   54,526;   53,768;   94,275; 1,87251
 234,27;   30,793;    0,567;   53,259;57,36316
 234,87;   64,089;   34,771;  106,084;41,11249
 235,47;   45,032;   16,169;   74,148;49,78046
 236,07;   42,059;   30,266;   72,042;28,22876
 236,67;   77,507;   49,966;   85,180;78,20867
 237,27;   59,729;   28,873;  109,074;38,47257
 237,87;   60,003;   25,370;   99,805;46,52797
 238,47;   41,298;   14,269;   68,032;50,27470
 239,07;   63,571;   33,272;   95,738;48,50422
 239,67;   88,239;   43,477;  131,421;50,89917
 240,27;   78,119;   46,773;  119,176;43,29346
 240,87;   73,490;   50,773;  119,533;33,03819
 241,47;   47,506;   39,164;   76,131;22,56571
 242,07;   72,150;   39,968;   92,894;60,80584
 242,67;   19,667;  -11,027;   77,914;34,50975
 243,27;   23,954;    7,767;   46,418;41,88107
 243,87;   72,551;   48,671;  108,343;40,01917
 244,47;   59,313;   22,371;   99,703;47,77107
 245,07;   30,146;    2,669;   55,770;51,74436
 245,67;   52,126;   31,068;   85,575;38,63423
 246,27;   49,501;   34,965;   69,007;42,70154
 246,87;   47,012;   26,668;   63,154;55,75914
 247,46;   17,358;   19,663;   23,793;-55,82132
 248,06;   48,480;   20,470;   69,786;56,79550
 248,66;   58,833;   31,072;  105,898;37,10037
 249,26;   45,459;   32,366;   70,742;34,11722
 249,86;   59,719;   42,873;  102,176;28,40641
 250,46;   46,396;   16,775;   93,507;38,60311
 251,06;   40,926;   22,168;   65,375;43,41504
 251,66;   37,127;   20,771;   64,724;37,21361
 252,26;   32,283;   38,866;   70,261;-20,96946
 252,86;   42,646;   35,969;   89,070;12,57369
 253,46;    1,954;   -8,033;   22,118;33,12484
 254,06;   43,197;   31,766;   79,483;23,95610
 254,66;   64,705;   34,973;  100,155;45,61329
 255,26;   72,781;   39,073;  118,836;42,26003
 255,86;   52,606;   37,464;   55,631;83,34708
 256,46;   37,194;   19,870;   70,208;34,41519
 257,05;   36,965;   23,570;   59,565;37,21399
 257,65;   64,489;   38,071;   97,684;44,31675
 258,25;   70,795;   37,372;  101,457;52,15329
 258,85;   39,046;   15,669;   51,770;64,75384
 259,45;   25,222;    6,869;   42,951;50,86464
 260,05;   53,754;   46,667;   85,818;18,10301
 260,65;   49,483;   45,066;   83,561;11,47318
 261,25;   45,551;   29,371;   85,943;28,60126
 261,85;   21,937;   -0,129;   47,622;46,21077
 262,45;   78,046;   46,169;  109,270;50,51707
 263,04;   75,643;   53,073;  116,295;35,69891
 263,64;   56,640;   33,767;   77,097;52,78881
 264,24;   54,175;   37,671;   89,062;32,11462
 264,84;   96,738;   58,974;  138,671;47,38471
 265,44;   38,264;   26,368;   67,716;28,77207
 266,04;   40,273;   48,865;   71,464;-38,02279
 266,64;   62,507;   39,866;   86,780;48,25925
 267,24;   48,707;   40,166;   68,980;29,63946
 267,84;   31,736;   24,668;   76,573;13,61669
 268,43;   71,188;   48,368;   95,935;47,97539
 269,03;   62,660;   46,969;   87,892;38,34352
 269,63;   64,721;   58,566;   92,402;18,19019
 270,23;   15,349;   10,765;   39,045;16,20899
 270,83;   62,683;   55,266;   83,161;26,58750
 271,43;   23,202;   23,967;   58,856;-2,19310
 272,03;   58,264;   64,168;   99,116;-16,89171
 272,62;   37,708;   23,269;   68,730;31,76084
 273,22;   37,641;   11,970;   61,046;52,30958
 273,82;   18,419;   17,460;   26,403;10,71412
 274,42;   24,967;   25,164;   46,890;-0,90322
 275,02;   41,677;   34,864;   60,388;26,69266
 275,62;   69,195;   31,972;  100,457;54,35123
 276,21;   46,456;   22,770;   69,267;50,93985
 276,81;   61,831;   46,767;   71,099;61,90852
 277,41;   43,961;   22,971;   96,341;28,60812
 278,01;   22,877;   21,364;   42,788; 7,06183
 278,61;   65,284;   38,869;   83,811;58,77613
 279,20;   87,019;   65,473;  119,076;40,19511
 279,80;   -6,924;    6,762;   11,539;-286,48682
 280,40;   42,159;   36,866;   79,742;12,34469
 281,00;   15,284;   -4,331;   33,311;52,10971
 281,60;   50,676;   20,774;   74,812;55,33616
 282,20;   41,994;   36,670;   70,108;15,92199
 282,79;   38,988;   29,568;   70,135;23,22181
 283,39;   24,421;   17,466;   44,702;25,53550
 283,99;   20,139;   23,165;   34,347;-27,05303
 284,59;   36,370;   16,869;   45,289;68,61586
 285,19;   36,793;   27,067;   57,759;31,68828
 285,78;   37,894;   23,270;   63,808;36,07458
 286,38;   57,001;   39,665;   59,207;88,71343
 286,98;   44,388;   35,168;   73,535;24,03209
 287,58;   27,913;    4,771;   61,403;40,86439
 288,17;   32,881;    8,973;   80,336;33,50177
 288,77;   62,006;   19,976;   92,504;57,94965
 289,37;   31,146;   11,269;   57,670;42,83695
 289,97;   47,839;   48,965;   66,647;-6,36377
 290,57;   63,885;   46,672;   93,260;36,94774
 291,16;   72,264;   63,868;  102,616;21,66996
 291,76;   27,741;    5,570;   47,346;53,07222
 292,36;   39,878;   34,367;   58,137;23,18559
 292,96;   28,757;   -3,127;   60,117;50,41439
 293,55;   38,631;   24,267;   65,399;34,92104
 294,15;   43,756;   26,870;   62,567;47,30237
 294,75;   50,501;   42,065;   66,207;34,94522
 295,35;   29,064;   21,068;   52,016;25,83906
 295,94;   43,069;   42,967;   66,740; 0,42943
 296,54;   41,474;   30,768;   70,613;26,86875
 297,14;   51,999;   29,971;   76,881;46,95750
 297,73;    2,287;   12,165;   40,085;-35,37930
 298,33;   46,497;   28,066;   57,583;62,44236
 298,93;   57,612;   41,968;   82,554;38,54577
 299,53;   35,409;   24,872;   69,079;23,83547
 300,12;   21,399;  -12,229;   59,481;46,89411
 300,72;   62,240;   41,567;   91,197;41,65488
 301,32;   52,089;   25,771;   99,584;35,65573
 301,92;   18,529;    3,664;   33,050;50,58725
 302,51;   32,616;   11,567;   49,978;54,80097
 303,11;   28,593;   14,667;   48,759;40,84764
 303,71;   44,198;   21,369;   82,132;37,57098
 304,30;   20,635;    5,466;   38,423;46,02663
 304,90;   21,397;   19,666;   44,283; 7,03228
 305,50;   33,949;   18,565;   64,345;33,60413
 306,09;   25,959;   15,466;   49,042;31,25100
 306,69;   57,275;   34,171;   90,262;41,19020
 307,29;   15,657;   18,760;   33,144;-21,57817
 307,88;   63,370;   43,269;   72,489;68,79064
 308,48;   35,818;    0,070;   49,727;71,98911
 309,08;   -5,666;   -4,437;   11,774;-7,58122
 309,68;   35,287;   22,365;   39,585;75,03960
 310,27;   21,108;   20,169;   49,830; 3,16443
 310,87;   43,974;   23,468;   54,813;65,42009
 311,47;   72,054;   54,967;   92,918;45,02502
 312,06;   46,425;   47,865;   68,426;-7,00271
 312,66;   75,264;   51,168;  100,016;49,32989
 313,26;   75,227;   48,571;   96,224;55,93841
 313,85;   49,193;   38,267;   65,959;39,45464
 314,45;   65,684;   42,969;   86,611;52,04880
 315,04;   65,325;   52,165;   81,826;44,36880
 315,64;   38,740;   21,267;   47,897;65,61578
 316,24;   63,718;   40,770;   85,627;51,15735
 316,83;   51,259;   40,366;   76,742;29,94513
 317,43;   52,802;   35,167;   68,156;53,45730
 318,03;   63,082;   39,063;   70,012;77,60699
 318,62;   74,952;   73,061;   94,820; 8,69056
 319,22;   32,536;    7,668;   66,973;41,93234
 319,82;   64,764;   40,768;   93,516;45,49304
 320,41;   84,998;   59,069;   98,732;65,37353
 321,01;   94,049;   80,465;  115,945;38,28632
 321,60;   83,467;   81,164;  102,790;10,65242
 322,20;  102,205;   67,673;  132,855;52,97733
 322,80;   71,540;   54,567;   91,797;45,59050
 323,39;   78,415;   65,764;   94,828;43,52812
 323,99;   79,583;   61,766;  102,661;43,56661
 324,59;   68,882;   73,063;   97,512;-17,10411
 325,18;   73,816;   40,967;   92,178;64,14566
 325,78;   96,587;   76,365;  108,885;62,18283
 326,37;   92,126;   74,868;  108,075;51,97189
 326,97;   86,940;   63,267;  111,497;49,08432
 327,57;   44,058;   42,263;   76,493; 5,24289
 328,16;   64,206;   60,864;   93,631;10,19899
 328,76;   77,369;   50,467;  110,140;45,08237
 329,35;   96,989;   56,871;  137,484;49,76682
 329,95;   61,194;   27,470;   91,308;52,82723
 330,54;   73,254;   52,167;   94,018;50,38693
 331,14;   55,731;   26,967;   82,599;51,70340
 331,74;   71,449;   54,165;   96,145;41,17198
 332,33;   66,518;   35,370;  108,127;42,81054
 332,93;   54,529;   43,764;   79,250;30,33754
 333,52;   66,121;   42,466;   93,102;46,71559
 334,12;   94,860;   72,069;  140,392;33,35819
 334,71;   60,859;   50,666;   87,942;27,34427
 335,31;   90,893;   63,267;  119,859;48,81571
 335,90;   36,986;   32,362;   53,836;21,53182
 336,50;   42,101;   30,665;   77,207;24,57241
 337,10;   74,508;   38,769;  121,530;43,18323
 337,69;   66,401;   51,765;   93,707;34,89694
 338,29;   53,878;   30,467;  101,037;33,17447
 338,88;   51,912;   22,468;   99,854;38,04847
 339,48;   82,624;   57,862;  111,677;46,01345
 340,07;   67,945;   48,566;  107,321;32,98207
 340,67;   76,989;   31,171;  124,784;48,94463
 341,26;   79,759;   48,466;   98,942;61,99524
 341,86;   94,232;   61,469;  138,348;42,61530
 342,45;   88,770;   45,669;  142,689;44,42439
 343,05;   75,770;   27,269;  115,689;54,85250
 343,64;   79,507;   47,366;  122,480;42,78874
 344,24;   57,201;   28,765;   92,107;44,89352
 344,83;   87,039;   71,365;  121,747;31,11123
 345,43;   57,569;   29,667;  114,240;32,99165
 346,02;   58,622;   41,469;  124,351;20,69575
 346,62;   89,427;   40,971;  140,424;48,72291
 347,21;   75,287;   42,165;  131,985;36,87588
 347,81;   73,685;   26,172;  140,560;41,53689
 348,40;   48,706;   29,064;  100,731;27,40711
 349,00;   77,882;   49,163;  137,712;32,43222
 349,59;  104,541;   65,870;  177,846;34,53545
 350,19;   69,827;   32,571;  139,424;34,86708
 350,78;   73,093;   55,467;  140,759;20,66519
 351,38;   54,522;   15,869;  140,951;30,90215
 351,97;   53,369;   26,767;  136,040;24,34457
 352,57;   71,218;   42,570;  155,827;25,29440
 353,16;   62,115;   30,564;  134,328;30,40653
 353,76;   80,642;   38,770;  169,846;31,94438
 354,35;   68,432;   27,669;  160,148;30,76882
 354,95;   93,956;   43,970;  182,067;36,19601
 355,54;   78,536;   38,368;  163,973;31,97953
 356,14;   80,632;   40,069;  164,749;32,53332
 356,73;   59,324;   29,162;  145,176;25,99838
 357,32;   60,998;   13,769;  164,432;31,34764
 357,92;   87,647;   17,772;  181,419;42,69854
 358,51;  105,609;   43,372;  214,179;36,43701
 359,11;   90,185;   36,772;  212,360;30,41963
 359,70;   81,065;   28,470;  189,965;32,56767
 360,30;  100,576;   54,562;  188,039;34,47379
 360,89;   64,912;   31,168;  188,054;21,50867
 361,48;  107,656;   55,570;  216,467;32,37204
 362,08;   75,102;   19,867;  187,156;33,01769
 362,67;   77,858;   39,763;  192,693;24,90987
 363,27;  110,016;   60,767;  247,678;26,34917
 363,86;   99,049;   35,765;  215,745;35,16167
 364,46;  112,106;   44,664;  257,231;31,72733
 365,05;  132,075;   64,659;  254,989;35,42063
 365,64;  135,009;   50,960;  269,706;38,42312
 366,24;  150,003;   38,558;  309,432;41,14280
 366,83;  186,602;   43,255;  335,383;49,06995
 367,43;  179,769;   51,545;  352,843;42,55741
 368,02;  213,213;   34,646;  399,757;48,90756
 368,61;  258,543;   62,239;  475,425;47,50989
 369,21;  240,459;   32,419;  445,299;50,38752
 369,80;  291,073;   43,007;  526,947;51,25968
 370,39;  353,077;   62,006;  604,971;53,60776
 370,99;  345,309;   42,089;  615,416;52,88776
 371,58;  364,369;   22,974;  630,953;56,15250
 372,18;  403,976;   37,166;  701,603;55,20613
 372,77;  387,555;   42,449;  679,385;54,18213
 373,36;  413,354;   42,747;  690,836;57,18456
 373,96;  383,411;   35,135;  639,498;57,62692
 374,55;  367,476;   29,844;  621,406;57,07477
 375,14;  364,793;   42,849;  573,826;60,63236
 375,74;  347,486;   69,157;  543,276;58,70451
 376,33;  281,132;   45,964;  464,589;56,17635
 376,92;  258,990;   33,278;  447,997;54,42527
 377,52;  332,224;   86,103;  548,460;53,23180
 378,11;  282,952;   46,703;  457,203;57,55165
 378,71;  333,580;   73,011;  514,270;59,05116
 379,30;  329,444;   59,517;  553,928;54,59564
 379,89;  360,547;   59,813;  556,103;60,59645
 380,49;  356,016;   31,018;  568,185;60,50217
 381,08;  381,401;   70,306;  570,990;62,13403
 381,67;  386,831;   55,008;  555,483;66,30160
 382,26;  368,001;   41,706;  539,390;65,56272
 382,86;  365,100;   54,003;  516,041;67,33150
 383,45;  391,737;   50,412;  562,105;66,70502
 384,04;  375,213;   38,712;  553,886;65,31794
 384,64;  385,919;   49,014;  566,760;65,07148
 385,23;  395,425;   64,406;  560,509;66,72383
 385,82;  432,062;   59,615;  592,774;69,85673
 386,42;  490,666;   61,024;  659,022;71,84673
 387,01;  456,095;   55,414;  580,541;76,30177
 387,60;  471,102;   69,009;  590,140;77,15791
 388,20;  449,037;   37,712;  590,805;74,36812
 388,79;  523,602;   72,418;  665,563;76,06624
 389,38;  449,901;   32,106;  564,890;78,41735
 389,97;  500,338;   45,415;  640,955;76,38842
 390,57;  531,805;   71,114;  654,038;79,03096
 391,16;  538,205;   62,514;  655,838;80,17381
 391,75;  539,509;   52,713;  638,562;83,09235
 392,34;  575,779;   60,821;  696,694;80,98440
 392,94;  588,925;   44,718;  689,683;84,37788
 393,53;  578,310;   41,016;  666,612;85,88522
 394,12;  626,032;   53,023;  719,105;86,02677
 394,72;  629,771;   54,213;  706,122;88,28810
 395,31;  633,562;   42,115;  694,874;90,60734
 395,90;  649,028;   42,924;  732,881;87,84658
 396,49;  702,301;   58,028;  779,187;89,33845
 397,09;  686,306;   47,417;  749,188;91,03956
 397,68;  731,076;   44,025;  800,719;90,79634
 398,27;  763,143;   54,626;  809,652;93,84007
 398,86;  765,223;   43,125;  807,657;94,44971
 399,45;  809,302;   56,630;  844,037;95,58868
 400,05;  789,583;   23,820;  799,518;98,71923
 400,64;  808,149;   56,419;  831,001;97,04975
 401,23;  829,531;   53,920;  859,956;96,22535
 401,82;  857,831;   67,220;  868,256;98,69856
 402,42;  880,441;   62,921;  873,953;100,79989
 403,01;  921,076;   81,525;  912,919;100,98105
 403,60;  955,697;   68,532;  940,513;101,74142
 404,19;  945,152;   76,024;  931,900;101,54830
 404,78;  934,536;   57,522;  909,929;102,88678
 405,38;  981,207;   68,332;  984,210;99,67213
 405,97;  980,619;   63,226;  953,933;102,99606
 406,56; 1007,786;   71,528; 1004,366;100,36669
 407,15; 1019,182;   68,829;  989,442;103,23050
 407,74; 1075,816;   80,730; 1026,758;105,18564
 408,34; 1022,631;   50,933; 1018,629;100,41357
 408,93; 1075,812;   59,531; 1016,234;106,22737
 409,52; 1047,408;   51,435; 1041,359;100,61105
 410,11; 1122,835;   84,931; 1090,453;103,22046
 410,70; 1088,929;   54,727; 1027,230;106,34429
 411,29; 1113,963;   58,628; 1030,847;108,54906
 411,89; 1142,294;   60,535; 1093,938;104,67934
 412,48; 1138,724;   48,228; 1051,606;108,68248
 413,07; 1160,965;   65,033; 1101,446;105,74282
 413,66; 1172,070;   78,135; 1102,119;106,83130
 414,25; 1190,500;   63,337; 1142,311;104,46614
 414,84; 1216,911;   69,431; 1102,434;111,08199
 415,44; 1231,992;   91,530; 1155,939;107,14506
 416,03; 1225,352;   76,637; 1161,173;105,91760
 416,62; 1240,195;   76,138; 1168,687;106,54508
 417,21; 1240,775;   75,334; 1158,843;107,56170
 417,80; 1248,662;   65,037; 1162,871;107,81456
 418,39; 1265,939;   78,440; 1179,201;107,87980
 418,98; 1221,227;   55,634; 1143,405;107,15424
 419,58; 1213,379;   64,033; 1142,067;106,61501
 420,17; 1214,784;   52,735; 1164,540;104,51914
 420,76; 1267,852;   72,537; 1192,873;106,69251
 421,35; 1216,756;   60,236; 1155,197;105,62201
 421,94; 1269,839;   88,340; 1223,501;104,08204
 422,53; 1238,963;   61,540; 1195,320;103,84932
 423,12; 1236,081;   64,039; 1190,766;104,02188
 423,71; 1215,394;   60,835; 1162,138;104,83576
 424,30; 1244,766;   85,236; 1210,695;103,02731
 424,90; 1209,809;   39,438; 1163,809;104,09125
 425,49; 1243,377;   70,140; 1216,242;102,36761
 426,08; 1223,877;   80,240; 1209,641;101,26043
 426,67; 1190,718;   57,436; 1168,257;102,02205
 427,26; 1226,478;   60,343; 1230,391;99,66558
 427,85; 1212,671;   63,238; 1209,968;100,23574
 428,44; 1211,668;   68,442; 1218,093;99,44112
 429,03; 1234,920;   85,341; 1233,155;100,15377
 429,62; 1202,958;   78,941; 1240,296;96,78500
 430,21; 1220,412;   81,443; 1277,807;95,20249
 430,80; 1179,617;   70,445; 1235,381;95,21317
 431,39; 1168,536;   53,344; 1246,926;93,43232
 431,99; 1167,194;   78,535; 1206,838;96,48644
 432,58; 1179,281;   82,639; 1251,166;93,84829
 433,17; 1163,170;   69,735; 1238,319;93,56926
 433,76; 1187,885;   71,347; 1288,314;91,74760
 434,35; 1217,093;   88,245; 1292,462;93,74129
 434,94; 1223,990;   70,849; 1318,887;92,39632
 435,53; 1202,064;   78,643; 1278,669;93,61635
 436,12; 1201,174;   70,044; 1294,267;92,39575
 436,71; 1203,587;   87,740; 1303,239;91,80153
 437,30; 1231,035;   76,941; 1299,177;94,42477
 437,89; 1236,331;   76,245; 1320,802;93,21278
 438,48; 1229,116;   65,942; 1305,731;93,82029
 439,07; 1268,957;   95,238; 1347,147;93,75439
 439,66; 1266,494;   83,648; 1375,711;91,54712
 440,25; 1261,274;   85,844; 1390,567;90,09038
 440,84; 1299,200;   79,850; 1387,984;93,21289
 441,43; 1325,992;   78,054; 1440,985;91,56280
 442,02; 1319,048;   79,650; 1411,022;93,09174
 442,61; 1343,136;   93,344; 1397,226;95,85157
 443,20; 1385,338;   94,249; 1446,625;95,46820
 443,79; 1365,413;   74,546; 1412,957;96,44775
 444,38; 1428,180;   84,248; 1461,789;97,56021
 444,97; 1444,903;   84,146; 1466,359;98,44770
 445,56; 1475,289;  101,846; 1477,038;99,87284
 446,15; 1515,081;   81,651; 1522,539;99,48244
 446,74; 1503,298;   58,644; 1462,286;102,92182
 447,33; 1546,813;   82,646; 1538,357;100,58091
 447,92; 1586,257;   78,151; 1570,720;101,04101
 448,51; 1617,765;   89,746; 1586,019;102,12169
 449,10; 1628,379;   92,045; 1608,840;101,28817
 449,69; 1695,272;   73,950; 1627,741;104,34616
 450,28; 1685,432;   66,948; 1608,251;105,00751
 450,87; 1734,009;   78,647; 1656,333;104,92342
 451,46; 1802,104;   96,048; 1702,208;106,21953
 452,05; 1815,300;   70,950; 1715,384;106,07597
 452,64; 1865,310;   70,850; 1725,182;108,47036
 453,23; 1937,791;  113,752; 1794,936;108,49728
 453,82; 1941,995;   83,451; 1800,660;108,23052
 454,40; 1977,110;   65,450; 1786,682;111,06346
 454,99; 2044,873;  101,253; 1871,891;109,76948
 455,58; 2050,161;   69,747; 1832,095;112,37361
 456,17; 2083,601;   63,852; 1873,634;111,60181
 456,76; 2134,857;   67,751; 1918,820;111,67096
 457,35; 2174,780;   78,348; 1930,490;113,18964
 457,94; 2206,621;   66,954; 1978,929;111,90873
 458,53; 2230,434;   67,350; 2010,101;111,34128
 459,12; 2321,669;   82,657; 2111,116;110,37997
 459,71; 2301,056;   58,148; 2060,071;112,03772
 460,30; 2323,194;   84,448; 2087,511;111,76615
 460,89; 2384,458;   57,551; 2129,920;112,28246
 461,48; 2410,921;   75,954; 2173,829;111,30153
 462,06; 2445,324;   68,050; 2187,303;112,17505
 462,65; 2441,028;   48,249; 2176,527;112,42792
 463,24; 2534,712;   87,456; 2288,680;111,17703
 463,83; 2520,224;   54,450; 2229,803;113,35049
 464,42; 2583,590;   88,349; 2333,687;111,12986
 465,01; 2600,910;   73,050; 2336,482;111,68260
 465,60; 2603,048;   64,050; 2384,322;109,42671
 466,19; 2624,521;   73,354; 2462,829;106,76684
 466,77; 2640,081;   81,551; 2462,939;107,43863
 467,36; 2652,608;   69,457; 2459,256;108,09069
 467,95; 2661,743;   79,551; 2466,098;108,19783
 468,54; 2684,668;   71,954; 2513,866;106,99460
 469,13; 2697,829;   69,452; 2535,977;106,56197
 469,72; 2681,240;   67,555; 2582,723;103,91691
 470,31; 2700,264;   87,855; 2629,242;102,79460
 470,90; 2675,862;   76,750; 2652,044;100,92486
 471,48; 2685,031;   32,057; 2671,875;100,49838
 472,07; 2718,423;  125,747; 2686,454;101,24842
 472,66; 2727,787;   67,853; 2748,412;99,23056
 473,25; 2720,481;   68,351; 2723,339;99,89238
 473,84; 2725,054;   55,955; 2766,545;98,46931
 474,43; 2751,337;   55,459; 2843,049;96,70999
 475,01; 2800,030;   69,254; 2885,926;96,95045
 475,60; 2784,778;   49,755; 2882,364;96,55492
 476,19; 2859,503;   74,158; 2956,932;96,62030
 476,78; 2818,108;   71,057; 2964,456;94,94198
 477,37; 2809,978;   59,355; 2945,364;95,30889
 477,95; 2879,988;   75,656; 3018,661;95,28804
 478,54; 2877,173;   63,253; 3023,691;95,05081
 479,13; 2897,173;   56,253; 3070,291;94,25629
 479,72; 2959,244;   81,154; 3090,147;95,64961
 480,31; 3002,661;   63,459; 3167,468;94,69051
 480,89; 2968,230;   60,254; 3171,026;93,48086
 481,48; 2990,795;   46,260; 3214,084;92,95133
 482,07; 3009,868;   61,654; 3233,866;92,93874
 482,66; 3046,635;   52,853; 3253,650;93,53238
 483,25; 3110,995;   78,960; 3319,884;93,55463
 483,83; 3125,992;   59,954; 3325,385;93,89382
 484,42; 3162,720;   54,354; 3355,129;94,17082
 485,01; 3268,379;   65,958; 3400,413;96,04032
 485,60; 3336,667;   73,764; 3490,590;95,49515
 486,18; 3307,688;   66,956; 3490,761;94,65292
 486,77; 3387,891;   67,252; 3519,736;96,18115
 487,36; 3437,129;   58,464; 3561,750;96,44275
 487,95; 3489,804;   59,161; 3640,781;95,78467
 488,53; 3512,942;   54,461; 3642,522;96,38858
 489,12; 3591,920;   50,563; 3722,252;96,45033
 489,71; 3592,000;   38,062; 3680,357;97,57413
 490,30; 3655,819;   61,460; 3742,503;97,64511
 490,88; 3689,066;   87,561; 3859,141;95,49062
 491,47; 3726,182;   60,663; 3867,512;96,28747
 492,06; 3699,472;   62,563; 3920,615;94,26802
 492,65; 3710,590;   59,161; 3947,060;93,91780
 493,23; 3753,333;   54,860; 3982,825;94,15748
 493,82; 3758,711;   65,853; 4018,031;93,43855
 494,41; 3759,414;   51,361; 4066,179;92,35918
 494,99; 3777,054;   73,655; 4126,945;91,36774
 495,58; 3792,118;   86,060; 4224,403;89,55415
 496,17; 3784,312;   56,356; 4198,681;89,99671
 496,76; 3841,388;   65,356; 4276,761;89,66204
 497,34; 3821,493;   54,557; 4305,235;88,61966
 497,93; 3804,031;   66,057; 4350,675;87,24171
 498,52; 3851,785;   60,059; 4454,387;86,28682
 499,10; 3840,862;   75,862; 4533,217;84,46714
 499,69; 3831,209;   55,360; 4537,006;84,25139
 500,28; 3783,261;   37,959; 4592,068;82,24006
 500,86; 3792,676;   62,862; 4698,539;80,45889
 501,45; 3760,876;   53,462; 4730,438;79,26947
 502,04; 3800,200;   53,362; 4813,958;78,70524
 502,62; 3749,412;   70,956; 4856,181;76,87112
 503,21; 3690,236;   57,856; 4939,699;74,40591
 503,80; 3727,824;   69,662; 5015,577;73,96331
 504,38; 3662,133;   58,460; 5081,425;71,74393
 504,97; 3674,624;   49,962; 5122,776;71,45268
 505,56; 3641,475;   70,859; 5194,989;69,68238
 506,14; 3661,591;   64,064; 5263,709;69,18793
 506,73; 3571,301;   23,565; 5292,507;67,33300
 507,32; 3626,349;   62,865; 5376,045;67,06876
 507,90; 3645,495;   70,860; 5443,284;66,53672
 508,49; 3631,063;   58,865; 5500,366;65,64729
 509,08; 3651,206;   67,264; 5571,931;65,10733
 509,66; 3702,656;   69,960; 5677,644;64,78070
 510,25; 3735,328;   63,561; 5737,400;64,71398
 510,83; 3771,101;   45,165; 5855,607;64,12483
 511,42; 3816,674;   61,968; 5895,913;64,35964
 512,01; 3853,815;   59,164; 5980,328;64,08624
 512,59; 3883,424;   46,562; 6041,676;63,99981
 513,18; 4002,714;   59,961; 6114,379;65,12192
 513,77; 4051,146;   42,257; 6171,797;65,40277
 514,35; 4106,210;   37,763; 6190,255;66,12682
 514,94; 4263,262;   58,662; 6323,517;67,11409
 515,52; 4367,559;   48,166; 6358,342;68,45122
 516,11; 4515,039;   80,665; 6474,047;69,35881
 516,69; 4564,823;   41,959; 6446,727;70,61713
 517,28; 4720,241;   83,358; 6541,973;71,79377
 517,87; 4810,917;   45,558; 6604,054;72,65934
 518,45; 4969,565;   74,858; 6626,192;74,71314
 519,04; 5075,351;   54,258; 6707,970;75,46303
 519,62; 5232,572;   55,863; 6774,114;77,05441
 520,21; 5328,721;   24,466; 6828,002;77,96321
 520,79; 5458,326;   52,068; 7000,875;77,80124
 521,38; 5544,780;   52,960; 6995,363;79,10547
 521,97; 5673,812;   43,068; 7141,554;79,32317
 522,55; 5767,113;   67,759; 7195,230;79,96321
 523,14; 5830,675;   26,759; 7180,289;81,13359
 523,72; 5989,342;   77,561; 7383,422;80,91834
 524,31; 6010,101;   71,665; 7406,107;80,96643
 524,89; 6102,164;   48,468; 7526,815;80,94965
 525,48; 6118,907;   21,666; 7603,580;80,41822
 526,06; 6163,015;   56,264; 7633,128;80,59734
 526,65; 6291,604;   72,370; 7803,105;80,44815
 527,23; 6270,948;   46,262; 7840,596;79,86168
 527,82; 6380,216;   37,967; 7905,978;80,60804
 528,41; 6434,345;   67,366; 8041,021;79,85020
 528,99; 6523,763;   66,365; 8108,167;80,29791
 529,58; 6506,086;   42,562; 8168,736;79,53957
 530,16; 6575,314;   49,461; 8315,379;78,94892
 530,75; 6683,453;   73,964; 8417,069;79,22097
 531,33; 6647,307;   45,566; 8440,980;78,63508
 531,92; 6740,356;   48,560; 8567,344;78,55342
 532,50; 6868,456;   87,770; 8706,468;78,67413
 533,09; 6875,011;   65,665; 8807,204;77,89642
 533,67; 6979,789;   63,458; 8952,011;77,81167
 534,26; 7018,971;   65,760; 9007,665;77,75984
 534,84; 7078,290;   68,461; 9127,061;77,38314
 535,42; 7106,553;   61,564; 9205,969;77,04153
 536,01; 7217,372;   79,263; 9330,215;77,16080
 536,59; 7210,421;   43,366; 9482,202;75,93155
 537,18; 7303,109;   77,360; 9568,605;76,13067
 537,76; 7380,623;   56,972; 9764,700;75,44145
 538,35; 7465,650;   59,368; 9892,694;75,31818
 538,93; 7538,916;   72,664; 9941,828;75,65232
 539,52; 7653,204;   57,370;10111,405;75,55010
 540,10; 7721,808;   63,269;10309,029;74,74837
 540,69; 7806,744;   68,763;10444,071;74,58073
 541,27; 7874,162;   58,262;10514,917;74,74570
 541,85; 7979,597;   47,366;10658,783;74,75185
 542,44; 8023,395;   56,460;10765,484;74,39459
 543,02; 8154,908;   80,369;10952,729;74,26666
 543,61; 8206,255;   77,067;11102,218;73,73312
 544,19; 8285,935;   55,066;11264,023;73,43117
 544,78; 8362,283;   62,766;11296,562;73,87990
 545,36; 8442,584;   77,469;11521,011;73,09900
 545,94; 8460,153;   54,564;11563,069;73,03806
 546,53; 8538,999;   52,771;11724,882;72,70517
 547,11; 8655,836;   90,668;11879,873;72,65263
 547,70; 8744,909;   75,860;11954,706;72,97888
 548,28; 8773,963;   47,965;12093,066;72,44437
 548,86; 8912,563;   81,365;12327,767;72,11260
 549,45; 8966,112;   33,768;12364,953;72,43703
 550,03; 9036,378;   76,467;12507,537;72,07675
 550,62; 9118,659;   63,566;12662,842;71,86995
 551,20; 9252,755;   61,467;12808,418;72,10578
 551,78; 9211,329;   61,164;12952,850;70,97726
 552,37; 9427,354;   55,864;13112,469;71,77585
 552,95; 9406,539;   56,765;13214,547;71,05889
 553,54; 9522,401;   49,965;13393,207;70,99052
 554,12; 9610,641;   67,167;13498,797;71,05224
 554,70; 9756,536;   67,568;13736,973;70,88069
 555,29; 9827,987;   61,965;13856,285;70,79742
 555,87; 9893,680;   60,170;13987,786;70,60440
 556,45; 9987,000;   57,162;14154,058;70,43989
 557,04;10067,931;   43,667;14376,600;69,93868
 557,62;10133,131;   68,867;14525,499;69,61693
 558,20;10290,361;   42,671;14799,940;69,44164
 558,79;10396,126;  100,368;14905,875;69,54006
 559,37;10532,555;   49,867;15000,418;70,11573
 559,95;10568,560;   46,669;15169,691;69,57532
 560,54;10601,274;   71,768;15324,613;69,03306
 561,12;10689,083;   50,866;15485,562;68,92405
 561,70;10840,122;   50,369;15679,551;69,03594
 562,29;10935,851;   61,768;15810,994;69,04519
 562,87;11065,912;   73,168;16023,953;68,91663
 563,45;11157,612;   71,068;16194,754;68,75937
 564,04;11188,147;   54,362;16227,195;68,84252
 564,62;11324,898;   37,769;16438,332;68,82160
 565,20;11433,076;   59,962;16715,838;68,28290
 565,78;11549,425;   70,765;16797,326;68,62534
 566,37;11688,197;   71,066;17011,283;68,57723
 566,95;11693,708;   52,969;17124,330;68,18870
 567,53;11844,700;   67,262;17308,857;68,30829
 568,12;11950,663;   62,265;17367,766;68,69722
 568,70;12163,277;   85,264;17565,889;69,09372
 569,28;12184,222;   61,069;17745,252;68,55365
 569,86;12240,992;   67,767;17910,758;68,22413
 570,45;12415,569;   78,569;18124,689;68,36373
 571,03;12408,738;   53,962;18259,898;67,86125
 571,61;12608,428;   46,571;18424,824;68,35175
 572,19;12651,634;   54,263;18395,773;68,68230
 572,78;12771,126;   70,668;18668,975;68,28825
 573,36;12848,854;   84,264;18797,668;68,21094
 573,94;12851,329;   44,064;18892,750;67,94779
 574,52;12882,961;   54,559;19030,768;67,60256
 575,11;12990,405;   37,264;19159,830;67,73746
 575,69;13061,707;   53,566;19268,680;67,69744
 576,27;13089,805;   47,161;19391,381;67,42398
 576,85;13237,854;   43,264;19549,668;67,64235
 577,44;13263,700;   30,262;19814,158;66,88995
 578,02;13334,885;   32,159;19753,887;67,45213
 578,60;13448,067;   50,464;20073,791;66,90998
 579,18;13551,520;   51,963;20160,752;67,13262
 579,76;13494,915;   40,264;20300,129;66,41037
 580,35;13612,794;   60,170;20436,707;66,51093
 580,93;13710,803;   59,667;20641,557;66,32596
 581,51;13748,155;   24,770;20697,168;66,38507
 582,09;13864,310;   58,663;20755,756;66,70331
 582,67;13873,654;   49,567;20971,318;66,07519
 583,26;13974,474;   28,568;21227,014;65,78740
 583,84;14032,691;   14,164;21413,709;65,50853
 584,42;14110,577;   48,064;21513,287;65,51301
 585,00;14207,906;   81,366;21772,180;65,12683
 585,58;14203,530;   25,167;21912,299;64,77945
 586,17;14304,942;   46,761;21948,521;65,10062
 586,75;14306,421;    6,666;22026,902;64,93915
 587,33;14406,517;   47,767;22191,678;64,84288
 587,91;14411,421;   74,866;22390,201;64,24530
 588,49;14414,100;   63,962;22349,758;64,39141
 589,07;14391,265;   45,468;22403,215;64,16477
 589,65;14319,068;   28,267;22444,439;63,75219
 590,24;14278,938;   42,562;22447,799;63,54040
 590,82;14192,290;   28,261;22484,160;63,07487
 591,40;14228,892;   41,464;22520,209;63,11486
 591,98;14105,522;   45,759;22558,227;62,45323
 592,56;14179,190;   61,161;22699,961;62,36209
 593,14;14079,923;   43,359;22728,928;61,87442
 593,72;13997,901;   29,765;22889,107;61,10472
 594,30;13877,285;   36,759;22797,486;60,80880
 594,89;13671,016;   41,364;22862,428;59,72400
 595,47;13536,042;   38,961;22922,623;58,98130
 596,05;13390,530;   30,267;23003,799;58,15503
 596,63;13275,631;   31,167;23056,199;57,52202
 597,21;13068,858;   36,766;23145,441;56,39481
 597,79;12888,169;   35,467;23166,039;55,56586
 598,37;12686,432;   36,669;23222,748;54,55757
 598,95;12630,320;   50,766;23305,301;54,09506
 599,53;12614,046;   46,757;23207,996;54,26000
 600,11;12733,339;   48,665;23341,947;54,45636
 600,70;12729,781;   57,363;23315,111;54,48687
 601,28;12939,092;   38,564;23424,809;55,16289
 601,86;13082,721;   61,766;23355,102;55,89991
 602,44;13293,790;   23,661;23449,660;56,64701
 603,02;13490,750;   38,656;23576,521;57,15087
 603,60;13734,703;   54,858;23663,232;57,94488
 604,18;13847,596;   69,263;23594,734;58,56772
 604,76;13908,910;   59,263;23642,154;58,72752
 605,34;13945,673;   27,565;23530,764;59,21793
 605,92;13980,853;   59,561;23453,719;59,50756
 606,50;13930,538;   17,662;23498,998;59,25079
 607,08;13863,307;   31,666;23394,881;59,20264
 607,66;13937,559;   39,266;23561,643;59,08541
 608,24;13874,393;   46,067;23522,059;58,90412
 608,82;13812,806;   26,164;23532,031;58,65192
 609,40;13633,645;   46,466;23471,021;58,00400
 609,98;13561,215;   18,864;23505,928;57,65876
 610,56;13458,980;   43,861;23497,662;57,19806
 611,14;13286,087;   30,765;23481,086;56,52512
 611,72;13128,063;   42,665;23572,467;55,61202
 612,30;12926,548;   24,962;23468,496;55,03260
 612,88;12843,013;   60,659;23517,730;54,49254
 613,46;12640,338;   21,862;23505,697;53,73260
 614,04;12454,036;   30,068;23461,873;53,02181
 614,62;12334,704;   41,561;23489,982;52,42631
 615,20;12198,164;   52,768;23402,416;52,01533
 615,78;12048,408;   25,569;23463,430;51,29666
 616,36;12012,529;   41,364;23400,150;51,24909
 616,94;11924,959;    7,666;23272,242;51,22506
 617,52;11904,902;   24,067;23373,656;50,88242
 618,10;11931,099;   63,559;23336,107;50,99373
 618,68;11823,896;   17,966;23253,184;50,81050
 619,26;11918,889;   39,268;23398,834;50,85549
 619,84;11709,596;   18,963;23277,133;50,26463
 620,42;11805,401;   31,165;23313,506;50,57153
 621,00;11704,701;   28,865;23209,607;50,36869
 621,58;11596,909;   38,760;23216,406;49,86766
 622,16;11552,966;   49,270;23335,164;49,40199
 622,74;11485,959;   47,066;23327,742;49,13471
 623,32;11333,235;   42,166;23291,223;48,56571
 623,90;11345,189;   66,971;23311,484;48,51992
 624,48;11165,238;   32,662;23196,598;48,05995
 625,05;11023,138;   34,562;23105,098;47,63035
 625,63;10952,938;   52,962;23188,799;47,11296
 626,21;10861,848;   38,262;23117,596;46,89730
 626,79;10887,154;   53,967;23219,719;46,76381
 627,37;10790,862;   28,162;23090,717;46,66742
 627,95;10809,265;   72,768;23200,215;46,42318
 628,53;10819,001;   49,365;23176,607;46,56688
 629,11;10793,737;   48,259;23043,449;46,72924
 629,69;10962,398;   53,369;23256,932;47,01446
 630,27;11000,096;   80,763;23105,434;47,42449
 630,84;11084,238;   43,862;23021,197;48,04899
 631,42;11198,103;   54,367;23319,656;47,89855
 632,00;11211,261;   45,459;23125,768;48,37804
 632,58;11318,544;   50,263;23105,172;48,87584
 633,16;11365,403;   49,870;23096,906;49,09756
 633,74;11361,178;   56,264;23018,488;49,23266
 634,32;11243,666;   45,661;23007,842;48,76717
 634,90;11339,241;   51,970;23195,746;48,77022
 635,47;11254,856;   38,860;23035,645;48,77202
 636,05;11156,267;   37,461;22989,342;48,44398
 636,63;11101,102;   45,965;23104,807;47,94316
 637,21;10989,415;   67,464;23150,529;47,31586
 637,79;10847,611;   71,465;23192,904;46,60673
 638,37;10611,502;   54,055;23070,883;45,86838
 638,94;10467,487;   33,265;23100,686;45,23359
 639,52;10297,987;   41,665;23195,285;44,29684
 640,10;10197,657;   64,264;23215,900;43,76966
 640,68;10019,230;   54,164;23175,334;43,09932
 641,26; 9785,404;   35,864;23250,268;41,99781
 641,84; 9720,277;   39,164;23235,002;41,73642
 642,41; 9554,150;   28,264;23192,936;41,12248
 642,99; 9480,823;   48,464;23145,568;40,83784
 643,57; 9530,597;   22,064;23158,402;41,09783
 644,15; 9460,570;   27,064;23178,035;40,74778
 644,73; 9588,344;   37,564;23277,568;41,09629
 645,30; 9709,717;   55,264;23230,303;41,65884
 645,88; 9870,490;   44,964;23362,635;42,13768
 646,46;10072,063;   59,264;23447,568;42,81114
 647,04;10215,736;   51,864;23367,902;43,59176
 647,61;10386,210;   46,564;23396,336;44,28157
 648,19;10485,783;   61,664;23433,369;44,60145
 648,77;10535,956;   26,264;23442,002;44,88303
 649,35;10633,329;   51,064;23590,137;44,95617
 649,92;10770,203;   42,464;23596,070;45,54606
 650,50;10769,776;   30,064;23551,104;45,66002
 651,08;10820,549;   39,964;23450,537;46,05007
 651,66;10879,022;   21,864;23534,770;46,17532
 652,23;10836,296;   39,064;23561,004;45,90281
 652,81;10787,869;   36,464;23644,137;45,54199
 653,39;10736,643;   56,164;23647,170;45,27352
 653,97;10721,115;   37,065;23882,504;44,80543
 654,54;10518,488;   23,565;23823,137;44,09711
 655,12;10409,662;   30,965;23831,971;43,60613
 655,70;10432,035;   42,065;23962,805;43,43499
 656,28;10295,009;   32,765;23947,037;42,91263
 656,85;10176,182;   44,065;24051,070;42,20483
 657,43;10021,555;   -1,035;23831,305;42,05458
 658,01; 9996,028;   21,465;24078,539;41,46208
 658,58;10090,102;   55,165;24234,371;41,50234
 659,16; 9980,975;   51,965;24154,105;41,19555
 659,74;10065,348;   59,465;24338,039;41,21281
 660,32;10073,721;   71,665;24327,672;41,23538
 660,89;10035,595;   34,265;24347,305;41,13566
 661,47;10201,367;   51,665;24464,939;41,57452
 662,05;10360,741;   25,365;24587,373;42,07871
 662,62;10547,114;   59,665;24584,006;42,76343
 663,20;10662,188;   80,665;24740,139;42,91058
 663,78;10769,461;   47,965;24902,773;43,13651
 664,35;10833,733;   52,465;24921,006;43,35304
 664,93;11003,107;   64,465;25123,539;43,65142
 665,51;11086,380;   49,565;25170,973;43,93390
 666,08;11216,354;   30,165;25185,707;44,46809
 666,66;11491,827;   47,465;25667,539;44,66951
 667,23;11535,300;   51,765;25732,773;44,71606
 667,81;11643,174;   65,865;25889,307;44,83256
 668,39;11653,946;   43,265;26047,141;44,64981
 668,96;11736,220;   54,665;26309,074;44,49369
 669,54;11783,293;   38,765;26408,408;44,53806
 670,12;11834,566;   51,165;26808,740;44,03763
 670,69;12022,739;   64,165;26950,674;44,47797
 671,27;12024,513;   25,565;27096,008;44,32490
 671,84;11984,286;   40,665;27105,240;44,13009
 672,42;12004,659;   66,265;27253,875;43,91116
 673,00;12069,833;   57,165;27531,408;43,72338
 673,57;11979,706;   59,965;27276,441;43,79605
 674,15;12147,979;   64,065;27613,475;43,86270
 674,72;12087,452;   58,565;27536,209;43,77700
 675,30;12128,626;   69,466;27513,541;43,94085
 675,88;12342,199;   36,266;27573,176;44,68887
 676,45;12491,572;   59,466;27677,309;45,01476
 677,03;12609,545;   67,866;27525,043;45,67723
 677,60;12798,919;   41,466;27770,576;46,00744
 678,18;13101,191;   59,466;27877,510;46,88225
 678,76;13242,965;   40,766;27809,143;47,54401
 679,33;13422,738;   57,666;27813,176;48,15286
 679,91;13637,411;   44,266;27813,311;48,95071
 680,48;13786,984;   28,766;27740,242;49,64809
 681,06;13945,358;   50,866;27735,176;50,18905
 681,63;14133,831;   37,566;27736,209;50,89154
 682,21;14332,704;   67,966;27797,543;51,44232
 682,78;14203,678;   20,566;27459,576;51,68959
 683,36;14419,451;   46,966;27565,510;52,22836
 683,93;14551,424;   30,466;27450,645;52,95720
 684,51;14560,998;   26,166;27477,277;52,94806
 685,08;14759,871;   38,966;27733,711;53,15415
 685,66;14796,544;   53,066;27694,045;53,33920
 686,24;14866,718;   33,766;27796,578;53,42741
 686,81;14974,891;   57,666;27899,910;53,57767
 687,39;14964,864;   38,866;27807,844;53,75062
 687,96;15063,037;   54,166;27850,479;53,99591
 688,54;15203,811;   30,866;27984,811;54,27837
 689,11;15200,584;   26,966;28043,545;54,15942
 689,69;15252,657;   29,666;28019,279;54,38800
 690,26;15454,530;   59,466;28289,313;54,53471
 690,84;15530,104;   50,066;28239,846;54,91365
 691,41;15595,977;   35,966;28403,879;54,85074
 691,98;15723,649;   31,466;28427,912;55,26108
 692,56;15866,723;   32,866;28437,445;55,74403
 693,13;16198,597;   64,866;28655,080;56,43095
 693,71;16284,470;   24,466;28657,912;56,78675
 694,28;16437,943;   41,966;28715,945;57,18068
 694,86;16573,717;   47,266;28928,879;57,22136
 695,43;16827,389;   61,366;29100,912;57,73514
 696,01;17107,363;   36,266;29145,547;58,64486
 696,58;17253,336;   42,167;29083,879;59,26362
 697,16;17391,408;   38,067;29126,414;59,65737
 697,73;17715,582;   63,467;29338,246;60,29803
 698,30;17739,156;   51,867;29223,980;60,63081
 698,88;17828,229;   40,467;29558,613;60,26043
 699,45;17915,002;   35,367;29765,848;60,13907
 700,03;18080,375;   56,067;29750,980;60,69830
 700,60;18131,449;   56,267;29850,613;60,66648
 701,18;18174,521;   61,867;29963,947;60,57323
 701,75;18456,395;   74,367;30094,682;61,23196
 702,32;18409,369;   50,367;29901,914;61,50101
 702,90;18579,941;   52,467;30254,148;61,34584
 703,47;18569,615;   51,367;30428,881;60,96038
 704,05;18683,088;   67,767;30546,715;61,07600
 704,62;18649,162;   39,867;30587,848;60,91825
 705,19;18701,135;   43,667;30586,982;61,08527
 705,77;18704,607;   29,967;30618,314;61,05149
 706,34;18722,080;   61,667;30627,049;61,05081
 706,91;18918,754;   46,367;30673,883;61,61906
 707,49;18932,928;   57,267;30976,316;61,04865
 708,06;19000,801;   66,367;31089,049;61,03416
 708,64;19070,174;   25,767;31093,582;61,29947
 709,21;19220,047;   58,167;31179,316;61,57189
 709,78;19238,121;   41,367;31281,150;61,44970
 710,36;19434,193;   61,667;31419,684;61,77854
 710,93;19592,666;   50,567;31562,416;62,01508
 711,50;19617,340;   44,467;31506,049;62,21198
 712,08;19831,814;   76,567;31925,383;62,02820
 712,65;19846,486;   73,667;31775,916;62,37040
 713,22;19937,359;   69,067;31900,250;62,41770
 713,80;20090,334;   84,167;31966,883;62,74926
 714,37;19878,307;   55,767;31827,018;62,39144
 714,94;19997,279;   53,967;31727,551;62,96513
 715,52;20123,453;   47,867;31732,984;63,35967
 716,09;20261,127;   65,467;31891,918;63,45558
 716,66;20182,900;   73,467;31935,051;63,11498
 717,23;20197,672;   66,867;31908,484;63,22168
 717,81;20199,246;   50,168;31812,018;63,43799
 718,38;20001,119;   47,468;31671,252;63,09698
 718,95;20038,992;   59,068;31618,984;63,30791
 719,53;20018,566;   56,568;31661,418;63,16119
 720,10;19965,939;   59,968;31481,252;63,35187
 720,67;19701,813;   35,768;31355,984;62,79026
 721,24;19708,586;   59,468;31256,020;62,98490
 721,82;19645,158;   49,968;31236,053;62,83312
 722,39;19587,031;   64,068;31235,885;62,63017
 722,96;19591,805;   64,968;31261,420;62,59313
 723,53;19616,279;   88,268;31151,953;62,86444
 724,11;19773,551;   61,568;31207,486;63,28914
 724,68;19691,225;   71,568;31242,020;62,94313
 725,25;19677,898;   72,768;31399,953;62,58185
 725,82;19939,771;   96,068;31564,387;63,05931
 726,40;19853,945;   62,668;31714,820;62,52743
 726,97;19926,918;   62,168;31875,354;62,44188
 727,54;20054,891;   46,968;31801,486;63,00811
 728,11;20215,965;   49,568;32045,820;63,02737
 728,69;20266,137;   39,568;31938,953;63,40739
 729,26;20335,811;   53,568;32105,088;63,28013
 729,83;20602,484;   53,268;32264,621;63,79495
 730,40;20524,457;   66,768;32291,754;63,48393
 730,97;20734,631;   44,268;32590,588;63,57205
 731,55;20811,404;   41,468;32755,820;63,48876
 732,12;20911,078;   86,268;32841,656;63,57675
 732,69;20897,451;   66,968;32889,988;63,46303
 733,26;20884,324;   55,168;32930,520;63,35797
 733,83;21058,396;   41,168;32979,055;63,80867
 734,41;21248,871;   65,468;32991,590;64,33616
 734,98;21138,943;   51,368;33155,621;63,70050
 735,55;21285,416;   43,168;33183,656;64,09757
 736,12;21395,789;   65,968;33377,289;64,03175
 736,69;21321,863;   76,968;33377,922;63,79666
 737,26;21317,637;   57,468;33552,254;63,47307
 737,84;21432,510;   70,768;33487,188;63,92588
 738,41;21418,982;   63,168;33492,422;63,88361
 738,98;21445,355;   63,569;33375,055;64,18743
 739,55;21356,930;   49,669;33377,789;63,93178
 740,12;21280,104;   62,969;33678,023;63,11795
 740,69;21170,676;   70,569;33575,656;62,97583
 741,26;21099,549;   56,269;33557,391;62,81366
 741,83;21200,322;   53,869;33719,523;62,81314
 742,41;21193,596;   56,169;33833,055;62,57956
 742,98;21337,068;   91,469;33874,590;62,88821
 743,55;21373,441;   53,569;33836,824;63,10781
 744,12;21381,416;   50,469;33859,855;63,09179
 744,69;21265,588;   59,569;33848,492;62,76027
 745,26;21209,461;   42,169;33677,723;62,93130
 745,83;21330,836;   58,769;33854,355;62,94333
 746,40;21394,508;   57,969;33844,789;63,15048
 746,97;21335,881;   44,769;33828,125;63,02249
 747,55;21399,555;   62,269;33966,957;62,93314
 748,12;21420,428;   57,869;33910,191;63,10515
 748,69;21505,602;   68,769;33877,625;63,40597
 749,26;21526,475;   65,069;33958,559;63,32014
 749,83;21506,648;   42,569;33911,992;63,37303
 750,40;21715,820;   89,669;34158,824;63,47722
 750,97;21627,295;   96,269;34144,160;63,23747
 751,54;21524,168;   40,569;33980,793;63,29834
 752,11;21563,541;   52,969;33874,727;63,59981
 752,68;21569,314;   87,869;33912,859;63,50762
 753,25;21512,988;   60,269;33774,594;63,63087
 753,82;21505,561;   65,069;33810,527;63,53593
 754,39;21575,635;   75,169;33727,160;63,89062
 754,96;21472,807;   60,069;33616,395;63,81133
 755,53;21438,281;   29,469;33796,527;63,40147
 756,10;21444,754;   64,169;33720,961;63,52532
 756,67;21391,326;   73,369;33813,395;63,18299
 757,24;21292,301;   72,769;33740,426;63,02646
 757,81;21143,273;   16,469;33677,762;62,76290
 758,38;21177,947;   54,569;33822,695;62,55419
 758,95;21098,920;   79,469;33743,426;62,43904
 759,52;20900,492;   57,469;33615,859;62,10972
 760,09;20968,666;   68,570;33306,992;62,87933
 760,66;20920,939;   59,570;33309,727;62,74067
 761,23;20764,014;   91,070;33353,961;62,15017
 761,80;20710,686;   56,270;33295,793;62,13812
 762,37;20810,059;   68,970;33167,727;62,66425
 762,94;20784,533;   70,970;33187,461;62,54758
 763,51;20732,006;   36,070;32949,793;62,87935
 764,08;20736,979;   66,270;32998,527;62,76736
 764,65;20808,652;   69,570;32798,961;63,36532
 765,22;20712,826;   54,670;32804,496;63,07867
 765,79;20567,299;   77,370;32691,928;62,82449
 766,36;20564,572;   73,170;32743,063;62,72259
 766,93;20627,945;   68,970;32551,295;63,29281
 767,50;20784,318;   89,470;32828,328;63,21188
 768,07;20735,092;   63,870;32699,262;63,33989
 768,64;20535,166;   86,470;32572,596;62,94594
 769,21;20492,838;   57,970;32359,729;63,26240
 769,78;20394,012;   78,770;32244,963;63,15712
 770,34;20250,984;   45,570;32031,195;63,17030
 770,91;20250,959;   58,470;31921,430;63,37292
 771,48;20238,832;   62,370;31836,863;63,49893
 772,05;20097,705;   66,470;31610,697;63,50206
 772,62;19908,678;   42,670;31443,029;63,26682
 773,19;19994,252;   59,370;31579,764;63,24439
 773,76;19811,225;   71,070;31506,297;62,79628
 774,33;19632,398;   74,170;31447,330;62,34064
 774,90;19422,971;   52,870;31206,064;62,17693
 775,47;19454,045;   59,970;30957,498;62,76902
 776,03;19305,717;   73,470;30984,330;62,21841
 776,60;19049,391;   55,970;30757,863;61,86400
 777,17;19038,863;   65,470;30698,098;61,93851
 777,74;18858,838;   30,870;30522,031;61,74894
 778,31;19014,410;   68,970;30582,064;62,08954
 778,88;18747,883;   30,470;30366,898;61,69946
 779,45;18630,357;   75,770;30358,131;61,27193
 780,01;18528,930;   58,370;30299,664;61,07728
 780,58;18361,703;   60,570;30177,998;60,76592
 781,15;18311,076;   38,771;29979,432;61,02840
 781,72;18392,650;   66,771;29962,266;61,29980
 782,29;18256,123;   51,771;29667,100;61,46936
 782,86;18124,496;   55,571;29617,732;61,12180
 783,42;18085,670;   56,171;29598,166;61,03007
 783,99;18038,643;   66,671;29482,100;61,09709
 784,56;17980,217;   55,171;29320,232;61,25067
 785,13;17856,490;   40,271;29247,266;60,99984
 785,70;17766,463;   49,071;29060,299;61,07081
 786,26;17765,836;   51,671;28910,732;61,38164
 786,83;17737,709;   84,371;28889,166;61,28611
 787,40;17541,182;   57,171;28783,500;60,86406
 787,97;17478,756;   43,971;28581,133;61,09502
 788,54;17280,328;   70,371;28515,268;60,50279
 789,10;17123,102;   57,971;28344,400;60,32974
 789,67;16961,775;   70,371;28245,334;59,95182
 790,24;16849,348;   51,071;28193,768;59,68965
 790,81;16627,723;   88,271;27914,400;59,43856
 791,37;16482,795;   73,671;27872,135;59,02889
 791,94;16233,568;   70,771;27886,367;58,10696
 792,51;16091,041;   46,271;27539,201;58,35962
 793,08;16025,814;   69,771;27555,234;58,05266
 793,64;15782,788;   71,271;27455,168;57,37502
 794,21;15686,661;   69,671;27250,602;57,45569
 794,78;15509,234;   53,071;27147,035;57,04652
 795,35;15389,308;   73,471;27007,969;56,86327
 795,91;15405,381;   48,071;26789,301;57,42933
 796,48;15291,555;   55,771;26710,734;57,15927
 797,05;15236,628;   57,671;26624,369;57,13528
 797,62;15224,400;   41,971;26600,701;57,16549
 798,18;15152,274;   57,471;26410,736;57,27868
 798,75;15202,547;   56,571;26279,770;57,75793
 799,32;15128,221;   60,771;26209,102;57,62299
 799,88;14980,193;   55,971;26051,535;57,41065
 800,45;14863,467;   33,971;25945,270;57,23177
 801,02;14934,641;   65,271;25880,104;57,60010
 801,58;14828,413;   90,872;25660,436;57,63705
 802,15;14666,387;   72,872;25615,270;57,13448
 802,72;14519,260;   66,172;25404,703;57,03996
 803,28;14458,733;   49,172;25288,938;57,09071
 803,85;14171,007;   41,972;25144,871;56,28448
 804,42;14056,279;   77,772;24948,004;56,20578
 804,98;13942,253;  100,672;24935,537;55,73447
 805,55;13763,227;   56,972;24702,371;55,61385
 806,12;13657,100;   83,572;24611,004;55,34019
 806,68;13504,572;   66,472;24493,738;55,01271
 807,25;13441,646;   74,972;24436,271;54,86848
 807,82;13342,819;   86,872;24407,805;54,50427
 808,38;13343,692;   73,672;24367,037;54,62405
 808,95;13214,766;   62,972;24166,971;54,56270
 809,52;13324,639;   50,272;24162,004;55,05356
 810,08;13340,612;   55,172;23994,938;55,49528
 810,65;13501,186;   77,172;24169,672;55,71864
 811,21;13476,059;   69,972;24123,404;55,73461
 811,78;13596,832;   92,472;24337,539;55,69941
 812,35;13596,605;   64,972;24173,871;56,12713
 812,91;13861,679;   90,072;24239,705;57,02615
 813,48;13866,052;   68,172;24202,738;57,17061
 814,04;13875,325;   64,172;24088,373;57,48850
 814,61;13886,698;   77,572;24176,006;57,30300
 815,18;13905,271;   67,772;23892,539;58,08031
 815,74;13899,645;   69,772;23709,172;58,50348
 816,31;13821,018;   83,372;23614,406;58,38097
 816,87;13635,691;   43,272;23489,641;57,97239
 817,44;13643,265;   76,972;23452,273;58,03687
 818,00;13433,438;   43,272;23159,506;57,92538
 818,57;13303,711;   71,872;23076,340;57,51856
 819,14;13229,685;   82,872;22924,273;57,55694
 819,70;13055,457;   72,672;22792,707;57,14245
 820,27;12934,230;   62,972;22691,941;56,87956
 820,83;12842,104;   70,072;22541,373;56,83708
 821,40;12643,177;   98,072;22431,908;56,17085
 821,96;12628,551;   75,272;22315,541;56,44392
 822,53;12593,323;   70,973;22257,574;56,44105
 823,09;12628,297;   81,073;22073,309;57,05297
 823,66;12537,771;   68,173;21862,541;57,21477
 824,22;12390,043;   77,173;21851,674;56,54720
 824,79;12402,316;   75,473;21561,408;57,37169
 825,35;12454,790;   65,173;21648,041;57,40487
 825,92;12488,463;   75,173;21398,875;58,21358
 826,48;12409,036;   87,673;21501,309;57,53980
 827,05;12445,409;   89,573;21448,242;57,84928
 827,61;12480,083;   75,273;21249,076;58,58565
 828,18;12417,056;   60,873;21191,209;58,47604
 828,74;12400,129;   91,673;21053,543;58,71831
 829,31;12468,702;   83,373;21002,176;59,20668
 829,87;12408,376;   73,073;20733,709;59,70437
 830,44;12406,049;   85,173;20631,443;59,96648
 831,00;12324,322;   91,273;20673,977;59,43364
 831,57;12184,596;  101,573;20631,609;58,85534
 832,13;12049,469;   72,073;20323,344;59,14392
 832,69;11965,842;   58,173;20309,477;58,79952
 833,26;11955,815;   85,473;20322,711;58,65594
 833,82;11800,389;   93,073;20197,744;58,23182
 834,39;11687,662;   78,773;20137,477;57,87457
 834,95;11585,235;   57,173;19959,410;57,92345
 835,52;11475,608;   87,873;19851,744;57,61895
 836,08;11358,382;   95,573;19951,877;56,72158
 836,64;11281,955;   76,273;19800,711;56,81116
 837,21;11133,328;   88,673;19552,443;56,74468
 837,77;11060,001;   91,873;19491,777;56,53702
 838,34;10938,875;   67,473;19470,012;56,03082
 838,90;11043,048;   64,473;19306,045;57,05654
 839,46;10991,021;   83,873;19312,479;56,72355
 840,03;10991,494;   76,173;19300,811;56,77777
 840,59;10883,968;   85,873;19175,645;56,56482
 841,16;10880,141;  105,173;19156,578;56,55734
 841,72;10835,314;   59,373;18965,512;56,99705
 842,28;10867,487;   77,873;18857,246;57,45460
 842,85;10914,761;   95,573;18812,578;57,80405
 843,41;10905,934;  105,374;18740,813;57,95710
 843,97;10863,407;   89,174;18686,846;57,93324
 844,54;10806,880;  104,774;18624,979;57,78611
 845,10;10828,653;   89,174;18523,713;58,25738
 845,67;10792,627;   68,774;18413,445;58,45759
 846,23;10799,000;   78,674;18361,080;58,63739
 846,79;10798,773;   90,474;18265,613;58,91729
 847,36;10607,847;   55,774;18179,047;58,22388
 847,92;10508,720;   84,874;18034,680;58,07219
 848,48;10402,293;   41,874;18039,213;57,56639
 849,04;10223,767;   62,374;17949,447;56,80858
 849,61;10140,840;   56,274;17918,580;56,45725
 850,17;10160,013;   68,174;17819,514;56,85114
 850,73; 9979,187;   71,474;17764,848;55,99674
 851,30; 9837,260;   46,074;17669,881;55,55659
 851,86; 9748,232;   75,874;17597,914;55,20110
 852,42; 9659,706;   51,174;17568,348;54,85207
 852,99; 9672,879;   79,274;17583,082;54,80867
 853,55; 9603,553;   83,174;17542,514;54,52886
 854,11; 9598,726;   70,074;17432,049;54,88230
 854,67; 9606,299;   85,474;17420,881;54,92127
 855,24; 9517,472;   51,874;17213,414;55,15588
 855,80; 9568,346;   76,874;17244,848;55,28592
 856,36; 9468,919;   80,574;17175,881;54,91767
 856,92; 9432,792;   54,474;17027,215;55,25518
 857,49; 9600,465;   81,274;17048,248;56,10423
 858,05; 9570,038;   67,274;16968,482;56,22535
 858,61; 9485,611;   65,774;17003,316;55,61514
 859,17; 9567,085;   77,374;16904,250;56,39615
 859,74; 9611,058;   82,074;16836,883;56,87313
 860,30; 9622,831;   93,074;16663,016;57,51231
 860,86; 9592,904;   72,074;16692,350;57,28443
 861,42; 9519,178;   74,674;16545,883;57,33947
 861,99; 9507,851;   54,674;16506,717;57,45898
 862,55; 9422,124;   66,374;16393,051;57,30345
 863,11; 9413,298;   75,174;16437,283;57,07164
 863,67; 9290,171;   61,274;16290,117;56,86725
 864,23; 9264,244;   80,175;16199,351;56,97605
 864,80; 9157,217;   69,175;16081,384;56,75695
 865,36; 9058,190;   71,875;16120,817;55,99320
 865,92; 8958,964;   96,175;16088,751;55,41815
 866,48; 8848,938;   67,375;15987,384;55,16054
 867,04; 8787,811;   60,675;15891,418;55,12777
 867,60; 8748,584;   99,375;15884,451;54,79359
 868,17; 8630,957;   93,675;15884,685;54,06419
 868,73; 8547,630;   82,775;15672,618;54,29724
 869,29; 8523,403;   59,475;15470,151;54,92250
 869,85; 8491,877;  100,475;15369,685;54,95636
 870,41; 8400,550;   80,575;15293,418;54,69047
 870,97; 8386,923;   92,975;15232,252;54,78431
 871,54; 8355,196;   84,175;15178,686;54,79490
 872,10; 8300,270;   84,275;15055,419;54,87887
 872,66; 8212,743;   66,775;14910,652;54,87763
 873,22; 8233,816;   81,975;14890,586;55,04798
 873,78; 8256,989;   65,275;14742,419;55,81273
 874,34; 8195,763;   95,075;14662,652;55,60765
 874,90; 8189,962;  109,775;14536,053;56,01020
 875,46; 8176,462;   96,375;14412,952;56,43868
 876,03; 8187,663;   86,475;14363,353;56,74341
 876,59; 8058,063;   64,475;14153,253;56,73727
 877,15; 8007,462;  101,475;14166,853;56,20885
 877,71; 8031,962;   78,275;14064,652;56,86739
 878,27; 7917,862;   95,675;13910,553;56,62147
 878,83; 7913,663;  114,275;13971,753;56,28288
 879,39; 7812,362;   91,075;14082,753;55,18486
 879,95; 7794,362;   86,275;13964,253;55,54186
 880,51; 7664,962;   75,175;13927,253;54,79169
 881,07; 7594,962;   82,375;13978,753;54,06148
 881,63; 7586,962;   92,575;13971,253;53,99929
 882,19; 7516,263;   82,675;13921,553;53,71525
 882,75; 7529,663;   86,275;14019,553;53,42166
 883,31; 7529,663;   95,575;14187,853;52,75292
 883,88; 7501,663;   96,375;14174,353;52,60193
 884,44; 7410,263;   76,175;14175,753;52,01636
 885,00; 7442,563;  106,075;14266,952;51,80814
 885,56; 7414,163;  101,675;14299,452;51,50445
 886,12; 7436,263;  109,875;14421,152;51,19311
 886,68; 7341,563;   90,775;14436,753;50,54230
 887,24; 7501,962;  102,475;14574,952;51,12800
 887,80; 7452,163;   86,975;14671,753;50,49914
 888,36; 7668,462;  106,275;14715,652;51,76256
 888,92; 7698,663;   98,975;14773,353;51,78882
 889,48; 7832,163;   99,575;14973,853;51,98631
 890,04; 7863,862;   95,275;14803,053;52,81959
 890,60; 7982,163;  117,475;15014,652;52,79314
 891,16; 7995,763;   99,875;15075,853;52,72369
 891,72; 8039,763;  113,275;15058,452;53,03709
 892,28; 8085,462;  112,475;15126,053;53,10518
 892,84; 8038,263;   93,775;15039,853;53,15433
 893,39; 8103,962;  117,575;15112,952;53,25900
 893,95; 8050,563;  112,975;15044,753;53,15902
 894,51; 7956,663;   66,375;14891,253;53,22329
 895,07; 7941,462;  127,375;14906,353;52,87299
 895,63; 7760,663;   74,275;14689,952;52,59002
 896,19; 7668,163;   90,375;14601,952;52,21891
 896,75; 7564,563;  105,175;14460,152;51,96377
 897,31; 7415,663;   82,775;14295,853;51,59254
 897,87; 7255,862;   98,175;14146,853;50,94919
 898,43; 7091,763;   87,775;14075,753;50,07148
 898,99; 6985,962;  109,175;14002,753;49,49616
 899,55; 6870,962;  109,475;13940,652;48,88584
 900,11; 6687,063;  104,975;13747,553;48,24666
 900,67; 6564,862;   91,375;13658,652;47,71397
 901,22; 6472,862;  108,375;13601,952;47,16679
 901,78; 6385,962;   91,275;13560,053;46,73540
 902,34; 6333,362;  103,075;13451,152;46,67554
 902,90; 6254,462;   73,575;13350,652;46,55307
 903,46; 6184,962;   95,775;13236,353;46,33881
 904,02; 6221,063;   88,075;13091,553;47,16421
 904,58; 6121,862;   67,075;12918,152;47,11502
 905,14; 6118,063;   63,975;12874,553;47,25850
 905,70; 6149,163;   66,775;12696,053;48,16101
 906,25; 6194,063;   84,375;12708,452;48,39710
 906,81; 6151,962;   87,675;12732,152;47,95997
 907,37; 6190,063;   79,275;12616,152;48,74250
 907,93; 6113,462;   74,775;12588,152;48,25785
 908,49; 6042,862;  101,875;12497,652;47,92751
 909,05; 6088,663;   89,675;12425,553;48,63041
 909,60; 6046,563;   86,575;12340,452;48,63757
 910,16; 6030,663;   67,675;12291,853;48,78028
 910,72; 5978,163;  100,475;12207,753;48,54673
 911,28; 5892,663;   90,875;12156,053;48,08705
 911,84; 5811,063;   79,575;12106,753;47,65447
 912,39; 5719,063;   73,475;12049,353;47,14133
 912,95; 5661,063;  104,475;12001,452;46,70588
 913,51; 5565,462;   85,375;11945,253;46,20695
 914,07; 5425,462;   83,775;11813,452;45,53994
 914,63; 5318,663;   64,775;11748,053;44,96929
 915,18; 5206,763;   77,475;11617,853;44,44645
 915,74; 5059,563;   63,975;11632,652;43,18201
 916,30; 4889,263;   61,475;11588,553;41,88215
 916,86; 4832,362;   83,575;11514,652;41,54278
 917,42; 4708,063;   82,275;11425,152;40,78143
 917,97; 4588,263;   75,375;11265,452;40,32937
 918,53; 4570,962;   67,775;11196,253;40,46544
 919,09; 4448,462;   88,975;11223,753;39,15199
 919,65; 4390,263;   83,375;11083,452;39,15325
 920,20; 4347,763;   61,875;10983,053;39,24382
 920,76; 4314,063;   65,475;10849,452;39,39722
 921,32; 4305,962;   82,675;10770,952;39,51327
 921,87; 4294,862;   97,475;10670,253;39,69995
 922,43; 4217,163;   64,675;10561,353;39,56002
 922,99; 4206,263;   61,875;10406,753;40,06222
 923,55; 4211,263;   63,775;10357,353;40,29199
 924,10; 4236,163;   73,575;10282,853;40,77260
 924,66; 4207,462;   78,675;10170,152;40,91361
 925,22; 4152,962;   43,275;10093,952;40,88966
 925,77; 4091,163;   66,075; 9927,053;40,81834
 926,33; 4153,362;   90,375; 9903,253;41,40465
 926,89; 4045,762;   71,975; 9692,753;41,30422
 927,44; 4032,262;   52,175; 9580,553;41,77088
 928,00; 3913,262;   66,875; 9533,753;40,62995
 928,56; 3817,762;   80,375; 9372,253;40,22209
 929,12; 3750,962;   72,775; 9275,152;39,96997
 929,67; 3604,063;   67,575; 9091,053;39,19207
 930,23; 3486,363;   50,975; 8915,253;38,75541
 930,78; 3442,962;  100,675; 8842,553;38,23306
 931,34; 3271,163;   61,975; 8632,152;37,44599
 931,90; 3145,163;   61,675; 8494,353;36,56594
 932,45; 2976,563;   78,775; 8290,753;35,28733
 933,01; 2855,363;   52,975; 8024,453;35,15518
 933,57; 2722,863;   72,175; 7753,252;34,50932
 934,12; 2570,262;   70,475; 7399,553;34,10780
 934,68; 2397,663;   59,075; 7020,252;33,59471
 935,24; 2237,663;   67,875; 6614,752;33,14233
 935,79; 2097,563;   72,975; 6254,853;32,75037
 936,35; 1951,363;   91,375; 5812,252;32,51228
 936,90; 1800,762;   80,275; 5348,752;32,65626
 937,46; 1663,863;   72,775; 4956,953;32,57637
 938,02; 1526,363;   63,375; 4549,152;32,61391
 938,57; 1473,863;   73,175; 4265,053;33,41432
 939,13; 1376,563;   70,575; 3986,752;33,34853
 939,68; 1271,662;   57,375; 3713,452;33,21285
 940,24; 1243,662;   68,775; 3504,052;34,20066
 940,79; 1230,363;   91,875; 3391,052;34,50822
 941,35; 1200,063;   79,675; 3217,552;35,70527
 941,91; 1136,162;   71,375; 3122,252;34,90102
 942,46; 1124,762;   75,075; 3063,552;35,12449
 943,02; 1145,762;   65,375; 3050,752;36,18931
 943,57; 1104,463;   61,275; 2982,452;35,71120
 944,13; 1117,563;   67,375; 2974,452;36,12520
 944,68; 1122,162;   65,975; 3041,752;35,49282
 945,24; 1135,563;   82,275; 3060,052;35,37160
 945,79; 1113,063;   68,775; 3104,052;34,40501
 946,35; 1121,262;   51,775; 3194,752;34,02784
 946,90; 1162,463;   98,575; 3283,552;33,40330
 947,46; 1124,363;   52,175; 3311,052;32,90052
 948,01; 1103,262;   51,575; 3390,052;31,50201
 948,57; 1163,863;   86,775; 3552,952;31,07422
 949,12; 1139,863;   65,875; 3613,353;30,27468
 949,68; 1155,863;   76,275; 3732,653;29,52615
 950,23; 1149,762;   70,075; 3833,252;28,69085
 950,79; 1108,063;   75,775; 3933,452;26,75930
 951,34; 1145,463;   83,275; 4070,952;26,63675
 951,90; 1116,262;   57,475; 4140,853;25,92921
 952,45; 1141,162;   81,075; 4292,152;25,17378
 953,01; 1128,563;   65,975; 4364,252;24,72124
 953,56; 1144,963;   87,975; 4500,853;23,95234
 954,12; 1111,463;   42,075; 4567,553;23,63038
 954,67; 1146,762;   70,875; 4720,453;23,13947
 955,23; 1181,063;   61,975; 4804,553;23,59661
 955,78; 1217,262;   67,175; 4882,953;23,88166
 956,33; 1227,563;   58,575; 4947,252;23,91214
 956,89; 1260,363;   53,475; 5038,553;24,21000
 957,44; 1294,262;   53,675; 5170,752;24,24406
 958,00; 1317,262;   49,475; 5238,353;24,43279
 958,55; 1378,863;   70,475; 5313,953;24,95267
 959,10; 1409,463;   52,375; 5370,252;25,51935
 959,66; 1458,262;   74,275; 5488,752;25,56087
 960,21; 1477,762;   78,475; 5567,453;25,49268
 960,77; 1494,162;   54,275; 5606,152;25,93515
 961,32; 1486,262;   48,375; 5663,453;25,60761
 961,87; 1528,762;   79,775; 5738,752;25,60511
 962,43; 1536,063;   68,975; 5780,652;25,68576
 962,98; 1509,363;   76,175; 5828,652;24,91427
 963,54; 1493,363;   27,075; 5820,652;25,30885
 964,09; 1486,863;   56,275; 5873,953;24,59035
 964,64; 1497,063;   64,975; 5901,053;24,53853
 965,20; 1410,063;   44,375; 5966,652;23,06017
 965,75; 1417,662;   66,575; 5976,353;22,86190
 966,30; 1369,662;   75,275; 6068,553;21,59732
 966,86; 1337,563;   62,975; 6121,953;21,03635
 967,41; 1323,863;   81,075; 6084,453;20,70147
 967,96; 1275,963;   75,175; 6108,953;19,90109
 968,52; 1257,563;   81,775; 6126,353;19,45194
 969,07; 1215,863;   72,975; 6120,152;18,89952
 969,62; 1165,162;   77,175; 6134,953;17,96018
 970,18; 1127,262;   57,575; 6147,652;17,56443
 970,73; 1113,063;   66,475; 6203,553;17,05352
 971,28; 1095,563;   95,775; 6197,053;16,38653
 971,84; 1066,363;   55,075; 6118,752;16,67779
 972,39; 1102,662;   95,875; 6148,652;16,63348
 972,94; 1082,063;   54,975; 6140,652;16,87713
 973,49; 1062,363;   64,575; 6141,252;16,41995
 974,05; 1073,762;   64,375; 6178,053;16,51031
 974,60; 1133,262;   88,575; 6213,252;17,05702
 975,15; 1125,463;   77,675; 6231,553;17,02646
 975,71; 1152,363;   62,375; 6121,453;17,98933
 976,26; 1158,762;   77,575; 6110,252;17,92218
 976,81; 1194,662;   90,675; 6134,152;18,26742
 977,36; 1231,463;   84,775; 6156,953;18,88429
 977,92; 1255,363;   90,175; 6209,353;19,04157
 978,47; 1237,363;   77,175; 6060,252;19,39115
 979,02; 1274,662;   95,475; 6085,652;19,68535
 979,57; 1238,762;   86,775; 6058,453;19,29085
 980,13; 1250,063;   76,175; 6038,752;19,68758
 980,68; 1242,762;   77,075; 6010,553;19,64594
 981,23; 1218,363;   89,175; 6054,652;18,92870
 981,78; 1213,762;   82,075; 5974,152;19,20693
 982,33; 1190,863;   79,275; 5893,252;19,11923
 982,89; 1164,363;   94,375; 5938,152;18,30986
 983,44; 1114,762;   65,675; 5935,853;17,87148
 983,99; 1113,063;  104,775; 5949,453;17,25138
 984,54; 1063,963;   81,475; 5900,053;16,88536
 985,09; 1021,662;   87,275; 5873,752;16,14778
 985,65;  975,563;   69,375; 5811,853;15,78043
 986,20;  945,862;  106,575; 5791,152;14,76429
 986,75;  917,162;   95,875; 5823,953;14,33793
 987,30;  872,463;   97,175; 5726,053;13,77339
 987,85;  834,162;   92,475; 5721,353;13,17647
 988,40;  801,463;   96,675; 5693,953;12,59161
 988,96;  787,362;  114,875; 5666,553;12,11323
 989,51;  759,463;  108,875; 5644,053;11,75369
 990,06;  757,362;  128,275; 5680,853;11,32965
 990,61;  704,862;   93,575; 5569,053;11,16409
 991,16;  730,763;  104,375; 5558,053;11,48560
 991,71;  677,162;   79,875; 5505,853;11,00792
 992,26;  698,063;   93,475; 5457,252;11,27167
 992,81;  672,063;   75,075; 5427,053;11,15452
 993,37;  706,763;  113,475; 5390,553;11,24273
 993,92;  716,263;  108,375; 5368,953;11,55553
 994,47;  730,263;  117,475; 5329,652;11,75684
 995,02;  734,763;  118,475; 5313,252;11,86360
 995,57;  731,963;   90,875; 5274,652;12,36719
 996,12;  771,162;  133,575; 5247,553;12,46755
 996,67;  776,162;  132,375; 5191,652;12,72489
 997,22;  748,063;   99,875; 5128,652;12,88956
 997,77;  776,063;  115,275; 5110,553;13,22824
 998,32;  760,862;  103,775; 5015,652;13,37752
 998,87;  765,463;  114,275; 5018,752;13,27741
 999,42;  742,263;  101,675; 4972,553;13,15138
 999,97;  743,662;  109,975; 4956,353;13,07549
1000,53;  747,463;  123,475; 4993,752;12,81216
1001,08;  714,862;   98,375; 4879,053;12,89540
1001,63;  729,662;  144,475; 4878,053;12,36248
1002,18;  645,662;   85,075; 4777,453;11,94677
1002,73;  686,463;  131,375; 4813,853;11,85457
1003,28;  652,862;  103,575; 4811,953;11,66617
1003,83;  623,563;  119,075; 4691,752;11,03265
1004,38;  627,563;  137,775; 4703,152;10,72830
1004,93;  574,063;  114,375; 4680,953;10,06635
1005,48;  552,963;  104,075; 4573,053;10,04452
1006,03;  513,763;  112,775; 4525,652; 9,08676
1006,58;  510,362;  111,475; 4486,553; 9,11727
1007,13;  470,362;   94,475; 4466,252; 8,59805
1007,68;  474,063;  104,975; 4462,453; 8,47021
1008,23;  463,663;  114,575; 4425,853; 8,09708
1008,78;  446,763;  107,375; 4384,152; 7,93559
1009,33;  449,063;  121,875; 4307,752; 7,81646
1009,88;  413,263;   84,775; 4329,553; 7,73863
1010,43;  437,862;  118,875; 4320,752; 7,59155
1010,98;  419,362;  100,675; 4310,053; 7,57089
1011,52;  424,962;   97,075; 4264,953; 7,86701
1012,07;  482,163;  144,475; 4319,252; 8,08875
1012,62;  437,362;  103,875; 4259,152; 8,02564
1013,17;  451,163;   97,175; 4172,053; 8,68707
1013,72;  445,163;   94,575; 4143,453; 8,65888
1014,27;  447,362;  100,275; 4105,853; 8,66510
1014,82;  455,362;   86,875; 4042,952; 9,31447
1015,37;  430,163;   84,375; 3964,853; 8,91095
1015,92;  459,263;  109,475; 3894,252; 9,24196
1016,47;  451,862;   90,275; 3819,452; 9,69617
1017,02;  433,362;   81,075; 3732,153; 9,64886
1017,57;  470,763;   96,475; 3718,853;10,33265
1018,11;  443,163;   77,275; 3656,252;10,22324
1018,66;  468,663;  120,175; 3636,552; 9,91041
1019,21;  455,163;  109,675; 3579,552; 9,95676
1019,76;  418,862;   77,675; 3497,353; 9,97718
1020,31;  417,462;   71,975; 3446,452;10,23825
1020,86;  419,763;   96,175; 3448,052; 9,65392
1021,41;  399,563;   80,175; 3387,052; 9,65828
1021,96;  400,962;   83,675; 3385,853; 9,60843
1022,50;  417,063;  105,975; 3332,952; 9,64021
1023,05;  384,063;   94,675; 3288,052; 9,06211
1023,60;  373,663;   97,975; 3251,353; 8,74261
1024,15;  338,462;   81,075; 3184,853; 8,29272
1024,70;  363,163;   95,075; 3176,252; 8,70081
1025,25;  330,163;   81,175; 3127,452; 8,17350
1025,79;  352,962;  101,175; 3110,752; 8,36621
1026,34;  320,563;   83,475; 3044,653; 8,00653
1026,89;  320,563;  102,175; 3039,052; 7,43604
1027,44;  301,563;   95,875; 2952,952; 7,19923
1027,99;  310,462;   93,475; 2944,552; 7,61072
1028,53;  274,862;   89,675; 2900,052; 6,58942
1029,08;  287,563;  114,775; 2876,653; 6,25616
1029,63;  285,663;  114,875; 2854,952; 6,23294
1030,18;  280,862;   92,075; 2788,552; 7,00126
1030,73;  264,462;   91,175; 2739,552; 6,54316
1031,27;  266,362;   85,875; 2715,252; 6,86427
1031,82;  269,263;   81,875; 2686,452; 7,19455
1032,37;  279,163;   98,875; 2688,853; 6,96097
1032,92;  293,563;  100,575; 2675,452; 7,49502
1033,46;  279,063;   99,775; 2599,252; 7,17300
1034,01;  271,263;   78,375; 2582,952; 7,70140
1034,56;  300,462;   98,875; 2559,252; 8,19336
1035,11;  288,263;   92,375; 2523,552; 8,05731
1035,65;  285,263;   87,575; 2478,052; 8,26979
1036,20;  282,563;   99,375; 2454,452; 7,77841
1036,75;  314,862;  118,675; 2446,353; 8,42846
1037,29;  288,063;   90,275; 2398,252; 8,56973
1037,84;  280,462;   78,375; 2347,252; 8,90694
1038,39;  281,362;   91,075; 2329,952; 8,49924
1038,94;  259,163;   73,075; 2277,153; 8,44287
1039,48;  272,362;   83,575; 2278,552; 8,60089
1040,03;  297,462;  102,875; 2245,252; 9,08278
1040,58;  269,663;  101,175; 2194,552; 8,04860
1041,12;  258,962;   91,375; 2191,653; 7,97930
1041,67;  266,163;  101,075; 2166,752; 7,99193
1042,22;  281,962;  118,475; 2145,252; 8,06638
1042,76;  254,663;   99,275; 2118,452; 7,69558
1043,31;  268,462;   90,675; 2060,653; 9,02485
1043,86;  266,563;   98,875; 2044,252; 8,61979
1044,40;  253,863;   92,975; 2018,052; 8,35746
1044,95;  245,762;   94,175; 1988,552; 8,00197
1045,50;  213,163;   75,375; 1934,353; 7,41200
1046,04;  251,863;  114,375; 1930,453; 7,57057
1046,59;  227,262;   96,175; 1878,353; 7,35547
1047,13;  240,163;  121,075; 1879,453; 6,77258
1047,68;  221,962;  115,675; 1860,052; 6,09315
1048,23;  235,863;  118,775; 1866,752; 6,69846
1048,77;  209,962;   90,175; 1784,953; 7,06804
1049,32;  216,563;  104,175; 1785,953; 6,68266
1049,86;  219,663;   92,675; 1760,552; 7,61372
1050,41;  195,262;   82,475; 1735,552; 6,82288
1050,96;  205,462;  100,875; 1698,652; 6,54581
1051,50;  212,063;  101,675; 1663,252; 7,06897
1052,05;  215,063;   94,675; 1664,052; 7,67104
1052,59;  200,462;   82,975; 1624,152; 7,62323
1053,14;  199,363;   84,475; 1582,652; 7,66848
1053,69;  201,863;   98,475; 1571,453; 7,01895
1054,23;  220,262;  104,575; 1569,052; 7,89958
1054,78;  211,663;  100,775; 1550,152; 7,65070
1055,32;  230,063;  123,075; 1550,453; 7,49539
1055,87;  182,762;   68,875; 1491,752; 8,00403
1056,41;  193,762;   78,775; 1469,552; 8,26786
1056,96;  201,462;   96,775; 1451,052; 7,73014
1057,50;  230,962;  113,375; 1470,853; 8,66221
1058,05;  181,163;   82,075; 1401,953; 7,50733
1058,59;  206,063;   95,875; 1396,552; 8,47155
1059,14;  211,163;  103,575; 1370,453; 8,49234
1059,68;  180,462;   75,975; 1329,353; 8,33647
1060,23;  230,163;  126,875; 1383,752; 8,21779
1060,77;  215,563;   97,375; 1317,052; 9,69006
1061,32;  224,163;  108,575; 1320,652; 9,53631
1061,86;  202,762;  111,175; 1289,752; 7,77102
1062,41;  203,462;   93,975; 1242,953; 9,52912
1062,95;  196,663;  109,575; 1230,853; 7,76681
1063,50;  204,762;  111,075; 1230,052; 8,37260
1064,04;  185,163;   90,475; 1197,453; 8,55370
1064,59;  206,762;  114,775; 1210,052; 8,39856
1065,13;  185,863;  103,475; 1170,552; 7,72085
1065,68;  186,762;  107,275; 1161,353; 7,54095
1066,22;  199,563;  115,875; 1166,453; 7,96586
1066,76;  209,262;  130,175; 1145,252; 7,79128
1067,31;  173,962;   99,875; 1110,552; 7,33048
1067,85;  173,462;  100,975; 1090,252; 7,32732
1068,40;  185,462;  110,275; 1095,353; 7,63265
1068,94;  175,962;   99,175; 1079,353; 7,83404
1069,49;  171,762;   98,175; 1041,652; 7,79960
1070,03;  182,762;  111,175; 1034,353; 7,75447
1070,57;  155,163;   88,775; 1012,852; 7,18419
1071,12;  136,962;   75,875;  987,153; 6,70350
1071,66;  205,863;  131,775; 1039,953; 8,15782
1072,21;  179,663;  112,475; 1011,352; 7,47460
1072,75;  169,962;  104,475;  978,552; 7,49218
1073,29;  145,063;   77,075;  942,453; 7,85640
1073,84;  160,163;   95,975;  941,153; 7,59456
1074,38;  149,262;   93,875;  928,253; 6,63818
1074,92;  169,063;  107,275;  940,153; 7,41856
1075,47;  171,563;  112,775;  938,852; 7,11646
1076,01;  197,462;  121,775;  926,253; 9,40828
1076,56;  170,863;   97,275;  891,953; 9,26005
1077,10;  141,063;   86,075;  865,253; 7,05712
1077,64;  156,363;   97,875;  884,453; 7,43569
1078,19;  185,563;  123,175;  887,753; 8,15973
1078,73;  165,163;   98,775;  853,852; 8,79214
1079,27;  185,363;  121,075;  875,552; 8,52080
1079,81;  177,262;  121,375;  860,953; 7,55668
1080,36;  179,962;  105,975;  836,052;10,13420
1080,90;  167,563;   96,375;  819,753; 9,84099
1081,44;  146,063;   82,475;  789,552; 8,99300
1081,99;  141,063;   70,375;  771,753;10,07838
1082,53;  174,563;  113,075;  798,653; 8,96872
1083,07;  164,363;  104,175;  791,453; 8,75738
1083,62;  170,462;  101,275;  772,552;10,30684
1084,16;  164,863;   98,975;  782,453; 9,64004
1084,70;  172,163;  107,475;  767,153; 9,80593
1085,24;  167,563;  108,775;  750,653; 9,15868
1085,79;  159,863;  109,175;  747,552; 7,94005
1086,33;  140,063;   99,075;  711,453; 6,69318
1086,87;  153,363;  102,075;  714,852; 8,36968
1087,41;  150,762;   84,475;  686,852;11,00431
1087,96;  178,163;  124,575;  732,552; 8,81406
1088,50;  146,563;  112,075;  696,953; 5,89653
1089,04;  167,863;  121,775;  715,153; 7,76698
1089,58;  133,063;   82,375;  655,953; 8,83708
1090,13;  146,863;  102,975;  653,153; 7,97697
1090,67;  156,863;  101,775;  678,753; 9,54760
1091,21;  126,363;   92,075;  651,852; 6,12520
1091,75;  143,063;  106,875;  647,153; 6,69795
1092,29;  157,363;  105,875;  642,552; 9,59375
1092,84;  152,563;  105,975;  628,352; 8,91836
1093,38;  174,762;  128,175;  662,753; 8,71483
1093,92;  163,462;  113,475;  640,052; 9,49290
1094,46;  171,563;  128,175;  638,852; 8,49607
1095,00;  130,863;   93,975;  602,052; 7,26021
1095,54;  133,163;   89,975;  591,352; 8,61377
1096,09;  148,462;  114,975;  597,352; 6,94218
1096,63;  160,563;  117,175;  598,453; 9,01507
1097,17;  145,863;  102,575;  573,052; 9,20076
1097,71;  169,163;  122,875;  582,453;10,07175
1098,25;  128,262;  103,275;  553,653; 5,54812
1098,79;  152,163;  104,775;  568,753;10,21332
1099,33;  150,462;  111,975;  572,052; 8,36544
1099,88;  146,863;  110,775;  562,253; 7,99320
1100,42;  128,363;   83,275;  521,253;10,29448

