0124 ELITRO
Integration time [ms]:   8,000
Averaging Nr. [scans]: 10
Smoothing Nr. [pixels]: 0
Data measured with spectrometer [name]: 7314920SP
Wave   ;Sample   ;Dark     ;Reference;Reflectance
[nm]   ;[counts] ;[counts] ;[counts] ;[%]

 199,42;  101,792;   63,873;  150,055;43,99937
 200,02;  115,822;   92,669;  145,732;43,63263
 200,62;   74,571;   67,563;   88,793;33,01134
 201,22;  110,198;   86,969;  138,011;45,51084
 201,82;   85,623;   66,174;  141,790;25,72042
 202,42;  120,596;  101,668;  154,973;35,50854
 203,03;   68,468;   60,168;   91,775;26,26009
 203,63;   82,165;   69,967;  109,037;31,22142
 204,23;   91,783;   70,671;  129,903;35,64238
 204,83;   88,914;   74,567;  123,718;29,18996
 205,43;   88,992;   56,673;  123,555;48,32324
 206,03;   69,289;   50,167;   90,459;47,45807
 206,63;   67,979;   68,865;  100,007;-2,84485
 207,24;  113,128;   74,675;  162,566;43,75043
 207,84;   48,563;   39,967;   83,699;19,65647
 208,44;   71,298;   50,669;   95,011;46,52394
 209,04;   53,204;   47,365;   85,066;15,48884
 209,64;  100,339;   69,972;  127,998;52,33300
 210,24;   65,014;   45,367;   97,218;37,89154
 210,84;   77,124;   51,469;  101,970;50,80089
 211,44;   92,426;   86,470;  122,908;16,34777
 212,05;   72,704;   60,865;   99,266;30,83089
 212,65;   83,368;   66,368;  112,975;36,47516
 213,25;   97,896;   93,768;  142,073; 8,54488
 213,85;   88,307;   84,465;  114,904;12,62019
 214,45;   62,914;   53,367;  100,418;20,29114
 215,05;   55,824;   39,369;  100,070;27,10821
 215,65;   70,950;   55,169;  105,630;31,27294
 216,25;   46,614;   40,267;   82,518;15,02259
 216,85;   47,573;   34,069;   89,651;24,29549
 217,45;   70,168;   49,068;   97,375;43,67888
 218,05;   86,903;   58,270;  112,886;52,42616
 218,66;   52,147;   28,769;   75,692;49,82323
 219,26;   43,665;   26,567;   79,337;32,40138
 219,86;   56,731;   36,771;   81,584;44,54201
 220,46;   73,578;   54,270;  104,127;38,72634
 221,06;   73,783;   51,871;  115,903;34,21992
 221,66;   67,259;   43,471;  103,481;39,64025
 222,26;   51,839;   39,772;  102,398;19,26770
 222,86;   86,645;   67,268;  118,954;37,48940
 223,46;   69,014;   51,767;   88,918;46,42438
 224,06;   72,357;   64,971;  120,343;13,33909
 224,66;   74,755;   57,570;  105,805;35,62602
 225,26;   70,101;   48,169;  113,748;33,44268
 225,86;   78,916;   42,173;  112,376;52,33770
 226,46;   76,470;   49,968;  102,913;50,05600
 227,06;   49,055;   27,670;   87,705;35,61958
 227,66;   66,481;   37,665;   74,845;77,50477
 228,27;   48,078;   29,270;   96,227;28,08938
 228,87;  110,829;   89,170;  143,046;40,20134
 229,47;   63,064;   29,172;   92,357;53,63939
 230,07;   27,801;   11,169;   59,648;34,30635
 230,67;   54,773;   38,169;   84,651;35,72113
 231,27;   51,378;   27,670;   76,327;48,72430
 231,87;   48,673;   43,169;  100,751; 9,55846
 232,47;   85,677;   43,775;  132,047;47,46874
 233,07;   57,153;   42,965;   75,547;43,54616
 233,67;   64,468;   53,768;   94,275;26,41525
 234,27;   21,089;    0,567;   53,259;38,94670
 234,87;   61,631;   34,771;  106,084;37,66582
 235,47;   43,001;   16,169;   74,148;46,27774
 236,07;   32,509;   30,266;   72,042; 5,36997
 236,67;   54,212;   49,966;   85,180;12,05581
 237,27;   72,344;   28,873;  109,074;54,20218
 237,87;   53,455;   25,370;   99,805;37,72985
 238,47;   32,622;   14,269;   68,032;34,13655
 239,07;   45,513;   33,272;   95,738;19,59624
 239,67;   75,110;   43,477;  131,421;35,96947
 240,27;   66,616;   46,773;  119,176;27,40602
 240,87;   76,569;   50,773;  119,533;37,51590
 241,47;   52,374;   39,164;   76,131;35,73480
 242,07;   59,319;   39,968;   92,894;36,56246
 242,67;   19,118;  -11,027;   77,914;33,89310
 243,27;   16,914;    7,767;   46,418;23,66607
 243,87;   66,457;   48,671;  108,343;29,80631
 244,47;   68,283;   22,371;   99,703;59,36961
 245,07;   23,724;    2,669;   55,770;39,65077
 245,67;   57,968;   31,068;   85,575;49,35134
 246,27;   52,479;   34,965;   69,007;51,44808
 246,87;   35,345;   26,668;   63,154;23,78090
 247,46;    7,971;   19,663;   23,793;-283,09985
 248,06;   42,603;   20,470;   69,786;44,88017
 248,66;   53,139;   31,072;  105,898;29,49060
 249,26;   51,109;   32,366;   70,742;48,84092
 249,86;   54,016;   42,873;  102,176;18,78966
 250,46;   41,102;   16,775;   93,507;31,70423
 251,06;   34,768;   22,168;   65,375;29,16197
 251,66;   39,206;   20,771;   64,724;41,94222
 252,26;   45,960;   38,866;   70,261;22,59698
 252,86;   44,124;   35,969;   89,070;15,35742
 253,46;    9,314;   -8,033;   22,118;57,53406
 254,06;   48,684;   31,766;   79,483;35,45464
 254,66;   49,492;   34,973;  100,155;22,27526
 255,26;   76,041;   39,073;  118,836;46,34787
 255,86;   39,074;   37,464;   55,631; 8,86316
 256,46;   37,526;   19,870;   70,208;35,07635
 257,05;   46,180;   23,570;   59,565;62,81443
 257,65;   64,631;   38,071;   97,684;44,55506
 258,25;   59,964;   37,372;  101,457;35,25322
 258,85;   40,424;   15,669;   51,770;68,57142
 259,45;   13,873;    6,869;   42,951;19,41115
 260,05;   50,114;   46,667;   85,818; 8,80491
 260,65;   49,060;   45,066;   83,561;10,37625
 261,25;   41,357;   29,371;   85,943;21,18729
 261,85;   17,334;   -0,129;   47,622;36,57047
 262,45;   55,524;   46,169;  109,270;14,82536
 263,04;   69,967;   53,073;  116,295;26,72144
 263,64;   48,591;   33,767;   77,097;34,21166
 264,24;   55,008;   37,671;   89,062;33,73559
 264,84;   96,872;   58,974;  138,671;47,55221
 265,44;   33,842;   26,368;   67,716;18,07739
 266,04;   55,732;   48,865;   71,464;30,38694
 266,64;   41,612;   39,866;   86,780; 3,72025
 267,24;   43,012;   40,166;   68,980; 9,87481
 267,84;   37,996;   24,668;   76,573;25,67719
 268,43;   69,493;   48,368;   95,935;44,41255
 269,03;   59,447;   46,969;   87,892;30,49271
 269,63;   59,835;   58,566;   92,402; 3,75008
 270,23;    8,781;   10,765;   39,045;-7,01573
 270,83;   56,360;   55,266;   83,161; 3,92310
 271,43;   34,117;   23,967;   58,856;29,09013
 272,03;   68,542;   64,168;   99,116;12,51756
 272,62;   45,550;   23,269;   68,730;49,01071
 273,22;   27,329;   11,970;   61,046;31,29605
 273,82;   22,059;   17,460;   26,403;51,42302
 274,42;    8,199;   25,164;   46,890;-78,08062
 275,02;   31,227;   34,864;   60,388;-14,24927
 275,62;   71,864;   31,972;  100,457;58,24933
 276,21;   39,252;   22,770;   69,267;35,44764
 276,81;   50,863;   46,767;   71,099;16,83455
 277,41;   52,885;   22,971;   96,341;40,77125
 278,01;   35,127;   21,364;   42,788;64,24304
 278,61;   68,098;   38,869;   83,811;65,03876
 279,20;   90,016;   65,473;  119,076;45,78600
 279,80;   -3,310;    6,762;   11,539;-210,84482
 280,40;   52,509;   36,866;   79,742;36,48483
 281,00;   20,998;   -4,331;   33,311;67,29113
 281,60;   43,046;   20,774;   74,812;41,21610
 282,20;   60,826;   36,670;   70,108;72,24293
 282,79;   43,593;   29,568;   70,135;34,57415
 283,39;   33,935;   17,466;   44,702;60,46781
 283,99;   29,053;   23,165;   34,347;52,65726
 284,59;   26,575;   16,869;   45,289;34,15206
 285,19;   37,789;   27,067;   57,759;34,93351
 285,78;   37,826;   23,270;   63,808;35,90885
 286,38;   40,579;   39,665;   59,207; 4,67730
 286,98;   51,193;   35,168;   73,535;41,76953
 287,58;   26,583;    4,771;   61,403;38,51480
 288,17;   42,841;    8,973;   80,336;47,45939
 288,77;   64,730;   19,976;   92,504;61,70638
 289,37;   24,624;   11,269;   57,670;28,78160
 289,97;   50,453;   48,965;   66,647; 8,41813
 290,57;   68,436;   46,672;   93,260;46,71702
 291,16;   73,142;   63,868;  102,616;23,93578
 291,76;   29,729;    5,570;   47,346;57,82961
 292,36;   41,865;   34,367;   58,137;31,54485
 292,96;   29,290;   -3,127;   60,117;51,25757
 293,55;   46,263;   24,267;   65,399;53,47659
 294,15;   34,352;   26,870;   62,567;20,96029
 294,75;   58,479;   42,065;   66,207;67,98910
 295,35;   27,842;   21,068;   52,016;21,89038
 295,94;   49,237;   42,967;   66,740;26,37759
 296,54;   43,770;   30,768;   70,613;32,63173
 297,14;   43,759;   29,971;   76,881;29,39271
 297,73;   18,056;   12,165;   40,085;21,09757
 298,33;   30,584;   28,066;   57,583; 8,53034
 298,93;   54,745;   41,968;   82,554;31,48066
 299,53;   50,388;   24,872;   69,079;57,71857
 300,12;   22,559;  -12,229;   59,481;48,51222
 300,72;   59,891;   41,567;   91,197;36,92108
 301,32;   47,331;   25,771;   99,584;29,20983
 301,92;   23,125;    3,664;   33,050;66,22587
 302,51;   35,340;   11,567;   49,978;61,89103
 303,11;   34,289;   14,667;   48,759;57,55549
 303,71;   43,122;   21,369;   82,132;35,79946
 304,30;   22,858;    5,466;   38,423;52,77199
 304,90;   22,084;   19,666;   44,283; 9,82208
 305,50;   43,681;   18,565;   64,345;54,86280
 306,09;   30,109;   15,466;   49,042;43,61214
 306,69;   54,908;   34,171;   90,262;36,97037
 307,29;   20,233;   18,760;   33,144;10,24209
 307,88;   53,875;   43,269;   72,489;36,29714
 308,48;   22,278;    0,070;   49,727;44,72237
 309,08;   -4,580;   -4,437;   11,774;-0,88018
 309,68;   17,356;   22,365;   39,585;-29,09078
 310,27;   28,950;   20,169;   49,830;29,60327
 310,87;   39,470;   23,468;   54,813;51,05167
 311,47;   66,014;   54,967;   92,918;29,10901
 312,06;   40,930;   47,865;   68,426;-33,72904
 312,66;   69,042;   51,168;  100,016;36,59235
 313,26;   67,306;   48,571;   96,224;39,31524
 313,85;   46,589;   38,267;   65,959;30,05123
 314,45;   58,498;   42,969;   86,611;35,58407
 315,04;   59,530;   52,165;   81,826;24,83071
 315,64;   34,091;   21,267;   47,897;48,15625
 316,24;   61,978;   40,770;   85,627;47,27865
 316,83;   57,409;   40,366;   76,742;46,85287
 317,43;   39,417;   35,167;   68,156;12,88066
 318,03;   44,423;   39,063;   70,012;17,31656
 318,62;   82,438;   73,061;   94,820;43,09634
 319,22;   39,396;    7,668;   66,973;53,49966
 319,82;   61,442;   40,768;   93,516;39,19509
 320,41;   93,722;   59,069;   98,732;87,36744
 321,01;   93,081;   80,465;  115,945;35,55840
 321,60;   81,499;   81,164;  102,790; 1,55215
 322,20;   98,792;   67,673;  132,855;47,74256
 322,80;   65,491;   54,567;   91,797;29,34161
 323,39;   68,202;   65,764;   94,828; 8,38700
 323,99;   79,160;   61,766;  102,661;42,53406
 324,59;   70,523;   73,063;   97,512;-10,39229
 325,18;   56,340;   40,967;   92,178;30,01863
 325,78;   82,656;   76,365;  108,885;19,34332
 326,37;  100,468;   74,868;  108,075;77,09166
 326,97;   83,891;   63,267;  111,497;42,76170
 327,57;   47,971;   42,263;   76,493;16,67627
 328,16;   67,374;   60,864;   93,631;19,86795
 328,76;   76,837;   50,467;  110,140;44,19204
 329,35;   89,731;   56,871;  137,484;40,76343
 329,95;   62,526;   27,470;   91,308;54,91503
 330,54;   72,614;   52,167;   94,018;48,85692
 331,14;   47,363;   26,967;   82,599;36,66249
 331,74;   67,481;   54,165;   96,145;31,72010
 332,33;   65,078;   35,370;  108,127;40,83152
 332,93;   55,325;   43,764;   79,250;32,57946
 333,52;   66,635;   42,466;   93,102;47,73083
 334,12;  101,947;   72,069;  140,392;43,73131
 334,71;   64,109;   50,666;   87,942;36,06405
 335,31;   85,289;   63,267;  119,859;38,91327
 335,90;   37,418;   32,362;   53,836;23,54214
 336,50;   44,479;   30,665;   77,207;29,68071
 337,10;   84,850;   38,769;  121,530;55,67937
 337,69;   67,279;   51,765;   93,707;36,98913
 338,29;   60,165;   30,467;  101,037;42,08334
 338,88;   46,245;   22,468;   99,854;30,72486
 339,48;   70,292;   57,862;  111,677;23,09772
 340,07;   70,086;   48,566;  107,321;36,62672
 340,67;   67,331;   31,171;  124,784;38,62778
 341,26;   68,409;   48,466;   98,942;39,51031
 341,86;   93,701;   61,469;  138,348;41,92481
 342,45;   76,075;   45,669;  142,689;31,33994
 343,05;   73,375;   27,269;  115,689;52,14439
 343,64;   70,312;   47,366;  122,480;30,54739
 344,24;   38,879;   28,765;   92,107;15,96732
 344,83;   76,053;   71,365;  121,747; 9,30589
 345,43;   56,137;   29,667;  114,240;31,29927
 346,02;   53,573;   41,469;  124,351;14,60383
 346,62;   85,806;   40,971;  140,424;45,08143
 347,21;   73,056;   42,165;  131,985;34,39146
 347,81;   67,436;   26,172;  140,560;36,07419
 348,40;   48,174;   29,064;  100,731;26,66515
 349,00;   68,323;   49,163;  137,712;21,63697
 349,59;  104,129;   65,870;  177,846;34,16701
 350,19;   66,506;   32,571;  139,424;31,75854
 350,78;   62,889;   55,467;  140,759; 8,70159
 351,38;   55,273;   15,869;  140,951;31,50246
 351,97;   56,237;   26,767;  136,040;26,96983
 352,57;   72,978;   42,570;  155,827;26,84850
 353,16;   51,702;   30,564;  134,328;20,37082
 353,76;   78,729;   38,770;  169,846;30,48526
 354,35;   65,801;   27,669;  160,148;28,78296
 354,95;   70,252;   43,970;  182,067;19,03170
 355,54;   70,396;   38,368;  163,973;25,49878
 356,14;   76,501;   40,069;  164,749;29,22013
 356,73;   55,192;   29,162;  145,176;22,43679
 357,32;   47,522;   13,769;  164,432;22,40291
 357,92;   64,662;   17,772;  181,419;28,65309
 358,51;   87,888;   43,372;  214,179;26,06192
 359,11;   83,936;   36,772;  212,360;26,86092
 359,70;   67,380;   28,470;  189,965;24,09354
 360,30;   84,490;   54,562;  188,039;22,42183
 360,89;   54,045;   31,168;  188,054;14,58170
 361,48;   89,752;   55,570;  216,467;21,24476
 362,08;   60,217;   19,867;  187,156;24,11948
 362,67;   64,171;   39,763;  192,693;15,96043
 363,27;  101,540;   60,767;  247,678;21,81402
 363,86;   88,281;   35,765;  215,745;29,17885
 364,46;  105,474;   44,664;  257,231;28,60750
 365,05;  119,052;   64,659;  254,989;28,57811
 365,64;  122,231;   50,960;  269,706;32,58173
 366,24;  122,698;   38,558;  309,432;31,06237
 366,83;  156,460;   43,255;  335,383;38,75182
 367,43;  163,962;   51,545;  352,843;37,31100
 368,02;  171,469;   34,646;  399,757;37,47445
 368,61;  212,735;   62,239;  475,425;36,42331
 369,21;  186,721;   32,419;  445,299;37,37198
 369,80;  239,987;   43,007;  526,947;40,70345
 370,39;  295,282;   62,006;  604,971;42,96342
 370,99;  284,029;   42,089;  615,416;42,19936
 371,58;  281,860;   22,974;  630,953;42,58147
 372,18;  328,174;   37,166;  701,603;43,79779
 372,77;  333,424;   42,449;  679,385;45,68347
 373,36;  358,886;   42,747;  690,836;48,78020
 373,96;  337,560;   35,135;  639,498;50,04020
 374,55;  319,499;   29,844;  621,406;48,96450
 375,14;  308,398;   42,849;  573,826;50,01143
 375,74;  313,984;   69,157;  543,276;51,63824
 376,33;  247,167;   45,964;  464,589;48,06285
 376,92;  229,154;   33,278;  447,997;47,23108
 377,52;  303,147;   86,103;  548,460;46,94286
 378,11;  258,293;   46,703;  457,203;51,54453
 378,71;  294,258;   73,011;  514,270;50,13994
 379,30;  282,660;   59,517;  553,928;45,13301
 379,89;  298,517;   59,813;  556,103;48,09764
 380,49;  300,113;   31,018;  568,185;50,09529
 381,08;  341,634;   70,306;  570,990;54,19134
 381,67;  331,418;   55,008;  555,483;55,22952
 382,26;  334,834;   41,706;  539,390;58,89829
 382,86;  321,996;   54,003;  516,041;58,00227
 383,45;  354,589;   50,412;  562,105;59,44507
 384,04;  330,637;   38,712;  553,886;56,66535
 384,64;  349,570;   49,014;  566,760;58,05097
 385,23;  351,185;   64,406;  560,509;57,80623
 385,82;  377,778;   59,615;  592,774;59,67503
 386,42;  424,892;   61,024;  659,022;60,84767
 387,01;  396,719;   55,414;  580,541;64,99484
 387,60;  406,471;   69,009;  590,140;64,75584
 388,20;  390,889;   37,712;  590,805;63,85477
 388,79;  451,090;   72,418;  665,563;63,84134
 389,38;  407,034;   32,106;  564,890;70,37135
 389,97;  444,527;   45,415;  640,955;67,01678
 390,57;  459,547;   71,114;  654,038;66,63527
 391,16;  477,047;   62,514;  655,838;69,86621
 391,75;  460,742;   52,713;  638,562;69,64748
 392,34;  514,377;   60,821;  696,694;71,32808
 392,94;  519,641;   44,718;  689,683;73,63556
 393,53;  501,980;   41,016;  666,612;73,68406
 394,12;  537,412;   53,023;  719,105;72,72215
 394,72;  534,768;   54,213;  706,122;73,71504
 395,31;  542,678;   42,115;  694,874;76,68419
 395,90;  577,817;   42,924;  732,881;77,52557
 396,49;  621,909;   58,028;  779,187;78,19088
 397,09;  588,185;   47,417;  749,188;77,05769
 397,68;  629,320;   44,025;  800,719;77,34893
 398,27;  651,978;   54,626;  809,652;79,11677
 398,86;  647,022;   43,125;  807,657;78,98911
 399,45;  681,347;   56,630;  844,037;79,33850
 400,05;  655,172;   23,820;  799,518;81,39148
 400,64;  690,293;   56,419;  831,001;81,83424
 401,23;  705,574;   53,920;  859,956;80,84681
 401,82;  729,274;   67,220;  868,256;82,64977
 402,42;  751,802;   62,921;  873,953;84,93884
 403,01;  787,120;   81,525;  912,919;84,86886
 403,60;  796,352;   68,532;  940,513;83,46743
 404,19;  809,168;   76,024;  931,900;85,66011
 404,78;  780,907;   57,522;  909,929;84,86382
 405,38;  833,080;   68,332;  984,210;83,49886
 405,97;  826,327;   63,226;  953,933;85,67363
 406,56;  855,786;   71,528; 1004,366;84,07224
 407,15;  881,891;   68,829;  989,442;88,31744
 407,74;  880,970;   80,730; 1026,758;84,58942
 408,34;  885,531;   50,933; 1018,629;86,24589
 408,93;  897,275;   59,531; 1016,234;87,56570
 409,52;  890,018;   51,435; 1041,359;84,71179
 410,11;  958,326;   84,931; 1090,453;86,85986
 410,70;  918,855;   54,727; 1027,230;88,85606
 411,29;  925,334;   58,628; 1030,847;89,14726
 411,89;  953,995;   60,535; 1093,938;86,45801
 412,48;  951,560;   48,228; 1051,606;90,02905
 413,07;  980,610;   65,033; 1101,446;88,34100
 413,66;  998,743;   78,135; 1102,119;89,90456
 414,25; 1021,628;   63,337; 1142,311;88,81496
 414,84; 1002,075;   69,431; 1102,434;90,28470
 415,44; 1023,519;   91,530; 1155,939;87,55925
 416,03; 1018,025;   76,637; 1161,173;86,80098
 416,62; 1043,132;   76,138; 1168,687;88,50809
 417,21; 1033,338;   75,334; 1158,843;88,41683
 417,80; 1028,753;   65,037; 1162,871;87,78343
 418,39; 1055,940;   78,440; 1179,201;88,80218
 418,98; 1015,336;   55,634; 1143,405;88,22647
 419,58; 1027,734;   64,033; 1142,067;89,39426
 420,17; 1003,167;   52,735; 1164,540;85,48542
 420,76; 1019,025;   72,537; 1192,873;84,48251
 421,35; 1029,020;   60,236; 1155,197;88,47657
 421,94; 1053,540;   88,340; 1223,501;85,02756
 422,53; 1015,291;   61,540; 1195,320;84,12135
 423,12; 1033,509;   64,039; 1190,766;86,04308
 423,71;  994,294;   60,835; 1162,138;84,75956
 424,30; 1016,948;   85,236; 1210,695;82,78510
 424,90;  972,456;   39,438; 1163,809;82,98132
 425,49; 1026,014;   70,140; 1216,242;83,40223
 426,08; 1014,714;   80,240; 1209,641;82,74066
 426,67;  981,746;   57,436; 1168,257;83,20962
 427,26; 1010,552;   60,343; 1230,391;81,21114
 427,85; 1010,481;   63,238; 1209,968;82,60385
 428,44; 1020,924;   68,442; 1218,093;82,84965
 429,03; 1042,122;   85,341; 1233,155;83,35673
 429,62; 1037,296;   78,941; 1240,296;82,52042
 430,21; 1064,831;   81,443; 1277,807;82,19807
 430,80; 1030,365;   70,445; 1235,381;82,40107
 431,39; 1057,783;   53,344; 1246,926;84,15329
 431,99; 1056,395;   78,535; 1206,838;86,66641
 432,58; 1077,309;   82,639; 1251,166;85,12175
 433,17; 1032,843;   69,735; 1238,319;82,41670
 433,76; 1094,023;   71,347; 1288,314;84,03485
 434,35; 1158,913;   88,245; 1292,462;88,90993
 434,94; 1155,856;   70,849; 1318,887;86,93703
 435,53; 1135,529;   78,643; 1278,669;88,07190
 436,12; 1146,357;   70,044; 1294,267;87,91808
 436,71; 1173,842;   87,740; 1303,239;89,35443
 437,30; 1191,145;   76,941; 1299,177;91,16110
 437,89; 1212,988;   76,245; 1320,802;91,33711
 438,48; 1205,727;   65,942; 1305,731;91,93373
 439,07; 1234,558;   95,238; 1347,147;91,00664
 439,66; 1263,751;   83,648; 1375,711;91,33480
 440,25; 1287,457;   85,844; 1390,567;92,09719
 440,84; 1313,084;   79,850; 1387,984;94,27427
 441,43; 1339,732;   78,054; 1440,985;92,57090
 442,02; 1329,887;   79,650; 1411,022;93,90586
 442,61; 1367,683;   93,344; 1397,226;97,73418
 443,20; 1381,159;   94,249; 1446,625;95,15916
 443,79; 1373,269;   74,546; 1412,957;97,03476
 444,38; 1399,728;   84,248; 1461,789;95,49477
 444,97; 1427,741;   84,146; 1466,359;97,20609
 445,56; 1436,118;  101,846; 1477,038;97,02446
 446,15; 1474,566;   81,651; 1522,539;96,67060
 446,74; 1444,308;   58,644; 1462,286;98,71923
 447,33; 1468,769;   82,646; 1538,357;95,21971
 447,92; 1494,815;   78,151; 1570,720;94,91447
 448,51; 1523,767;   89,746; 1586,019;95,83955
 449,10; 1544,490;   92,045; 1608,840;95,75749
 449,69; 1557,938;   73,950; 1627,741;95,50754
 450,28; 1579,426;   66,948; 1608,251;98,12977
 450,87; 1559,974;   78,647; 1656,333;93,89243
 451,46; 1612,279;   96,048; 1702,208;94,40097
 452,05; 1584,884;   70,950; 1715,384;92,06413
 452,64; 1618,912;   70,850; 1725,182;93,57628
 453,23; 1676,094;  113,752; 1794,936;92,93105
 453,82; 1659,589;   83,451; 1800,660;91,78486
 454,40; 1630,812;   65,450; 1786,682;90,94430
 454,99; 1669,076;  101,253; 1871,891;88,54566
 455,58; 1649,172;   69,747; 1832,095;89,62051
 456,17; 1699,322;   63,852; 1873,634;90,36836
 456,76; 1694,915;   67,751; 1918,820;87,90401
 457,35; 1732,128;   78,348; 1930,490;89,29016
 457,94; 1754,678;   66,954; 1978,929;88,27127
 458,53; 1741,464;   67,350; 2010,101;86,17232
 459,12; 1772,519;   82,657; 2111,116;83,30765
 459,71; 1783,777;   58,148; 2060,071;86,19858
 460,30; 1831,651;   84,448; 2087,511;87,22657
 460,89; 1836,115;   57,551; 2129,920;85,82275
 461,48; 1887,278;   75,954; 2173,829;86,34092
 462,06; 1914,535;   68,050; 2187,303;87,12905
 462,65; 1902,430;   48,249; 2176,527;87,12119
 463,24; 2004,488;   87,456; 2288,680;87,08935
 463,83; 1986,135;   54,450; 2229,803;88,79869
 464,42; 2079,156;   88,349; 2333,687;88,66402
 465,01; 2087,412;   73,050; 2336,482;88,99592
 465,60; 2150,487;   64,050; 2384,322;89,92206
 466,19; 2208,778;   73,354; 2462,829;89,36794
 466,77; 2227,366;   81,551; 2462,939;90,10775
 467,36; 2287,093;   69,457; 2459,256;92,79591
 467,95; 2308,192;   79,551; 2466,098;93,38346
 468,54; 2370,581;   71,954; 2513,866;94,13224
 469,13; 2389,268;   69,452; 2535,977;94,05202
 469,72; 2459,934;   67,555; 2582,723;95,11806
 470,31; 2498,186;   87,855; 2629,242;94,84310
 470,90; 2508,310;   76,750; 2652,044;94,41873
 471,48; 2538,244;   32,057; 2671,875;94,93787
 472,07; 2586,397;  125,747; 2686,454;96,09262
 472,66; 2588,199;   67,853; 2748,412;94,02315
 473,25; 2587,966;   68,351; 2723,339;94,90118
 473,84; 2646,358;   55,955; 2766,545;95,56601
 474,43; 2665,177;   55,459; 2843,049;93,61916
 475,01; 2700,206;   69,254; 2885,926;93,40641
 475,60; 2699,309;   49,755; 2882,364;93,53758
 476,19; 2743,798;   74,158; 2956,932;92,60662
 476,78; 2726,793;   71,057; 2964,456;91,78602
 477,37; 2700,509;   59,355; 2945,364;91,51578
 477,95; 2708,137;   75,656; 3018,661;89,44873
 478,54; 2718,576;   63,253; 3023,691;89,69358
 479,13; 2714,776;   56,253; 3070,291;88,20470
 479,72; 2712,629;   81,154; 3090,147;87,45368
 480,31; 2719,729;   63,459; 3167,468;85,57545
 480,89; 2690,406;   60,254; 3171,026;84,54982
 481,48; 2681,408;   46,260; 3214,084;83,18478
 482,07; 2636,081;   61,654; 3233,866;81,15556
 482,66; 2642,701;   52,853; 3253,650;80,91261
 483,25; 2710,808;   78,960; 3319,884;81,20671
 483,83; 2671,732;   59,954; 3325,385;79,98263
 484,42; 2661,678;   54,354; 3355,129;78,99128
 485,01; 2698,547;   65,958; 3400,413;78,95109
 485,60; 2720,799;   73,764; 3490,590;77,47059
 486,18; 2687,237;   66,956; 3490,761;76,53124
 486,77; 2726,294;   67,252; 3519,736;77,01822
 487,36; 2743,325;   58,464; 3561,750;76,63836
 487,95; 2787,336;   59,161; 3640,781;76,17153
 488,53; 2785,410;   54,461; 3642,522;76,11211
 489,12; 2764,997;   50,563; 3722,252;73,92874
 489,71; 2763,641;   38,062; 3680,357;74,83135
 490,30; 2865,459;   61,460; 3742,503;76,17403
 490,88; 2899,562;   87,561; 3859,141;74,55762
 491,47; 2907,522;   60,663; 3867,512;74,78257
 492,06; 2902,494;   62,563; 3920,615;73,61051
 492,65; 2936,613;   59,161; 3947,060;74,01045
 493,23; 2997,382;   54,860; 3982,825;74,91213
 493,82; 3000,450;   65,853; 4018,031;74,25266
 494,41; 3021,864;   51,361; 4066,179;73,98848
 494,99; 3035,058;   73,655; 4126,945;73,06171
 495,58; 3101,159;   86,060; 4224,403;72,85763
 496,17; 3084,588;   56,356; 4198,681;73,10466
 496,76; 3125,137;   65,356; 4276,761;72,65463
 497,34; 3125,570;   54,557; 4305,235;72,24760
 497,93; 3149,444;   66,057; 4350,675;71,96411
 498,52; 3140,980;   60,059; 4454,387;70,11131
 499,10; 3178,966;   75,862; 4533,217;69,61762
 499,69; 3140,431;   55,360; 4537,006;68,83790
 500,28; 3140,729;   37,959; 4592,068;68,13121
 500,86; 3163,189;   62,862; 4698,539;66,87972
 501,45; 3149,890;   53,462; 4730,438;66,20576
 502,04; 3172,741;   53,362; 4813,958;65,52497
 502,62; 3142,488;   70,956; 4856,181;64,18783
 503,21; 3155,139;   57,856; 4939,699;63,44496
 503,80; 3154,992;   69,662; 5015,577;62,38138
 504,38; 3150,382;   58,460; 5081,425;61,55572
 504,97; 3093,392;   49,962; 5122,776;59,99490
 505,56; 3136,152;   70,859; 5194,989;59,82074
 506,14; 3111,651;   64,064; 5263,709;58,61143
 506,73; 3016,679;   23,565; 5292,507;56,80674
 507,32; 3089,381;   62,865; 5376,045;56,96242
 507,90; 3052,308;   70,860; 5443,284;55,49539
 508,49; 3043,204;   58,865; 5500,366;54,84405
 509,08; 3033,674;   67,264; 5571,931;53,88900
 509,66; 3027,733;   69,960; 5677,644;52,74501
 510,25; 2997,787;   63,561; 5737,400;51,71500
 510,83; 3008,079;   45,165; 5855,607;50,99292
 511,42; 3041,070;   61,968; 5895,913;51,06497
 512,01; 3007,102;   59,164; 5980,328;49,78645
 512,59; 3027,292;   46,562; 6041,676;49,71932
 513,18; 3056,464;   59,961; 6114,379;49,49283
 513,77; 3016,467;   42,257; 6171,797;48,52257
 514,35; 3036,569;   37,763; 6190,255;48,74133
 514,94; 3087,266;   58,662; 6323,517;48,34277
 515,52; 3140,709;   48,166; 6358,342;49,00883
 516,11; 3184,153;   80,665; 6474,047;48,54220
 516,69; 3148,054;   41,959; 6446,727;48,49660
 517,28; 3240,272;   83,358; 6541,973;48,87912
 517,87; 3212,621;   45,558; 6604,054;48,28948
 518,45; 3241,424;   74,858; 6626,192;48,33467
 519,04; 3282,600;   54,258; 6707,970;48,51941
 519,62; 3332,094;   55,863; 6774,114;48,76614
 520,21; 3354,135;   24,466; 6828,002;48,94027
 520,79; 3416,268;   52,068; 7000,875;48,41407
 521,38; 3451,585;   52,960; 6995,363;48,95458
 521,97; 3544,545;   43,068; 7141,554;49,32709
 522,55; 3580,526;   67,759; 7195,230;49,28491
 523,14; 3585,452;   26,759; 7180,289;49,74737
 523,72; 3718,710;   77,561; 7383,422;49,83875
 524,31; 3733,879;   71,665; 7406,107;49,93173
 524,89; 3840,142;   48,468; 7526,815;50,70204
 525,48; 3907,312;   21,666; 7603,580;51,24887
 526,06; 3985,302;   56,264; 7633,128;51,85572
 526,65; 4120,555;   72,370; 7803,105;52,36481
 527,23; 4198,443;   46,262; 7840,596;53,27179
 527,82; 4350,240;   37,967; 7905,978;54,80766
 528,41; 4461,286;   67,366; 8041,021;55,10547
 528,99; 4581,504;   66,365; 8108,167;56,14587
 529,58; 4622,917;   42,562; 8168,736;56,36546
 530,16; 4756,964;   49,461; 8315,379;56,95076
 530,75; 4949,976;   73,964; 8417,069;58,44361
 531,33; 4989,812;   45,566; 8440,980;58,89221
 531,92; 5038,033;   48,560; 8567,344;58,57025
 532,50; 5194,152;   87,770; 8706,468;59,24772
 533,09; 5290,607;   65,665; 8807,204;59,77142
 533,67; 5372,375;   63,458; 8952,011;59,72757
 534,26; 5415,856;   65,760; 9007,665;59,83173
 534,84; 5464,613;   68,461; 9127,061;59,56938
 535,42; 5531,976;   61,564; 9205,969;59,82251
 536,01; 5612,294;   79,263; 9330,215;59,81040
 536,59; 5678,135;   43,366; 9482,202;59,69771
 537,18; 5742,531;   77,360; 9568,605;59,68838
 537,76; 5810,811;   56,972; 9764,700;59,27070
 538,35; 5879,819;   59,368; 9892,694;59,19107
 538,93; 5883,902;   72,664; 9941,828;58,88278
 539,52; 5998,254;   57,370;10111,405;59,08955
 540,10; 6038,250;   63,269;10309,029;58,31661
 540,69; 6146,048;   68,763;10444,071;58,57450
 541,27; 6176,066;   58,262;10514,917;58,50632
 541,85; 6304,284;   47,366;10658,783;58,96402
 542,44; 6301,208;   56,460;10765,484;58,31295
 543,02; 6439,350;   80,369;10952,729;58,48758
 543,61; 6488,114;   77,067;11102,218;58,14929
 544,19; 6508,558;   55,066;11264,023;57,57442
 544,78; 6610,860;   62,766;11296,562;58,28924
 545,36; 6723,398;   77,469;11521,011;58,07581
 545,94; 6734,776;   54,564;11563,069;58,04587
 546,53; 6782,859;   52,771;11724,882;57,65956
 547,11; 6873,396;   90,668;11879,873;57,53338
 547,70; 6884,131;   75,860;11954,706;57,31425
 548,28; 6924,404;   47,965;12093,066;57,08910
 548,86; 7043,204;   81,365;12327,767;56,84804
 549,45; 7110,745;   33,768;12364,953;57,39089
 550,03; 7189,365;   76,467;12507,537;57,21871
 550,62; 7287,909;   63,566;12662,842;57,33935
 551,20; 7313,414;   61,467;12808,418;56,89162
 551,78; 7347,025;   61,164;12952,850;56,51597
 552,37; 7530,076;   55,864;13112,469;57,24468
 552,95; 7577,453;   56,765;13214,547;57,15772
 553,54; 7658,979;   49,965;13393,207;57,02522
 554,12; 7679,991;   67,167;13498,797;56,67833
 554,70; 7808,696;   67,568;13736,973;56,63105
 555,29; 7834,156;   61,965;13856,285;56,34341
 555,87; 7907,803;   60,170;13987,786;56,34585
 556,45; 7937,341;   57,162;14154,058;55,90010
 557,04; 8043,363;   43,667;14376,600;55,81339
 557,62; 8151,563;   68,867;14525,499;55,90995
 558,20; 8241,485;   42,671;14799,940;55,55780
 558,79; 8335,368;  100,368;14905,875;55,62120
 559,37; 8317,714;   49,867;15000,418;55,30129
 559,95; 8448,547;   46,669;15169,691;55,55687
 560,54; 8488,771;   71,768;15324,613;55,18316
 561,12; 8580,561;   50,866;15485,562;55,26312
 561,70; 8714,373;   50,369;15679,551;55,43479
 562,29; 8728,319;   61,768;15810,994;55,02843
 562,87; 8777,645;   73,168;16023,953;54,57083
 563,45; 8886,845;   71,068;16194,754;54,67594
 564,04; 8870,743;   54,362;16227,195;54,51352
 564,62; 9022,121;   37,769;16438,332;54,78076
 565,20; 9069,790;   59,962;16715,838;54,09399
 565,78; 9194,630;   70,765;16797,326;54,54716
 566,37; 9230,283;   71,066;17011,283;54,06789
 566,95; 9309,649;   52,969;17124,330;54,22345
 567,53; 9391,440;   67,262;17308,857;54,07956
 568,12; 9404,004;   62,265;17367,766;53,98133
 568,70; 9551,728;   85,264;17565,889;54,15403
 569,28; 9610,173;   61,069;17745,252;53,99799
 569,86; 9686,589;   67,767;17910,758;53,90813
 570,45; 9828,976;   78,569;18124,689;54,03049
 571,03; 9821,615;   53,962;18259,898;53,65093
 571,61; 9957,605;   46,571;18424,824;53,92806
 572,19; 9980,820;   54,263;18395,773;54,12072
 572,78;10109,268;   70,668;18668,975;53,97588
 573,36;10211,477;   84,264;18797,668;54,11743
 573,94;10268,525;   44,064;18892,750;54,24496
 574,52;10261,828;   54,559;19030,768;53,78982
 575,11;10351,674;   37,264;19159,830;53,93842
 575,69;10409,111;   53,566;19268,680;53,89271
 576,27;10456,536;   47,161;19391,381;53,81130
 576,85;10581,477;   43,264;19549,668;54,02437
 577,44;10642,741;   30,262;19814,158;53,64201
 578,02;10657,880;   32,159;19753,887;53,87824
 578,60;10791,100;   50,464;20073,791;53,64061
 579,18;10858,297;   51,963;20160,752;53,73936
 579,76;10878,202;   40,264;20300,129;53,49462
 580,35;10973,427;   60,170;20436,707;53,55796
 580,93;11026,316;   59,667;20641,557;53,28300
 581,51;11088,853;   24,770;20697,168;53,52104
 582,09;11159,269;   58,663;20755,756;53,63365
 582,67;11208,714;   49,567;20971,318;53,33754
 583,26;11278,271;   28,568;21227,014;53,06852
 583,84;11360,950;   14,164;21413,709;53,02349
 584,42;11423,327;   48,064;21513,287;52,99392
 585,00;11537,912;   81,366;21772,180;52,81750
 585,58;11633,563;   25,167;21912,299;53,03754
 586,17;11588,811;   46,761;21948,521;52,69919
 586,75;11575,435;    6,666;22026,902;52,53699
 587,33;11771,140;   47,767;22191,678;52,94174
 587,91;11764,435;   74,866;22390,201;52,38357
 588,49;11791,841;   63,962;22349,758;52,62491
 589,07;11811,242;   45,468;22403,215;52,62505
 589,65;11766,537;   28,267;22444,439;52,36519
 590,24;11731,815;   42,562;22447,799;52,17197
 590,82;11805,013;   28,261;22484,160;52,44391
 591,40;11842,251;   41,464;22520,209;52,49753
 591,98;11796,154;   45,759;22558,227;52,19506
 592,56;11901,413;   61,161;22699,961;52,30071
 593,14;11900,654;   43,359;22728,928;52,26801
 593,72;11928,479;   29,765;22889,107;52,05186
 594,30;11851,680;   36,759;22797,486;51,90924
 594,89;11848,202;   41,364;22862,428;51,73658
 595,47;11892,811;   38,961;22922,623;51,80049
 596,05;11820,563;   30,267;23003,799;51,32122
 596,63;11809,263;   31,167;23056,199;51,15344
 597,21;11792,609;   36,766;23145,441;50,87199
 597,79;11757,837;   35,467;23166,039;50,67912
 598,37;11641,900;   36,669;23222,748;50,05258
 598,95;11529,535;   50,766;23305,301;49,36142
 599,53;11378,567;   46,757;23207,996;48,92575
 600,11;11286,753;   48,665;23341,947;48,24605
 600,70;10998,022;   57,363;23315,111;47,04092
 601,28;10899,751;   38,564;23424,809;46,44263
 601,86;10722,335;   61,766;23355,102;45,76661
 602,44;10464,413;   23,661;23449,660;44,56908
 603,02;10229,963;   38,656;23576,521;43,29750
 603,60;10091,598;   54,858;23663,232;42,51347
 604,18; 9917,146;   69,263;23594,734;41,86051
 604,76; 9748,669;   59,263;23642,154;41,08659
 605,34; 9556,433;   27,565;23530,764;40,54285
 605,92; 9528,538;   59,561;23453,719;40,47582
 606,50; 9518,415;   17,662;23498,998;40,46087
 607,08; 9597,812;   31,666;23394,881;40,94533
 607,66; 9748,709;   39,266;23561,643;41,27747
 608,24; 9840,389;   46,067;23522,059;41,72059
 608,82; 9997,974;   26,164;23532,031;42,42264
 609,40;10053,586;   46,466;23471,021;42,72064
 609,98;10117,402;   18,864;23505,928;42,99617
 610,56;10202,385;   43,861;23497,662;43,31291
 611,14;10267,256;   30,765;23481,086;43,65182
 611,72;10322,004;   42,665;23572,467;43,68647
 612,30;10337,644;   24,962;23468,496;43,98945
 612,88;10392,526;   60,659;23517,730;44,04585
 613,46;10327,115;   21,862;23505,697;43,88233
 614,04;10312,596;   30,068;23461,873;43,88278
 614,62;10330,636;   41,561;23489,982;43,87961
 615,20;10291,242;   52,768;23402,416;43,84852
 615,78;10273,149;   25,569;23463,430;43,72234
 616,36;10222,325;   41,364;23400,150;43,58515
 616,94;10144,109;    7,666;23272,242;43,57029
 617,52;10083,017;   24,067;23373,656;43,07977
 618,10;10140,603;   63,559;23336,107;43,30013
 618,68;10005,983;   17,966;23253,184;42,98655
 619,26; 9969,794;   39,268;23398,834;42,51160
 619,84; 9905,945;   18,963;23277,133;42,50972
 620,42; 9927,179;   31,165;23313,506;42,50438
 621,00; 9869,079;   28,865;23209,607;42,44995
 621,58; 9757,031;   38,760;23216,406;41,92950
 622,16; 9699,580;   49,270;23335,164;41,44273
 622,74; 9620,009;   47,066;23327,742;41,11969
 623,32; 9512,058;   42,166;23291,223;40,73237
 623,90; 9518,932;   66,971;23311,484;40,66319
 624,48; 9419,016;   32,662;23196,598;40,52141
 625,05; 9378,415;   34,562;23105,098;40,50124
 625,63; 9318,415;   52,962;23188,799;40,04806
 626,21; 9094,743;   38,262;23117,596;39,24065
 626,79; 9155,515;   53,967;23219,719;39,28881
 627,37; 9032,866;   28,162;23090,717;39,04470
 627,95; 9034,643;   72,768;23200,215;38,74995
 628,53; 8972,479;   49,365;23176,607;38,58270
 629,11; 8895,877;   48,259;23043,449;38,47595
 629,69; 8910,621;   53,369;23256,932;38,17195
 630,27; 8874,346;   80,763;23105,434;38,19200
 630,84; 8872,915;   43,862;23021,197;38,42505
 631,42; 8899,717;   54,367;23319,656;38,01951
 632,00; 8909,729;   45,459;23125,768;38,40620
 632,58; 8945,048;   50,263;23105,172;38,58087
 633,16; 9001,154;   49,870;23096,906;38,83920
 633,74; 9103,327;   56,264;23018,488;39,39977
 634,32; 9124,062;   45,661;23007,842;39,53632
 634,90; 9196,229;   51,970;23195,746;39,51066
 635,47; 9132,134;   38,860;23035,645;39,54150
 636,05; 9190,861;   37,461;22989,342;39,88083
 636,63; 9245,379;   45,965;23104,807;39,89539
 637,21; 9291,202;   67,464;23150,529;39,95890
 637,79; 9316,106;   71,465;23192,904;39,98298
 638,37; 9259,860;   54,055;23070,883;39,99598
 638,94; 9285,556;   33,265;23100,686;40,10978
 639,52; 9299,855;   41,665;23195,285;39,98593
 640,10; 9257,150;   64,264;23215,900;39,70729
 640,68; 9249,416;   54,164;23175,334;39,76984
 641,26; 9232,982;   35,864;23250,268;39,61816
 641,84; 9200,048;   39,164;23235,002;39,49365
 642,41; 9129,114;   28,264;23192,936;39,28763
 642,99; 9156,779;   48,464;23145,568;39,43488
 643,57; 9123,745;   22,064;23158,402;39,33933
 644,15; 9092,512;   27,064;23178,035;39,15796
 644,73; 9157,577;   37,564;23277,568;39,24273
 645,30; 9036,043;   55,264;23230,303;38,75195
 645,88; 9042,609;   44,964;23362,635;38,58724
 646,46; 9077,175;   59,264;23447,568;38,55735
 647,04; 9002,341;   51,864;23367,902;38,38764
 647,61; 9029,807;   46,564;23396,336;38,47251
 648,19; 9067,973;   61,664;23433,369;38,53509
 648,77; 9064,539;   26,264;23442,002;38,59915
 649,35; 9116,104;   51,064;23590,137;38,51061
 649,92; 9088,771;   42,464;23596,070;38,40731
 650,50; 9071,236;   30,064;23551,104;38,43866
 651,08; 9096,603;   39,964;23450,537;38,68610
 651,66; 9119,269;   21,864;23534,770;38,69111
 652,23; 9064,534;   39,064;23561,004;38,37043
 652,81; 9218,700;   36,464;23644,137;38,89513
 653,39; 9182,366;   56,164;23647,170;38,68509
 653,97; 9228,231;   37,065;23882,504;38,54476
 654,54; 9164,897;   23,565;23823,137;38,40965
 655,12; 9303,964;   30,965;23831,971;38,96053
 655,70; 9325,729;   42,065;23962,805;38,81011
 656,28; 9341,896;   32,765;23947,037;38,92709
 656,85; 9264,062;   44,065;24051,070;38,40544
 657,43; 9215,727;   -1,035;23831,305;38,67334
 658,01; 9343,293;   21,465;24078,539;38,74880
 658,58; 9481,559;   55,165;24234,371;38,98554
 659,16; 9443,324;   51,965;24154,105;38,96484
 659,74; 9475,490;   59,465;24338,039;38,78327
 660,32; 9525,057;   71,665;24327,672;38,97340
 660,89; 9514,723;   34,265;24347,305;38,99331
 661,47; 9524,588;   51,665;24464,939;38,80234
 662,05; 9557,154;   25,365;24587,373;38,80704
 662,62; 9712,120;   59,665;24584,006;39,35867
 663,20; 9728,686;   80,665;24740,139;39,12501
 663,78; 9855,552;   47,965;24902,773;39,45951
 664,35; 9918,018;   52,465;24921,006;39,67081
 664,93; 9969,483;   64,465;25123,539;39,52667
 665,51;10012,350;   49,565;25170,973;39,65854
 666,08;10083,415;   30,165;25185,707;39,96435
 666,66;10212,682;   47,465;25667,539;39,67676
 667,23;10277,047;   51,765;25732,773;39,81651
 667,81;10389,713;   65,865;25889,307;39,97859
 668,39;10478,679;   43,265;26047,141;40,13022
 668,96;10604,845;   54,665;26309,074;40,18441
 669,54;10623,011;   38,765;26408,408;40,13799
 670,12;10728,177;   51,165;26808,740;39,90276
 670,69;10865,843;   64,165;26950,674;40,17508
 671,27;10932,408;   25,565;27096,008;40,29060
 671,84;10902,175;   40,665;27105,240;40,13183
 672,42;11048,040;   66,265;27253,875;40,39257
 673,00;11074,806;   57,165;27531,408;40,10171
 673,57;11021,372;   59,965;27276,441;40,27489
 674,15;11104,338;   64,065;27613,475;40,07444
 674,72;11016,404;   58,565;27536,209;39,87911
 675,30;11068,370;   69,466;27513,541;40,07752
 675,88;11097,936;   36,266;27573,176;40,17034
 676,45;11129,502;   59,466;27677,309;40,08291
 677,03;11154,867;   67,866;27525,043;40,37925
 677,60;11170,434;   41,466;27770,576;40,13460
 678,18;11283,299;   59,466;27877,510;40,34731
 678,76;11255,365;   40,766;27809,143;40,38623
 679,33;11280,431;   57,666;27813,176;40,43437
 679,91;11233,197;   44,266;27813,311;40,29282
 680,48;11271,063;   28,766;27740,242;40,56910
 681,06;11324,028;   50,866;27735,176;40,72040
 681,63;11209,694;   37,566;27736,209;40,33457
 682,21;11368,261;   67,966;27797,543;40,75178
 682,78;11283,126;   20,566;27459,576;41,04580
 683,36;11324,893;   46,966;27565,510;40,98301
 683,93;11337,358;   30,466;27450,645;41,23566
 684,51;11419,224;   26,166;27477,277;41,50308
 685,08;11486,689;   38,966;27733,711;41,33536
 685,66;11493,556;   53,066;27694,045;41,38960
 686,24;11535,821;   33,766;27796,578;41,42972
 686,81;11591,188;   57,666;27899,910;41,42454
 687,39;11547,153;   38,866;27807,844;41,44296
 687,96;11642,220;   54,166;27850,479;41,68918
 688,54;11705,886;   30,866;27984,811;41,76520
 689,11;11747,852;   26,966;28043,545;41,83553
 689,69;11748,917;   29,666;28019,279;41,87000
 690,26;11847,383;   59,466;28289,313;41,75693
 690,84;11897,349;   50,066;28239,846;42,02687
 691,41;11916,515;   35,966;28403,879;41,88023
 691,98;12001,480;   31,466;28427,912;42,15321
 692,56;11972,646;   32,866;28437,445;42,03470
 693,13;12210,912;   64,866;28655,080;42,48323
 693,71;12142,878;   24,466;28657,912;42,32258
 694,28;12163,645;   41,966;28715,945;42,27414
 694,86;12209,010;   47,266;28928,879;42,10895
 695,43;12331,176;   61,366;29100,912;42,25207
 696,01;12460,542;   36,266;29145,547;42,68149
 696,58;12479,308;   42,167;29083,879;42,82510
 697,16;12620,174;   38,067;29126,414;43,25480
 697,73;12705,340;   63,467;29338,246;43,18350
 698,30;12691,405;   51,867;29223,980;43,32747
 698,88;12741,071;   40,467;29558,613;43,02643
 699,45;12831,837;   35,367;29765,848;43,04159
 700,03;12955,803;   56,067;29750,980;43,44089
 700,60;12960,269;   56,267;29850,613;43,31024
 701,18;13079,235;   61,867;29963,947;43,53332
 701,75;13299,501;   74,367;30094,682;44,05395
 702,32;13210,167;   50,367;29901,914;44,08415
 702,90;13340,633;   52,467;30254,148;43,99810
 703,47;13368,898;   51,367;30428,881;43,84010
 704,05;13466,265;   67,767;30546,715;43,95984
 704,62;13436,630;   39,867;30587,848;43,85482
 705,19;13589,296;   43,667;30586,982;44,34891
 705,77;13583,662;   29,967;30618,314;44,30999
 706,34;13692,328;   61,667;30627,049;44,59510
 706,91;13779,594;   46,367;30673,883;44,83951
 707,49;13895,560;   57,267;30976,316;44,75653
 708,06;13861,426;   66,367;31089,049;44,46765
 708,64;13869,292;   25,767;31093,582;44,55906
 709,21;13970,558;   58,167;31179,316;44,70397
 709,78;13941,123;   41,367;31281,150;44,49377
 710,36;14127,589;   61,667;31419,684;44,85590
 710,93;14227,755;   50,567;31562,416;44,99002
 711,50;14274,821;   44,467;31506,049;45,23089
 712,08;14442,287;   76,567;31925,383;45,10598
 712,65;14444,853;   73,667;31775,916;45,33175
 713,22;14497,519;   69,067;31900,250;45,32804
 713,80;14657,784;   84,167;31966,883;45,71009
 714,37;14663,351;   55,767;31827,018;45,97736
 714,94;14707,616;   53,967;31727,551;46,26458
 715,52;14753,782;   47,867;31732,984;46,41269
 716,09;14843,448;   65,467;31891,918;46,43302
 716,66;14829,214;   73,467;31935,051;46,31203
 717,23;14902,580;   66,867;31908,484;46,59221
 717,81;14962,446;   50,168;31812,018;46,95028
 718,38;14881,712;   47,468;31671,252;46,90850
 718,95;14978,277;   59,068;31618,984;47,27265
 719,53;15007,144;   56,568;31661,418;47,30469
 720,10;15023,209;   59,968;31481,252;47,62136
 720,67;15074,875;   35,768;31355,984;48,01725
 721,24;14968,741;   59,468;31256,020;47,79141
 721,82;14982,107;   49,968;31236,053;47,88078
 722,39;14968,073;   64,068;31235,885;47,81244
 722,96;15001,539;   64,968;31261,420;47,87907
 723,53;15034,904;   88,268;31151,953;48,11611
 724,11;15144,271;   61,568;31207,486;48,42594
 724,68;15082,736;   71,568;31242,020;48,15833
 725,25;15130,202;   72,768;31399,953;48,06507
 725,82;15259,668;   96,068;31564,387;48,18688
 726,40;15222,534;   62,668;31714,820;47,89521
 726,97;15245,400;   62,168;31875,354;47,72622
 727,54;15345,266;   46,968;31801,486;48,17676
 728,11;15343,032;   49,568;32045,820;47,79767
 728,69;15374,198;   39,568;31938,953;48,07187
 729,26;15535,363;   53,568;32105,088;48,30284
 729,83;15618,029;   53,268;32264,621;48,32073
 730,40;15682,296;   66,768;32291,754;48,45783
 730,97;15783,861;   44,268;32590,588;48,36059
 731,55;15891,728;   41,468;32755,820;48,45048
 732,12;15981,394;   86,268;32841,656;48,52675
 732,69;15974,259;   66,968;32889,988;48,46382
 733,26;16049,425;   55,168;32930,520;48,65121
 733,83;16219,891;   41,168;32979,055;49,11888
 734,41;16374,257;   65,468;32991,590;49,53146
 734,98;16381,223;   51,368;33155,621;49,32857
 735,55;16639,889;   43,168;33183,656;50,07989
 736,12;16741,354;   65,968;33377,289;50,05921
 736,69;16850,820;   76,968;33377,922;50,37049
 737,26;16892,486;   57,468;33552,254;50,26161
 737,84;17018,252;   70,768;33487,188;50,71604
 738,41;17033,617;   63,168;33492,422;50,76526
 738,98;17175,684;   63,569;33375,055;51,37001
 739,55;17213,750;   49,669;33377,789;51,50030
 740,12;17370,016;   62,969;33678,023;51,48600
 740,69;17330,982;   70,569;33575,656;51,51580
 741,26;17408,748;   56,269;33557,391;51,79671
 741,83;17388,313;   53,869;33719,523;51,48999
 742,41;17440,680;   56,169;33833,055;51,46866
 742,98;17470,445;   91,469;33874,590;51,44278
 743,55;17539,512;   53,569;33836,824;51,75920
 744,12;17393,377;   50,469;33859,855;51,29613
 744,69;17514,844;   59,569;33848,492;51,65975
 745,26;17412,408;   42,169;33677,723;51,64250
 745,83;17540,574;   58,769;33854,355;51,72807
 746,40;17421,240;   57,969;33844,789;51,39066
 746,97;17314,207;   44,769;33828,125;51,11818
 747,55;17355,473;   62,269;33966,957;51,00535
 748,12;17412,738;   57,869;33910,191;51,26641
 748,69;17229,904;   68,769;33877,625;50,75929
 749,26;17346,869;   65,069;33958,559;50,98855
 749,83;17326,137;   42,569;33911,992;51,03000
 750,40;17374,303;   89,669;34158,824;50,73397
 750,97;17457,867;   96,269;34144,160;50,99170
 751,54;17501,734;   40,569;33980,793;51,44682
 752,11;17454,500;   52,969;33874,727;51,45070
 752,68;17449,666;   87,869;33912,859;51,32831
 753,25;17476,230;   60,269;33774,594;51,65745
 753,82;17587,396;   65,069;33810,527;51,92499
 754,39;17760,963;   75,169;33727,160;52,55497
 754,96;17653,430;   60,069;33616,395;52,42934
 755,53;17754,096;   29,469;33796,527;52,49088
 756,10;17760,660;   64,169;33720,961;52,57926
 756,67;17855,227;   73,369;33813,395;52,70256
 757,24;17835,992;   72,769;33740,426;52,76050
 757,81;17787,359;   16,469;33677,762;52,79325
 758,38;17852,523;   54,569;33822,695;52,70637
 758,95;17987,391;   79,469;33743,426;53,19613
 759,52;17861,057;   57,469;33615,859;53,05257
 760,09;17868,223;   68,570;33306,992;53,55144
 760,66;17818,889;   59,570;33309,727;53,41123
 761,23;17813,354;   91,070;33353,961;53,27945
 761,80;17832,119;   56,270;33295,793;53,47805
 762,37;17762,586;   68,970;33167,727;53,45704
 762,94;17848,652;   70,970;33187,461;53,68227
 763,51;17709,918;   36,070;32949,793;53,69751
 764,08;17658,982;   66,270;32998,527;53,42091
 764,65;17654,049;   69,570;32798,961;53,72687
 765,22;17633,314;   54,670;32804,496;53,67554
 765,79;17576,480;   77,370;32691,928;53,65429
 766,36;17585,348;   73,170;32743,063;53,60341
 766,93;17503,014;   68,970;32551,295;53,67240
 767,50;17603,779;   89,470;32828,328;53,49701
 768,07;17570,744;   63,870;32699,262;53,64383
 768,64;17587,611;   86,470;32572,596;53,87266
 769,21;17368,576;   57,970;32359,729;53,59029
 769,78;17402,941;   78,770;32244,963;53,85832
 770,34;17263,209;   45,570;32031,195;53,82930
 770,91;17226,475;   58,470;31921,430;53,88076
 771,48;17254,240;   62,370;31836,863;54,10588
 772,05;17130,006;   66,470;31610,697;54,09400
 772,62;17079,072;   42,670;31443,029;54,25544
 773,19;17126,938;   59,370;31579,764;54,14770
 773,76;17176,203;   71,070;31506,297;54,41390
 774,33;17038,469;   74,170;31447,330;54,07265
 774,90;16896,535;   52,870;31206,064;54,06722
 775,47;16969,801;   59,970;30957,498;54,72875
 776,03;16958,967;   73,470;30984,330;54,62642
 776,60;16969,033;   55,970;30757,863;55,08801
 777,17;16952,898;   65,470;30698,098;55,12889
 777,74;16772,766;   30,870;30522,031;54,90737
 778,31;16808,730;   68,970;30582,064;54,86091
 778,88;16622,797;   30,470;30366,898;54,69440
 779,45;16520,262;   75,770;30358,131;54,30386
 780,01;16539,729;   58,370;30299,664;54,49951
 780,58;16425,295;   60,570;30177,998;54,33640
 781,15;16466,359;   38,771;29979,432;54,86715
 781,72;16433,826;   66,771;29962,266;54,74757
 782,29;16247,892;   51,771;29667,100;54,68830
 782,86;16119,958;   55,571;29617,732;54,34104
 783,42;16059,724;   56,171;29598,166;54,17221
 783,99;16067,989;   66,671;29482,100;54,39771
 784,56;15940,955;   55,171;29320,232;54,28242
 785,13;15790,621;   40,271;29247,266;53,92664
 785,70;15728,387;   49,071;29060,299;54,04568
 786,26;15687,553;   51,671;28910,732;54,18015
 786,83;15632,219;   84,371;28889,166;53,97660
 787,40;15728,285;   57,171;28783,500;54,55314
 787,97;15637,150;   43,971;28581,133;54,64166
 788,54;15505,717;   70,371;28515,268;54,26403
 789,10;15404,982;   57,971;28344,400;54,25574
 789,67;15505,849;   70,371;28245,334;54,78438
 790,24;15464,814;   51,071;28193,768;54,76996
 790,81;15352,380;   88,271;27914,400;54,85531
 791,37;15261,446;   73,671;27872,135;54,63530
 791,94;15333,313;   70,771;27886,367;54,87045
 792,51;15236,678;   46,271;27539,201;55,25205
 793,08;15233,644;   69,771;27555,234;55,17052
 793,64;15136,109;   71,271;27455,168;55,01349
 794,21;15104,775;   69,671;27250,602;55,31490
 794,78;15033,941;   53,071;27147,035;55,29228
 795,35;14933,407;   73,471;27007,969;55,17064
 795,91;14979,573;   48,071;26789,301;55,83701
 796,48;14896,039;   55,771;26710,734;55,67544
 797,05;14842,005;   57,671;26624,369;55,64987
 797,62;14779,171;   41,971;26600,701;55,48910
 798,18;14708,137;   57,471;26410,736;55,59336
 798,75;14678,803;   56,571;26279,770;55,76067
 799,32;14626,068;   60,771;26209,102;55,70259
 799,88;14538,034;   55,971;26051,535;55,70975
 800,45;14480,200;   33,971;25945,270;55,75262
 801,02;14451,566;   65,271;25880,104;55,72880
 801,58;14442,232;   90,872;25660,436;56,12673
 802,15;14313,298;   72,872;25615,270;55,75211
 802,72;14126,164;   66,172;25404,703;55,48858
 803,28;14107,130;   49,172;25288,938;55,69766
 803,85;14012,195;   41,972;25144,871;55,65183
 804,42;13923,162;   77,772;24948,004;55,67053
 804,98;13913,628;  100,672;24935,537;55,61921
 805,55;13768,794;   56,972;24702,371;55,63644
 806,12;13762,859;   83,572;24611,004;55,77138
 806,68;13567,226;   66,472;24493,738;55,26920
 807,25;13549,691;   74,972;24436,271;55,31199
 807,82;13512,757;   86,872;24407,805;55,20300
 808,38;13466,123;   73,672;24367,037;55,12802
 808,95;13448,289;   62,972;24166,971;55,53152
 809,52;13379,255;   50,272;24162,004;55,28007
 810,08;13448,121;   55,172;23994,938;55,94436
 810,65;13441,887;   77,172;24169,672;55,47251
 811,21;13517,252;   69,972;24123,404;55,90587
 811,78;13538,019;   92,472;24337,539;55,45683
 812,35;13471,884;   64,972;24173,871;55,60981
 812,91;13544,450;   90,072;24239,705;55,71256
 813,48;13510,616;   68,172;24202,738;55,69789
 814,04;13373,582;   64,172;24088,373;55,40001
 814,61;13295,748;   77,572;24176,006;54,85077
 815,18;13196,914;   67,772;23892,539;55,10712
 815,74;13194,680;   69,772;23709,172;55,52132
 816,31;13198,146;   83,372;23614,406;55,73394
 816,87;13014,111;   43,272;23489,641;55,32131
 817,44;12988,677;   76,972;23452,273;55,23653
 818,00;12813,443;   43,272;23159,506;55,24330
 818,57;12714,209;   71,872;23076,340;54,95601
 819,14;12608,575;   82,872;22924,273;54,83772
 819,70;12492,541;   72,672;22792,707;54,66483
 820,27;12448,807;   62,972;22691,941;54,73442
 820,83;12338,272;   70,072;22541,373;54,59497
 821,40;12241,839;   98,072;22431,908;54,37385
 821,96;12157,204;   75,272;22315,541;54,32458
 822,53;12165,971;   70,973;22257,574;54,51488
 823,09;12058,636;   81,073;22073,309;54,46269
 823,66;11895,902;   68,173;21862,541;54,26966
 824,22;11813,068;   77,173;21851,674;53,89743
 824,79;11726,634;   75,473;21561,408;54,22692
 825,35;11743,300;   65,173;21648,041;54,10832
 825,92;11683,565;   75,173;21398,875;54,43892
 826,48;11700,531;   87,673;21501,309;54,23114
 827,05;11612,798;   89,573;21448,242;53,95104
 827,61;11497,063;   75,273;21249,076;53,94303
 828,18;11509,329;   60,873;21191,209;54,18019
 828,74;11533,495;   91,673;21053,543;54,58398
 829,31;11474,161;   83,373;21002,176;54,45239
 829,87;11476,627;   73,073;20733,709;55,19459
 830,44;11480,793;   85,173;20631,443;55,46320
 831,00;11412,259;   91,273;20673,977;55,00242
 831,57;11412,324;  101,573;20631,609;55,09367
 832,13;11236,190;   72,073;20323,344;55,12798
 832,69;11273,356;   58,173;20309,477;55,38006
 833,26;11216,723;   85,473;20322,711;55,00380
 833,82;11110,588;   93,073;20197,744;54,80077
 834,39;11078,354;   78,773;20137,477;54,83695
 834,95;10982,720;   57,173;19959,410;54,89607
 835,52;10955,886;   87,873;19851,744;54,98929
 836,08;10906,252;   95,573;19951,877;54,44457
 836,64;10905,718;   76,273;19800,711;54,90369
 837,21;10820,884;   88,673;19552,443;55,13942
 837,77;10772,749;   91,873;19491,777;55,05633
 838,34;10681,715;   67,473;19470,012;54,70543
 838,90;10661,381;   64,473;19306,045;55,07298
 839,46;10617,047;   83,873;19312,479;54,77867
 840,03;10628,913;   76,173;19300,811;54,89175
 840,59;10493,079;   85,873;19175,645;54,51718
 841,16;10559,645;  105,173;19156,578;54,87507
 841,72;10429,911;   59,373;18965,512;54,85275
 842,28;10416,776;   77,873;18857,246;55,05457
 842,85;10410,042;   95,573;18812,578;55,10747
 843,41;10433,908;  105,374;18740,813;55,42416
 843,97;10303,574;   89,174;18686,846;54,92301
 844,54;10372,340;  104,774;18624,979;55,43981
 845,10;10344,906;   89,174;18523,713;55,63325
 845,67;10309,872;   68,774;18413,445;55,82601
 846,23;10180,938;   78,674;18361,080;55,25675
 846,79;10169,004;   90,474;18265,613;55,45229
 847,36;10080,869;   55,774;18179,047;55,31614
 847,92;10192,636;   84,874;18034,680;56,31126
 848,48;10141,701;   41,874;18039,213;56,11845
 849,04;10146,867;   62,374;17949,447;56,37867
 849,61;10138,333;   56,274;17918,580;56,44321
 850,17;10211,899;   68,174;17819,514;57,14344
 850,73; 9981,065;   71,474;17764,848;56,00736
 851,30; 9985,431;   46,074;17669,881;56,39733
 851,86; 9911,097;   75,874;17597,914;56,13058
 852,42; 9934,663;   51,174;17568,348;56,42171
 852,99; 9879,429;   79,274;17583,082;55,98870
 853,55; 9806,994;   83,174;17542,514;55,69409
 854,11; 9688,061;   70,074;17432,049;55,39685
 854,67; 9673,626;   85,474;17420,881;55,30964
 855,24; 9650,792;   51,874;17213,414;55,93273
 855,80; 9595,658;   76,874;17244,848;55,44501
 856,36; 9614,924;   80,574;17175,881;55,77174
 856,92; 9476,090;   54,474;17027,215;55,51028
 857,49; 9458,655;   81,274;17048,248;55,26844
 858,05; 9393,021;   67,274;16968,482;55,17799
 858,61; 9399,588;   65,774;17003,316;55,10725
 859,17; 9349,354;   77,374;16904,250;55,10220
 859,74; 9327,720;   82,074;16836,883;55,18204
 860,30; 9353,885;   93,074;16663,016;55,88922
 860,86; 9272,151;   72,074;16692,350;55,35454
 861,42; 9153,917;   74,674;16545,883;55,12190
 861,99; 9134,482;   54,674;16506,717;55,18955
 862,55; 9103,049;   66,374;16393,051;55,34914
 863,11; 9125,915;   75,174;16437,283;55,31525
 863,67; 9109,681;   61,274;16290,117;55,75509
 864,23; 9125,446;   80,175;16199,351;56,11498
 864,80; 9037,712;   69,175;16081,384;56,01062
 865,36; 9023,178;   71,875;16120,817;55,77503
 865,92; 8927,145;   96,175;16088,751;55,21918
 866,48; 8964,710;   67,375;15987,384;55,88775
 867,04; 8852,376;   60,675;15891,418;55,53562
 867,60; 8872,642;   99,375;15884,451;55,57950
 868,17; 8763,508;   93,675;15884,685;54,90360
 868,73; 8756,474;   82,775;15672,618;55,63686
 869,29; 8703,340;   59,475;15470,151;56,09011
 869,85; 8668,505;  100,475;15369,685;56,11312
 870,41; 8617,472;   80,575;15293,418;56,11638
 870,97; 8568,537;   92,975;15232,252;55,98393
 871,54; 8464,403;   84,175;15178,686;55,51838
 872,10; 8360,669;   84,275;15055,419;55,28231
 872,66; 8272,935;   66,775;14910,652;55,28313
 873,22; 8238,501;   81,975;14890,586;55,07962
 873,78; 8088,367;   65,275;14742,419;54,66385
 874,34; 8090,232;   95,075;14662,652;54,88323
 874,90; 8025,732;  109,775;14536,053;54,87179
 875,46; 8029,232;   96,375;14412,952;55,41029
 876,03; 7929,033;   86,475;14363,353;54,93188
 876,59; 7862,033;   64,475;14153,253;55,34588
 877,15; 7892,632;  101,475;14166,853;55,39245
 877,71; 7812,333;   78,275;14064,652;55,29707
 878,27; 7755,732;   95,675;13910,553;55,44788
 878,83; 7756,433;  114,275;13971,753;55,14826
 879,39; 7703,033;   91,075;14082,753;54,40347
 879,95; 7685,732;   86,275;13964,253;54,75911
 880,51; 7693,033;   75,175;13927,253;54,99433
 881,07; 7768,533;   82,375;13978,753;55,31051
 881,63; 7810,933;   92,575;13971,253;55,61306
 882,19; 7725,833;   82,675;13921,553;55,22961
 882,75; 7826,632;   86,275;14019,553;55,55303
 883,31; 7875,433;   95,575;14187,853;55,20653
 883,88; 7824,732;   96,375;14174,353;54,89679
 884,44; 7861,433;   76,175;14175,753;55,21625
 885,00; 7974,632;  106,075;14266,952;55,56547
 885,56; 7974,533;  101,675;14299,452;55,45134
 886,12; 8019,132;  109,875;14421,152;55,26591
 886,68; 7914,533;   90,775;14436,753;54,53625
 887,24; 8072,933;  102,475;14574,952;55,07321
 887,80; 8016,433;   86,975;14671,753;54,36804
 888,36; 8047,833;  106,275;14715,652;54,35932
 888,92; 8057,732;   98,975;14773,353;54,23574
 889,48; 8149,232;   99,575;14973,853;54,11797
 890,04; 8129,132;   95,275;14803,053;54,62319
 890,60; 8209,332;  117,475;15014,652;54,31806
 891,16; 8247,832;   99,875;15075,853;54,40685
 891,72; 8248,332;  113,275;15058,452;54,43266
 892,28; 8188,232;  112,475;15126,053;53,78969
 892,84; 8220,633;   93,775;15039,853;54,37452
 893,39; 8207,133;  117,575;15112,952;53,94701
 893,95; 8154,033;  112,975;15044,753;53,85198
 894,51; 8083,232;   66,375;14891,253;54,07706
 895,07; 8151,533;  127,375;14906,353;54,29440
 895,63; 7951,132;   74,275;14689,952;53,89321
 896,19; 7921,933;   90,375;14601,952;53,96765
 896,75; 7886,632;  105,175;14460,152;54,20738
 897,31; 7830,232;   82,775;14295,853;54,50936
 897,87; 7761,433;   98,175;14146,853;54,54789
 898,43; 7715,333;   87,775;14075,753;54,52938
 898,99; 7659,533;  109,175;14002,753;54,34423
 899,55; 7606,632;  109,475;13940,652;54,20477
 900,11; 7514,933;  104,975;13747,553;54,31494
 900,67; 7406,533;   91,375;13658,652;53,91765
 901,22; 7415,433;  108,375;13601,952;54,15212
 901,78; 7315,033;   91,275;13560,053;53,63336
 902,34; 7246,732;  103,075;13451,152;53,51825
 902,90; 7184,632;   73,575;13350,652;53,55891
 903,46; 7108,833;   95,775;13236,353;53,36948
 904,02; 7081,833;   88,075;13091,553;53,78375
 904,58; 6968,933;   67,075;12918,152;53,70645
 905,14; 6880,833;   63,975;12874,553;53,21273
 905,70; 6815,833;   66,775;12696,053;53,43977
 906,25; 6810,833;   84,375;12708,452;53,28277
 906,81; 6757,833;   87,675;12732,152;52,75155
 907,37; 6731,033;   79,275;12616,152;53,05753
 907,93; 6720,933;   74,775;12588,152;53,11242
 908,49; 6605,933;  101,875;12497,652;52,46995
 909,05; 6598,933;   89,675;12425,553;52,76688
 909,60; 6530,132;   86,575;12340,452;52,58383
 910,16; 6439,132;   67,675;12291,853;52,12177
 910,72; 6424,933;  100,475;12207,753;52,23683
 911,28; 6338,333;   90,875;12156,053;51,78090
 911,84; 6354,632;   79,575;12106,753;52,17398
 912,39; 6319,433;   73,475;12049,353;52,15449
 912,95; 6299,632;  104,475;12001,452;52,07337
 913,51; 6251,632;   85,375;11945,253;51,99259
 914,07; 6179,732;   83,775;11813,452;51,97038
 914,63; 6164,033;   64,775;11748,053;52,20502
 915,18; 6064,632;   77,475;11617,853;51,88008
 915,74; 6065,033;   63,975;11632,652;51,87333
 916,30; 6000,533;   61,475;11588,553;51,52267
 916,86; 5953,132;   83,575;11514,652;51,34737
 917,42; 5944,632;   82,275;11425,152;51,68316
 917,97; 5857,232;   75,375;11265,452;51,66950
 918,53; 5844,132;   67,775;11196,253;51,90609
 919,09; 5776,833;   88,975;11223,753;51,08191
 919,65; 5730,632;   83,375;11083,452;51,33834
 920,20; 5606,132;   61,875;10983,053;50,76611
 920,76; 5526,533;   65,475;10849,452;50,64048
 921,32; 5517,333;   82,675;10770,952;50,84690
 921,87; 5431,033;   97,475;10670,253;50,44613
 922,43; 5388,433;   64,675;10561,353;50,71850
 922,99; 5326,232;   61,875;10406,753;50,88854
 923,55; 5211,632;   63,775;10357,353;50,01038
 924,10; 5140,933;   73,575;10282,853;49,63483
 924,66; 5107,132;   78,675;10170,152;49,82875
 925,22; 4946,732;   43,275;10093,952;48,78733
 925,77; 4916,033;   66,075; 9927,053;49,18334
 926,33; 4834,333;   90,375; 9903,253;48,34420
 926,89; 4780,232;   71,975; 9692,753;48,93843
 927,44; 4711,833;   52,175; 9580,553;48,90295
 928,00; 4626,533;   66,875; 9533,753;48,16432
 928,56; 4609,933;   80,375; 9372,253;48,74749
 929,12; 4540,732;   72,775; 9275,152;48,55221
 929,67; 4415,833;   67,575; 9091,053;48,18827
 930,23; 4379,132;   50,975; 8915,253;48,82696
 930,78; 4366,433;  100,675; 8842,553;48,79681
 931,34; 4194,033;   61,975; 8632,152;48,21438
 931,90; 4120,033;   61,675; 8494,353;48,12656
 932,45; 4026,833;   78,775; 8290,753;48,07682
 933,01; 3903,333;   52,975; 8024,453;48,30168
 933,57; 3775,933;   72,175; 7753,252;48,21925
 934,12; 3632,333;   70,475; 7399,553;48,59899
 934,68; 3421,933;   59,075; 7020,252;48,30875
 935,24; 3240,133;   67,875; 6614,752;48,45451
 935,79; 3058,232;   72,975; 6254,853;48,29047
 936,35; 2819,732;   91,375; 5812,252;47,69124
 936,90; 2610,532;   80,275; 5348,752;48,02635
 937,46; 2390,133;   72,775; 4956,953;47,44622
 938,02; 2233,532;   63,375; 4549,152;48,37863
 938,57; 2055,433;   73,175; 4265,053;47,28806
 939,13; 1919,532;   70,575; 3986,752;47,21332
 939,68; 1769,432;   57,375; 3713,452;46,82771
 940,24; 1698,032;   68,775; 3504,052;47,42724
 940,79; 1618,532;   91,875; 3391,052;46,27388
 941,35; 1543,132;   79,675; 3217,552;46,63845
 941,91; 1499,333;   71,375; 3122,252;46,80481
 942,46; 1444,233;   75,075; 3063,552;45,81455
 943,02; 1412,333;   65,375; 3050,752;45,11850
 943,57; 1363,032;   61,275; 2982,452;44,56277
 944,13; 1393,932;   67,375; 2974,452;45,63200
 944,68; 1381,833;   65,975; 3041,752;44,21895
 945,24; 1401,932;   82,275; 3060,052;44,31686
 945,79; 1414,532;   68,775; 3104,052;44,33721
 946,35; 1406,532;   51,775; 3194,752;43,10427
 946,90; 1454,233;   98,575; 3283,552;42,56412
 947,46; 1486,432;   52,175; 3311,052;44,01078
 948,01; 1482,532;   51,575; 3390,052;42,86258
 948,57; 1551,432;   86,775; 3552,952;42,25570
 949,12; 1549,833;   65,875; 3613,353;41,83134
 949,68; 1604,333;   76,275; 3732,653;41,79157
 950,23; 1639,833;   70,075; 3833,252;41,71362
 950,79; 1639,333;   75,775; 3933,452;40,53106
 951,34; 1697,233;   83,275; 4070,952;40,47362
 951,90; 1718,733;   57,475; 4140,853;40,68342
 952,45; 1749,432;   81,075; 4292,152;39,61831
 953,01; 1765,632;   65,975; 4364,252;39,54276
 953,56; 1828,532;   87,975; 4500,853;39,44269
 954,12; 1833,333;   42,075; 4567,553;39,58162
 954,67; 1878,932;   70,875; 4720,453;38,88649
 955,23; 1872,233;   61,975; 4804,553;38,17033
 955,78; 1882,532;   67,175; 4882,953;37,69604
 956,33; 1882,932;   58,575; 4947,252;37,31802
 956,89; 1902,333;   53,475; 5038,553;37,08784
 957,44; 1921,333;   53,675; 5170,752;36,49852
 958,00; 1914,632;   49,475; 5238,353;35,94530
 958,55; 1936,333;   70,475; 5313,953;35,58435
 959,10; 1925,532;   52,375; 5370,252;35,22378
 959,66; 1931,132;   74,275; 5488,752;34,29431
 960,21; 1952,032;   78,475; 5567,453;34,13309
 960,77; 1917,032;   54,275; 5606,152;33,55185
 961,32; 1946,632;   48,375; 5663,453;33,80643
 961,87; 1942,432;   79,775; 5738,752;32,91509
 962,43; 1927,833;   68,975; 5780,652;32,54486
 962,98; 1935,333;   76,175; 5828,652;32,31925
 963,54; 1904,733;   27,075; 5820,652;32,40929
 964,09; 1889,333;   56,275; 5873,953;31,50841
 964,64; 1922,333;   64,975; 5901,053;31,82544
 965,20; 1878,632;   44,375; 5966,652;30,97216
 965,75; 1879,032;   66,575; 5976,353;30,66879
 966,30; 1860,532;   75,275; 6068,553;29,78766
 966,86; 1862,532;   62,975; 6121,953;29,70068
 967,41; 1859,333;   81,075; 6084,453;29,62095
 967,96; 1830,432;   75,175; 6108,953;29,09052
 968,52; 1822,632;   81,775; 6126,353;28,80032
 969,07; 1805,132;   72,975; 6120,152;28,64407
 969,62; 1816,833;   77,175; 6134,953;28,71775
 970,18; 1786,532;   57,575; 6147,652;28,38975
 970,73; 1759,032;   66,475; 6203,553;27,57921
 971,28; 1768,233;   95,775; 6197,053;27,41160
 971,84; 1707,333;   55,075; 6118,752;27,24844
 972,39; 1721,333;   95,875; 6148,652;26,85474
 972,94; 1671,733;   54,975; 6140,652;26,56660
 973,49; 1667,132;   64,575; 6141,252;26,37226
 974,05; 1636,632;   64,375; 6178,053;25,71705
 974,60; 1622,432;   88,575; 6213,252;25,04389
 975,15; 1605,733;   77,675; 6231,553;24,83081
 975,71; 1552,733;   62,375; 6121,453;24,59710
 976,26; 1542,932;   77,575; 6110,252;24,29033
 976,81; 1532,833;   90,675; 6134,152;23,86304
 977,36; 1484,932;   84,775; 6156,953;23,05857
 977,92; 1486,932;   90,175; 6209,353;22,82590
 978,47; 1443,432;   77,175; 6060,252;22,83536
 979,02; 1446,932;   95,475; 6085,652;22,56123
 979,57; 1386,932;   86,775; 6058,453;21,77206
 980,13; 1362,932;   76,175; 6038,752;21,58056
 980,68; 1365,132;   77,075; 6010,553;21,70831
 981,23; 1347,833;   89,175; 6054,652;21,09902
 981,78; 1326,233;   82,075; 5974,152;21,11577
 982,33; 1298,532;   79,275; 5893,252;20,97114
 982,89; 1291,132;   94,375; 5938,152;20,47918
 983,44; 1251,233;   65,675; 5935,853;20,19628
 983,99; 1281,432;  104,775; 5949,453;20,13212
 984,54; 1219,333;   81,475; 5900,053;19,55560
 985,09; 1208,733;   87,275; 5873,752;19,38066
 985,65; 1189,233;   69,375; 5811,853;19,50130
 986,20; 1185,132;  106,575; 5791,152;18,97340
 986,75; 1166,932;   95,875; 5823,953;18,69838
 987,30; 1135,632;   97,175; 5726,053;18,44875
 987,85; 1117,932;   92,475; 5721,353;18,21780
 988,40; 1103,333;   96,675; 5693,953;17,98477
 988,96; 1082,733;  114,875; 5666,553;17,43360
 989,51; 1078,432;  108,875; 5644,053;17,51628
 990,06; 1057,233;  128,275; 5680,853;16,73020
 990,61; 1013,833;   93,575; 5569,053;16,80689
 991,16; 1007,032;  104,375; 5558,053;16,55135
 991,71;  974,232;   79,875; 5505,853;16,48288
 992,26;  961,333;   93,475; 5457,252;16,17997
 992,81;  942,432;   75,075; 5427,053;16,20630
 993,37;  946,932;  113,475; 5390,553;15,79392
 993,92;  907,932;  108,375; 5368,953;15,19904
 994,47;  906,232;  117,475; 5329,652;15,13297
 995,02;  887,532;  118,475; 5313,252;14,80444
 995,57;  869,032;   90,875; 5274,652;15,01140
 996,12;  868,532;  133,575; 5247,553;14,37154
 996,67;  861,833;  132,375; 5191,652;14,41822
 997,22;  832,333;   99,875; 5128,652;14,56532
 997,77;  831,032;  115,275; 5110,553;14,32868
 998,32;  805,232;  103,775; 5015,652;14,28084
 998,87;  806,032;  114,275; 5018,752;14,10461
 999,42;  788,032;  101,675; 4972,553;14,09104
 999,97;  752,833;  109,975; 4956,353;13,26470
1000,53;  781,032;  123,475; 4993,752;13,50144
1001,08;  720,532;   98,375; 4879,053;13,01400
1001,63;  757,133;  144,475; 4878,053;12,94280
1002,18;  689,932;   85,075; 4777,453;12,89021
1002,73;  727,333;  131,375; 4813,853;12,72740
1003,28;  703,032;  103,575; 4811,953;12,73172
1003,83;  692,032;  119,075; 4691,752;12,53002
1004,38;  706,333;  137,775; 4703,152;12,45368
1004,93;  657,633;  114,375; 4680,953;11,89638
1005,48;  657,133;  104,075; 4573,053;12,37548
1006,03;  648,633;  112,775; 4525,652;12,14304
1006,58;  623,032;  111,475; 4486,553;11,69253
1007,13;  591,432;   94,475; 4466,252;11,36740
1007,68;  605,932;  104,975; 4462,453;11,49650
1008,23;  619,133;  114,575; 4425,853;11,70320
1008,78;  600,532;  107,375; 4384,152;11,53105
1009,33;  599,333;  121,875; 4307,752;11,40639
1009,88;  548,532;   84,775; 4329,553;10,92537
1010,43;  559,432;  118,875; 4320,752;10,48478
1010,98;  557,333;  100,675; 4310,053;10,84858
1011,52;  535,232;   97,075; 4264,953;10,51272
1012,07;  576,232;  144,475; 4319,252;10,34205
1012,62;  524,032;  103,875; 4259,152;10,11142
1013,17;  525,532;   97,175; 4172,053;10,51216
1013,72;  502,332;   94,575; 4143,453;10,07088
1014,27;  492,133;  100,275; 4105,853; 9,78280
1014,82;  482,832;   86,875; 4042,952;10,00884
1015,37;  464,133;   84,375; 3964,853; 9,78636
1015,92;  478,133;  109,475; 3894,252; 9,74053
1016,47;  455,432;   90,275; 3819,452; 9,79190
1017,02;  425,432;   81,075; 3732,153; 9,43167
1017,57;  460,932;   96,475; 3718,853;10,06128
1018,11;  424,533;   77,275; 3656,252; 9,70270
1018,66;  448,432;  120,175; 3636,552; 9,33510
1019,21;  432,533;  109,675; 3579,552; 9,30458
1019,76;  394,133;   77,675; 3497,353; 9,25402
1020,31;  380,533;   71,975; 3446,452; 9,14386
1020,86;  411,932;   96,175; 3448,052; 9,42032
1021,41;  377,633;   80,175; 3387,052; 8,99512
1021,96;  378,233;   83,675; 3385,853; 8,92010
1022,50;  406,733;  105,975; 3332,952; 9,32010
1023,05;  369,633;   94,675; 3288,052; 8,61024
1023,60;  373,733;   97,975; 3251,353; 8,74483
1024,15;  350,633;   81,075; 3184,853; 8,68482
1024,70;  366,533;   95,075; 3176,252; 8,81019
1025,25;  342,733;   81,175; 3127,452; 8,58614
1025,79;  362,733;  101,175; 3110,752; 8,69084
1026,34;  355,533;   83,475; 3044,653; 9,18748
1026,89;  358,932;  102,175; 3039,052; 8,74253
1027,44;  335,233;   95,875; 2952,952; 8,37770
1027,99;  338,832;   93,475; 2944,552; 8,60578
1028,53;  329,432;   89,675; 2900,052; 8,53115
1029,08;  342,932;  114,775; 2876,653; 8,26096
1029,63;  328,633;  114,875; 2854,952; 7,80115
1030,18;  312,533;   92,075; 2788,552; 8,17576
1030,73;  289,832;   91,175; 2739,552; 7,50110
1031,27;  289,033;   85,875; 2715,252; 7,72645
1031,82;  290,233;   81,875; 2686,452; 7,99967
1032,37;  299,533;   98,875; 2688,853; 7,74746
1032,92;  306,432;  100,575; 2675,452; 7,99485
1033,46;  289,332;   99,775; 2599,252; 7,58388
1034,01;  273,733;   78,375; 2582,952; 7,80002
1034,56;  289,432;   98,875; 2559,252; 7,74505
1035,11;  277,233;   92,375; 2523,552; 7,60362
1035,65;  279,932;   87,575; 2478,052; 8,04682
1036,20;  276,733;   99,375; 2454,452; 7,53086
1036,75;  294,133;  118,675; 2446,353; 7,53788
1037,29;  265,633;   90,275; 2398,252; 7,59789
1037,84;  247,732;   78,375; 2347,252; 7,46437
1038,39;  271,432;   91,075; 2329,952; 8,05571
1038,94;  239,833;   73,075; 2277,153; 7,56586
1039,48;  254,932;   83,575; 2278,552; 7,80680
1040,03;  266,733;  102,875; 2245,252; 7,64840
1040,58;  247,932;  101,175; 2194,552; 7,01056
1041,12;  258,932;   91,375; 2191,653; 7,97787
1041,67;  254,232;  101,075; 2166,752; 7,41440
1042,22;  259,733;  118,475; 2145,252; 6,96956
1042,76;  243,732;   99,275; 2118,452; 7,15427
1043,31;  252,833;   90,675; 2060,653; 8,23144
1043,86;  252,333;   98,875; 2044,252; 7,88832
1044,40;  247,333;   92,975; 2018,052; 8,01825
1044,95;  239,033;   94,175; 1988,552; 7,64671
1045,50;  216,932;   75,375; 1934,353; 7,61480
1046,04;  246,033;  114,375; 1930,453; 7,24955
1046,59;  221,432;   96,175; 1878,353; 7,02834
1047,13;  249,732;  121,075; 1879,453; 7,31683
1047,68;  242,633;  115,675; 1860,052; 7,27810
1048,23;  230,932;  118,775; 1866,752; 6,41642
1048,77;  213,533;   90,175; 1784,953; 7,27868
1049,32;  217,732;  104,175; 1785,953; 6,75223
1049,86;  217,033;   92,675; 1760,552; 7,45603
1050,41;  198,533;   82,475; 1735,552; 7,02069
1050,96;  210,633;  100,875; 1698,652; 6,86939
1051,50;  222,833;  101,675; 1663,252; 7,75866
1052,05;  211,133;   94,675; 1664,052; 7,42062
1052,59;  198,133;   82,975; 1624,152; 7,47205
1053,14;  192,232;   84,475; 1582,652; 7,19257
1053,69;  194,932;   98,475; 1571,453; 6,54847
1054,23;  200,432;  104,575; 1569,052; 6,54551
1054,78;  199,232;  100,775; 1550,152; 6,79309
1055,32;  207,633;  123,075; 1550,453; 5,92398
1055,87;  177,232;   68,875; 1491,752; 7,61538
1056,41;  183,432;   78,775; 1469,552; 7,52511
1056,96;  189,432;   96,775; 1451,052; 6,84184
1057,50;  223,633;  113,375; 1470,853; 8,12223
1058,05;  154,333;   82,075; 1401,953; 5,47456
1058,59;  187,833;   95,875; 1396,552; 7,06997
1059,14;  198,432;  103,575; 1370,453; 7,48750
1059,68;  166,232;   75,975; 1329,353; 7,20114
1060,23;  208,932;  126,875; 1383,752; 6,52868
1060,77;  203,432;   97,375; 1317,052; 8,69554
1061,32;  196,732;  108,575; 1320,652; 7,27326
1061,86;  196,732;  111,175; 1289,752; 7,25939
1062,41;  197,033;   93,975; 1242,953; 8,96950
1062,95;  174,333;  109,575; 1230,853; 5,77533
1063,50;  190,232;  111,075; 1230,052; 7,07409
1064,04;  174,432;   90,475; 1197,453; 7,58439
1064,59;  187,932;  114,775; 1210,052; 6,67936
1065,13;  170,833;  103,475; 1170,552; 6,31233
1065,68;  175,633;  107,275; 1161,353; 6,48505
1066,22;  191,533;  115,875; 1166,453; 7,20152
1066,76;  190,633;  130,175; 1145,252; 5,95595
1067,31;  168,732;   99,875; 1110,552; 6,81300
1067,85;  170,232;  100,975; 1090,252; 7,00082
1068,40;  177,033;  110,275; 1095,353; 6,77688
1068,94;  170,033;   99,175; 1079,353; 7,22905
1069,49;  157,033;   98,175; 1041,652; 6,23836
1070,03;  169,932;  111,175; 1034,353; 6,36470
1070,57;  160,232;   88,775; 1012,852; 7,73285
1071,12;  138,833;   75,875;  987,153; 6,90871
1071,66;  203,333;  131,775; 1039,953; 7,87924
1072,21;  182,333;  112,475; 1011,352; 7,77164
1072,75;  166,232;  104,475;  978,552; 7,06545
1073,29;  144,732;   77,075;  942,453; 7,81826
1073,84;  159,232;   95,975;  941,153; 7,48452
1074,38;  151,432;   93,875;  928,253; 6,89826
1074,92;  172,432;  107,275;  940,153; 7,82318
1075,47;  174,732;  112,775;  938,852; 7,50020
1076,01;  180,432;  121,775;  926,253; 7,29138
1076,56;  158,833;   97,275;  891,953; 7,74622
1077,10;  140,833;   86,075;  865,253; 7,02760
1077,64;  154,033;   97,875;  884,453; 7,13947
1078,19;  171,633;  123,175;  887,753; 6,33781
1078,73;  167,232;   98,775;  853,852; 9,06629
1079,27;  185,732;  121,075;  875,552; 8,56984
1079,81;  176,333;  121,375;  860,953; 7,43093
1080,36;  165,232;  105,975;  836,052; 8,11660
1080,90;  148,133;   96,375;  819,753; 7,15498
1081,44;  141,633;   82,475;  789,552; 8,36648
1081,99;  125,533;   70,375;  771,753; 7,86417
1082,53;  160,432;  113,075;  798,653; 6,90768
1083,07;  155,232;  104,175;  791,453; 7,42895
1083,62;  160,033;  101,275;  772,552; 8,75309
1084,16;  145,333;   98,975;  782,453; 6,78259
1084,70;  165,033;  107,475;  767,153; 8,72510
1085,24;  159,833;  108,775;  750,653; 7,95440
1085,79;  152,333;  109,175;  747,552; 6,76050
1086,33;  144,432;   99,075;  711,453; 7,40679
1086,87;  143,333;  102,075;  714,852; 6,73287
1087,41;  139,932;   84,475;  686,852; 9,20644
1087,96;  178,432;  124,575;  732,552; 8,85847
1088,50;  143,633;  112,075;  696,953; 5,39558
1089,04;  175,333;  121,775;  715,153; 9,02587
1089,58;  129,432;   82,375;  655,953; 8,20421
1090,13;  146,432;  102,975;  653,153; 7,89881
1090,67;  153,432;  101,775;  678,753; 8,95312
1091,21;  146,533;   92,075;  651,852; 9,72842
1091,75;  156,333;  106,875;  647,153; 9,15409
1092,29;  156,432;  105,875;  642,552; 9,42046
1092,84;  149,432;  105,975;  628,352; 8,31917
1093,38;  177,932;  128,175;  662,753; 9,30782
1093,92;  158,133;  113,475;  640,052; 8,48071
1094,46;  149,732;  128,175;  638,852; 4,22135
1095,00;  143,033;   93,975;  602,052; 9,65552
1095,54;  128,732;   89,975;  591,352; 7,73020
1096,09;  147,333;  114,975;  597,352; 6,70792
1096,63;  164,432;  117,175;  598,453; 9,81918
1097,17;  126,632;  102,575;  573,052; 5,11342
1097,71;  164,232;  122,875;  582,453; 8,99903
1098,25;  127,832;  103,275;  553,653; 5,45265
1098,79;  153,333;  104,775;  568,753;10,46549
1099,33;  147,633;  111,975;  572,052; 7,75033
1099,88;  150,432;  110,775;  562,253; 8,78394
1100,42;  118,132;   83,275;  521,253; 7,95874

